 -0.304847728263 -0.347499523566 0.236998534464  -0.208552631579 0.454382148332 -0.178718190386  0.00773399014778 0.017380952381 0.0
 -0.3053643163 -0.347502225315 0.23700309214  -0.20787593985 0.454187595802 -0.180320452403  0.0116748768473 0.0233333333333 0.0
 -0.306556760264 -0.347513294804 0.237023047456  -0.207379699248 0.453570333687 -0.181856738926  0.0166995073892 0.0215476190476 0.0
 -0.307632186097 -0.347531177353 0.237073881779  -0.204639849624 0.452224796604 -0.183145146089  0.0271330049261 0.0127976190476 0.0
 -0.309247012259 -0.347557732068 0.237168598887  -0.200482255639 0.449958513147 -0.183927709708  0.0429270935961 0.00968452380952 0.0
 -0.312739519108 -0.347605795108 0.237314637419  -0.196965984962 0.446893035609 -0.186045777568  0.0566491625616 0.0140255952381 0.0
 -0.316397515984 -0.34766521795 0.237473397478  -0.195342694737 0.443450224207 -0.184182010368  0.0621024729064 0.00721827380952 0.0
 -0.320282467866 -0.347754111481 0.237626823557  -0.195009553083 0.439202065364 -0.180336853629  0.072921782266 0.00942501785714 0.0
 -0.323250257855 -0.347863464424 0.23778409377  -0.194972883489 0.434270362542 -0.174331443478  0.087585269064 0.00903013511905 0.0
 -0.323685389045 -0.347963858233 0.237950013981  -0.195015068824 0.428640932702 -0.164591041826  0.0968415204828 -0.00442049744048 0.0
 -0.321412547766 -0.34803959846 0.238125206908  -0.192158298784 0.42220668261 -0.155447677511  0.106649979272 -0.0129546381726 0.0
 -0.318116445892 -0.348098903098 0.238300009981  -0.187782694469 0.415012721106 -0.148820911645  0.11597020302 -0.00992107911726 0.0
 -0.313913335473 -0.348139813374 0.23846371044  -0.184032620511 0.407353153983 -0.142291318124  0.123373182718 -0.0143337331103 0.0
 -0.308155223946 -0.348139462017 0.23859303759  -0.180244020114 0.399451407739 -0.134906672645  0.129543253608 -0.0159241693231 0.0
 -0.301275515511 -0.348098589681 0.238705828418  -0.175932024118 0.391078192446 -0.127223733939  0.13903720411 -0.0185460381051 0.0
 -0.292561231074 -0.348003271803 0.238814028005  -0.170472280353 0.3818443857 -0.119366582034  0.148074370398 -0.0220961961993 0.0
 -0.281624199367 -0.34784129724 0.238910659343  -0.163979563596 0.371983434926 -0.110975635424  0.155222598383 -0.0288627670556 0.0
 -0.268883601083 -0.347604409298 0.238986128498  -0.15697070498 0.362012010429 -0.102104273578  0.163626446919 -0.0290002998738 0.0
 -0.255301022156 -0.347287344329 0.239044244694  -0.149459724708 0.351440039429 -0.0941200479165  0.171189910602 -0.0303145556007 0.0
 -0.241123841084 -0.346872427381 0.239083694439  -0.141233677049 0.340392427421 -0.0867457434076  0.178489638753 -0.0326878619454 0.0
 -0.227023551274 -0.346353681316 0.239111974766  -0.132815196562 0.328816514475 -0.0786008580395  0.186044615765 -0.0336333614652 0.0
 -0.213129592005 -0.34571539177 0.239119342076  -0.124185932545 0.316812294934 -0.0688199428293  0.191366262563 -0.0332938348425 0.0
 -0.199941802379 -0.344949930745 0.239095971155  -0.11589327914 0.304546405613 -0.0591688627782  0.195170523006 -0.0317977846915 0.0
 -0.187595329089 -0.344041615865 0.2390169936  -0.107903575286 0.292062700083 -0.049163380836  0.196623914055 -0.0292608633652 0.0
 -0.176439877823 -0.342979592164 0.238869155014  -0.100336901968 0.279984304146 -0.0406297006223  0.195961522649 -0.0269776341716 0.0
 -0.166496553657 -0.341754247241 0.238645010274  -0.093489301997 0.267356879509 -0.0292736108617  0.196350592059 -0.0225417755163 0.0
 -0.157029410749 -0.34035504255 0.238367075055  -0.0870257101432 0.254429881571 -0.0152831018019  0.20211947374 -0.0185495027266 0.0
 -0.147498731842 -0.338769212891 0.238067247404  -0.0810581015349 0.241015133008 0.000418629678959  0.209281910603 -0.0161469334063 0.0
 -0.137546473713 -0.336987266228 0.237761110952  -0.0754992838626 0.226913796574 0.0207707346658  0.222132044665 -0.0116036686371 0.0
 -0.127245109371 -0.335010814552 0.237457329866  -0.070985069762 0.212577740581 0.0424806546017  0.232711943647 -0.00513377796388 0.0
 -0.116063794118 -0.332833281941 0.237157400505  -0.0669974650415 0.197682600646 0.0658838615261  0.243711685243 -0.00526325731035 0.0
 -0.103379160571 -0.330443314129 0.236852052247  -0.0622056132742 0.182254807508 0.0876065027062  0.253118841842 -0.00657026491265 0.0
 -0.0898430184202 -0.327846920697 0.236528992334  -0.057441818864 0.166135387363 0.109041893906  0.261585282781 -0.00536561937376 0.0
 -0.0751491223267 -0.32505046207 0.236165539099  -0.0523273362258 0.149576264379 0.131161267192  0.268219857951 -0.00904334315067 0.0
 -0.05781540574 -0.322069557947 0.235741465623  -0.0456190386934 0.132603722248 0.153236469408  0.273698364767 -0.0147342469308 0.0
 -0.0377206122624 -0.318912452813 0.235244259602  -0.0384913453504 0.115306267132 0.17527191766  0.279121631738 -0.017475107952 0.0
 -0.0139410826302 -0.315544045528 0.234655288325  -0.0295952183341 0.0971445238049 0.197083085932  0.284987793688 -0.027084740014 0.0
 0.0131458044843 -0.311930520498 0.233970324575  -0.0185435912376 0.0779808909033 0.214733872532  0.28878950693 -0.0404953136316 0.0
 0.042055587419 -0.308040965653 0.233187407015  -0.00634148775291 0.0580511546015 0.22977132411  0.300092822247 -0.0406600679828 0.0
 0.0722738842826 -0.303843344035 0.23228741996  0.00558025500734 0.0381629711069 0.242456774168  0.307310141007 -0.0431892992797 0.0
 0.103787219911 -0.299306605499 0.231248947703  0.0171368911607 0.0182473342957 0.251234659428  0.316268782079 -0.043084655066 0.0
 0.135420977789 -0.294409353985 0.230036227146  0.0285153073078 -0.0019406228103 0.259417508283  0.319898061506 -0.0406095228928 0.0
 0.166303967166 -0.289125681532 0.228629106171  0.0393573855996 -0.0224444145559 0.262823542563  0.319223526292 -0.0431438086987 0.0
 0.194560157444 -0.283434294936 0.22701573941  0.050280669596 -0.043320890445 0.265040717053  0.321572109623 -0.0418532373527 0.0
 0.22126107296 -0.277304223717 0.225214336237  0.0593221515086 -0.0646389016245 0.262229388043  0.329597164671 -0.0430726755222 0.0
 0.250577853461 -0.270688467933 0.223209603877  0.0668203874856 -0.0872563108371 0.259699191935  0.336327103376 -0.101313027018 0.0
 0.280219743648 -0.263636410406 0.220923243752  0.072440980316 -0.109775639074 0.257422015437  0.340906215699 -0.0989674386015 0.0
 0.303167552246 -0.25617328893 0.218299050928  0.0785145514573 -0.132566321836 0.255372556589  0.345520027626 -0.0754278375985 0.0
 0.319269716952 -0.248260454094 0.215334282776  0.0834168557101 -0.15610234382 0.253528043625  0.351642901711 -0.0566231490768 0.0
 0.329833492997 -0.239846531067 0.212014559829  0.0816259220188 -0.179967230297 0.251867981958  0.352227380013 -0.0587465484548 0.0
 0.333288910537 -0.230927677341 0.208315650251  0.0800140816966 -0.204080930566 0.250373926458  0.356201686346 -0.0416099888474 0.0
 0.328331988922 -0.221484804634 0.204225331872  0.0785634254066 -0.228082517972 0.249029276508  0.362241616234 -0.00594898996267 0.0
 0.315587540764 -0.211493424686 0.199758414827  0.0772578347457 -0.252513801607 0.247819091553  0.365214498946 0.0285268614146 0.0
 0.297855671907 -0.200924731312 0.194919869055  0.0760828031508 -0.276123227955 0.246729925093  0.365427039199 0.0440789371779 0.0
 0.276737504155 -0.189768160074 0.189661950652  0.0750252747154 -0.29916984868 0.241225641349  0.360692217052 0.0628377101267 0.0
 0.2526918383 -0.178049732048 0.183882894708  0.0740734991236 -0.321179346538 0.243906093237  0.345593438697 0.0880539391141 0.0
 0.223568738613 -0.165774159683 0.177538144787  0.0732169010909 -0.342296702534 0.246318499936  0.333974981527 0.10479616425 0.0
 0.19172095312 -0.152916018721 0.170620673036  0.0724459628615 -0.362628817447 0.248489665965  0.305784379926 0.107959404968 0.0
 0.160132113933 -0.139503152778 0.162991069063  0.0717521184551 -0.380644735373 0.250443715391  0.252334020751 0.1000920359 0.0
 0.128796220697 -0.125571837848 0.15453505685  0.0711276584893 -0.395178835117 0.252202359874  0.191913426558 0.089439975167 0.0
 0.0998320133752 -0.111104587593 0.145286143133  0.07056564452 -0.406596985092 0.25378513991  0.135564448434 0.0619959776503 0.0
 0.0756421990855 -0.0960973514003 0.135278575934  0.0700598319477 -0.414739137779 0.263880706974  0.0804168705855 0.0432487608377 0.0
 0.0565279152311 -0.0805592472446 0.12459341137  0.0696046006327 -0.420133340969 0.267782928454  0.0391584347585 0.0168524561825 0.0
 0.0430411684417 -0.0644567813186 0.11326477355  0.0691948924491 -0.422753717519 0.271294927786  0.00153323167672 -0.00809469419768 0.0
 0.0353516459437 -0.0477961398261 0.101288490569  0.0688261550839 -0.422400112068 0.274455727184  -0.0402112244959 -0.0424518914446 0.0
 0.0325558222804 -0.0306048236025 0.0887153383557  0.0684942914552 -0.419947684873 0.277300446643  -0.0763034025389 -0.063849559443 0.0
 0.0316361440104 -0.0129159199816 0.0755988240411  0.0614286968961 -0.415105197956 0.279860694156  -0.103860254403 -0.0640598415939 0.0
 0.0315634213466 0.00526888123705 0.0619897309356  0.0587162783343 -0.408624568504 0.282164916918  -0.129646642756 -0.0785348098155 0.0
 0.0303935070526 0.0239337975839 0.0479289646251  0.0592074324558 -0.400964387328 0.284238717403  -0.145957840549 -0.0701337097863 0.0
 0.0281357489315 0.0430491774896 0.0333998964877  0.0638975914659 -0.392219027478 0.28610513784  -0.181820184573 -0.0887631959505 0.0
 0.0258559407827 0.062588370394 0.0183973047777  0.0774044488606 -0.380651705558 0.287784916233  -0.207199742471 -0.097196400165 0.0
 0.0238654067662 0.0825074687011 0.00297967561779  0.0933200190122 -0.367641186576 0.289296716787  -0.224622625366 -0.10954818872 0.0
 0.021458056203 0.102763371169 -0.0128024349091  0.109335761472 -0.353673731048 0.290657337285  -0.24079583081 -0.105188607943 0.0
 0.0171819369163 0.1232988832 -0.0289316024588  0.123749929686 -0.338780181785 0.291881895734  -0.254859104872 -0.0988840328631 0.0
 0.00976600690911 0.144043637047 -0.0454249020025  0.140369297619 -0.322811431381 0.292983998338  -0.262589943153 -0.0694003914816 0.0
 -0.00249942693514 0.164919256451 -0.0622532023826  0.157544773872 -0.305762984859 0.293975890681  -0.270040308444 -0.0404841618572 0.0
 -0.0176967421472 0.185891709259 -0.0793906789017  0.172250822801 -0.28769564758 0.29486859379  -0.281179134742 -0.0132690790049 0.0
 -0.0330167404348 0.206932813045 -0.0968662859956  0.185523860822 -0.268687726497 0.295672026589  -0.302534127672 -0.0209183615806 0.0
 -0.0462039791218 0.227991862669 -0.114700145075  0.199386888273 -0.247630591625 0.296395116107  -0.326679729683 -0.0432789063749 0.0
 -0.0553039685796 0.248996297354 -0.132886145925  0.218404966363 -0.224941403469 0.297045896673  -0.352351658193 -0.0753081585945 0.0
 -0.062276382025 0.269803142873 -0.151368284219  0.237588905817 -0.201514413222 0.297631599183  -0.368559842127 -0.0767535332113 0.0
 -0.0682272300575 0.290327459175 -0.170142381667  0.256057458844 -0.177217057503 0.298158731442  -0.389058537717 -0.0804353227473 0.0
 -0.0734523542069 0.31048871387 -0.189157075251  0.273468630253 -0.151983089048 0.298633150475  -0.401103422862 -0.0647013142821 0.0
 -0.0795911432088 0.330228371054 -0.208376060973  0.285830413844 -0.125800049569 0.299060127605  -0.392731996832 -0.0267311828539 0.0
 -0.0864212125595 0.349527265468 -0.227817516453  0.293459778475 -0.100419490432 0.299444407021  -0.390616432617 -0.0068437788542 0.0
 -0.0922510086381 0.368357792952 -0.247497063104  0.297995379575 -0.0756196708546 0.299790258497  -0.39117547901 0.0110548847455 0.0
 -0.0959284509259 0.386679709368 -0.267436558166  0.300047345377 -0.0506468442007 0.300101524824  -0.388230344902 0.0212113010329 0.0
 -0.0982704819204 0.404440582788 -0.287605414663  0.298360280012 -0.0255595798962 0.300381664519  -0.381638837506 0.02678064712 0.0
 -0.0996611211608 0.421623647112 -0.307995310748  0.295413349755 -0.000463650205126 0.300633790244  -0.386543919272 0.032983534789 0.0
 -0.0991758314362 0.438200782138 -0.328651355629  0.289753593727 0.0252767957021 0.300860703397  -0.382091497788 0.0480899432149 0.0
 -0.0968754033164 0.454128037189 -0.349529208327  0.283268835858 0.0506717078074 0.301064925234  -0.374636042591 0.0593047584172 0.0
 -0.0924995556087 0.469411270797 -0.370680408887  0.276003982347 0.0751425042475 0.301248724888  -0.3743300738 0.0622552349564 0.0
 -0.0873335789978 0.484000632273 -0.392184733815  0.259578396143 0.0998722698586 0.301414144577  -0.374054701888 0.0732439971751 0.0
 -0.0809752343609 0.49782382279 -0.4139551796  0.240208902393 0.12362652383 0.301563022296  -0.359521152881 0.10337197841 0.0
 -0.0696620536558 0.510880404533 -0.435965818447  0.216610944485 0.146219831829 0.301697012244  -0.348904012963 0.129296685331 0.0
 -0.0451916482296 0.523238593386 -0.458245416499  0.193831428984 0.168281199666 0.301817603196  -0.347722971272 0.110962254893 0.0
 -0.00990832199773 0.534870071914 -0.480794751761  0.173555428942 0.189745910734 0.301926135054  -0.341733925377 0.117080315118 0.0
 0.0335706053725 0.545770137836 -0.503633944035  0.153615299582 0.210608779865 0.302023813726  -0.332895508208 0.124967521701 0.0
 0.0833302043968 0.555953276711 -0.526749763552  0.135030085413 0.230865140412 0.30211172453  -0.321492656895 0.124923150484 0.0
 0.139472480477 0.565471208789 -0.55008108574  0.127927452812 0.250280866673 0.302190844255  -0.301377873964 0.0891689306734 0.0
