 0.217187126897 0.31336724085 0.118910897965  -0.530038314176 0.547620513452 0.128812636166  0.091509009009 -0.143571428571 0.0
 0.217108793805 0.313361646026 0.118924773448  -0.522605363985 0.546740134212 0.124782135076  0.0942117117117 -0.132857142857 0.0
 0.216860753619 0.313338991017 0.118977887531  -0.512850574713 0.545313673582 0.119302832244  0.0993468468468 -0.120833333333 0.0
 0.216365511032 0.313286279101 0.119087697075  -0.501925670498 0.543174105769 0.113173202614  0.105995495495 -0.10525 0.0
 0.215592799771 0.313195149829 0.119281928775  -0.49224651341 0.540300394016 0.107983333333  0.115357657658 -0.0876535714286 0.0
 0.214614321489 0.313060840082 0.119613255925  -0.484531440613 0.536599727267 0.104619640523  0.129414234234 -0.0753882142857 0.0
 0.213554538904 0.312880566678 0.120136411461  -0.476821591571 0.531662281167 0.102136979303  0.145443531532 -0.069111297619 0.0
 0.212535264012 0.312645621249 0.120880454856  -0.467047478391 0.525827211088 0.0976150025054  0.159194223423 -0.0646525488095 0.0
 0.211732302325 0.312349145988 0.12185442159  -0.455645412544 0.519455165347 0.0916933715359  0.172921197477 -0.0665920558333 0.0
 0.211325097281 0.311988500025 0.123072251287  -0.441705392362 0.511934939707 0.0853835115065  0.188428627279 -0.0766709454881 0.0
 0.211379320594 0.311556459398 0.124535755675  -0.425940983394 0.503301317681 0.0795957050182  0.202610539326 -0.0809800414155 0.0
 0.211915989961 0.311042987214 0.12624163114  -0.408611252871 0.4930130501 0.0747134765643  0.217401287195 -0.0872391801311 0.0
 0.212972000679 0.310438184499 0.128199086332  -0.38933633448 0.481783529859 0.0682497541802  0.230712960278 -0.0928724049751 0.0
 0.214532754361 0.309728750814 0.130407701454  -0.366701551607 0.469355961827 0.0558964563221  0.244270042628 -0.0943708787633 0.0
 0.216562986414 0.308903204925 0.132846147796  -0.342805342807 0.456139506197 0.0414015819317  0.257147092419 -0.101671886125 0.0
 0.219000148102 0.307951220672 0.135488898892  -0.318310249139 0.442225364726 0.0285740599041  0.268511212006 -0.110623745132 0.0
 0.221726261775 0.306859396636 0.138323073085  -0.293812557558 0.427683305998 0.0186632770074  0.27941459531 -0.117489942047 0.0
 0.224635163196 0.305613835781 0.141358039658  -0.268929386094 0.41250224376 0.0086542477816  0.29035376641 -0.12247904308 0.0
 0.227582201626 0.304196516553 0.144577314519  -0.244082424496 0.397121624752 -0.00503797438218  0.299072894273 -0.115064472106 0.0
 0.230462274892 0.302594711801 0.147932475592  -0.220340848713 0.381278205736 -0.0192128261814  0.3064696589 -0.106010405848 0.0
 0.233177771 0.300798829251 0.151385695241  -0.198743545451 0.365683168515 -0.0290290163302  0.314027647965 -0.0907188890723 0.0
 0.235678550455 0.298795524865 0.154915785951  -0.180148884392 0.349283539714 -0.0288221931285  0.321505513799 -0.0674327144508 0.0
 0.238147601938 0.296578019739 0.158520911888  -0.16433322967 0.33209205701 -0.0205750500684  0.329136493951 -0.0607608715771 0.0
 0.240847508152 0.294151445587 0.162200120026  -0.148106803254 0.31413249731 -0.0113007694624  0.334878249961 -0.0749943082289 0.0
 0.243839603728 0.291516565999 0.165923617157  -0.130744398791 0.295918779685 -0.00437003892142  0.338018803343 -0.0866139250251 0.0
 0.247046349195 0.288670594021 0.169648368648  -0.112589499142 0.277870335811 0.00393733534109  0.340620076162 -0.0923096753797 0.0
 0.250347901588 0.285608717319 0.173356326812  -0.0927251852429 0.259551996437 0.0204553665129  0.346114374852 -0.0879120411751 0.0
 0.253712403802 0.282329946955 0.177060089133  -0.0713223985194 0.240886090643 0.0445808538267  0.351509694124 -0.0958589322957 0.0
 0.257185261323 0.278839411559 0.180773558483  -0.0489947563686 0.221932001064 0.0665116573329  0.355014130117 -0.113725420018 0.0
 0.260639077851 0.275132278511 0.184472818604  -0.0268309129156 0.203137187955 0.0829814066323  0.357492446835 -0.122662401826 0.0
 0.263893898278 0.271201849905 0.188118983182  -0.00381831970837 0.183777726378 0.0970416537687  0.360173382332 -0.12237235212 0.0
 0.266843750982 0.267045671864 0.191681733173  0.0193451214579 0.163916237678 0.108933348958  0.361685323378 -0.122111307384 0.0
 0.269440877882 0.262664669614 0.195121714425  0.0421845556722 0.144021566444 0.118110820163  0.361244268517 -0.125447795693 0.0
 0.271659650163 0.258062905456 0.198402806997  0.0648090119824 0.124220160892 0.123865097623  0.357468940765 -0.132022063743 0.0
 0.273476861057 0.253247363731 0.201509102022  0.0870101031213 0.104890553841 0.126974230563  0.354296371013 -0.140319857369 0.0
 0.274889979395 0.248223760578 0.204445398192  0.109596449131 0.0856284885445 0.12759380097  0.352341959137 -0.148978347822 0.0
 0.275910794529 0.242999372282 0.207216271834  0.131839869352 0.0660886034283 0.123576250939  0.350808213673 -0.15439003685 0.0
 0.276533283225 0.237580741939 0.209807861947  0.152318717666 0.0472652506887 0.11701927944  0.348526941856 -0.158070080784 0.0
 0.276738097992 0.231977827302 0.212194513406  0.172052363141 0.0287974216736 0.108721490929  0.345572896319 -0.157810691753 0.0
 0.276456642001 0.226198006117 0.214359588055  0.193107663225 0.0106310945157 0.101362413732  0.343815156236 -0.152815336863 0.0
 0.275691506378 0.220251270251 0.216294967093  0.21634862104 -0.00730697645772 0.0961553662584  0.341107064036 -0.151890946034 0.0
 0.27460034361 0.214153959583 0.21801798075  0.239564333649 -0.0248918609088 0.0893993067567  0.33754365493 -0.167725660955 0.0
 0.273318797442 0.20791277688 0.219557287613  0.260228589939 -0.0415678536642 0.0799419468871  0.334787037185 -0.186738809145 0.0
 0.271867658773 0.201527899935 0.22092805145  0.277676995313 -0.0580168677191 0.0647854428302  0.334783558691 -0.199088737754 0.0
 0.270196710672 0.194997760011 0.222138498211  0.294146843675 -0.0753389881257 0.0436282493097  0.337933581201 -0.20425129255 0.0
 0.268226770791 0.188318318761 0.223199683842  0.30958273402 -0.0926157769939 0.0207741389757  0.34211995281 -0.204135687105 0.0
 0.265822278037 0.181480958307 0.224102552947  0.323628292035 -0.109574725059 -0.00219107448613  0.345887687259 -0.19569830887 0.0
 0.262853513041 0.174476937276 0.224830919573  0.336958949422 -0.126216833912 -0.0240580236824  0.350855224839 -0.182152287507 0.0
 0.259193870232 0.167290727169 0.225372862712  0.350259223062 -0.142666134945 -0.0443918727303  0.356902585238 -0.159246582566 0.0
 0.25468820383 0.159901041262 0.225698101004  0.360773530641 -0.159656062729 -0.0629102017971  0.35986773212 -0.129107638595 0.0
 0.249211419478 0.152287362405 0.2257449114  0.365715334665 -0.176609252245 -0.078923103186  0.35893276071 -0.0948397318784 0.0
 0.242726965114 0.144437186862 0.22543783614  0.365565257137 -0.193707915767 -0.0910471327367  0.355163358513 -0.060427187262 0.0
 0.235313794648 0.136349040398 0.224722896172  0.363437850197 -0.210266447591 -0.10010690748  0.349068193833 -0.0330273256787 0.0
 0.227124053713 0.128027480081 0.223576597139  0.357385252917 -0.226769815761 -0.106082055512  0.342005969044 -0.0155103073965 0.0
 0.218325812579 0.119476946351 0.222003229539  0.345041363641 -0.242866459746 -0.109934634275  0.335199516284 -0.00688784808543 0.0
 0.209071132533 0.110703368638 0.2200069143  0.333931863292 -0.25878790341 -0.111985833157  0.329298934025 -0.00388953946736 0.0
 0.199479984709 0.101713102062 0.217563270577  0.323933312978 -0.274502414799 -0.111544330451  0.321285707289 -0.00238153790158 0.0
 0.189608830438 0.0925106308108 0.214612546156  0.314934617696 -0.289710549235 -0.108968328779  0.311821550974 0.00254709207905 0.0
 0.179327157735 0.0830893471452 0.211088902971  0.306835791941 -0.304616856868 -0.102619426184  0.299700206688 0.0260304781092 0.0
 0.168436387408 0.0734426064851 0.206897533433  0.299546848763 -0.318845191497 -0.0913498582932  0.280457663496 0.0578798112507 0.0
 0.156805649279 0.0635769246495 0.201897073969  0.292986799902 -0.332149369017 -0.075651691636  0.249625861111 0.0829727825066 0.0
 0.144318192948 0.0535048668797 0.195915612559  0.287082755927 -0.34417238077 -0.0574928405552  0.208588950675 0.0996040756845 0.0
 0.130857660961 0.0432399778771 0.188818058085  0.281769116349 -0.354537510482 -0.0401694824256  0.160394470022 0.114572239545 0.0
 0.116327562372 0.032788090118 0.180552122763  0.27698684073 -0.363059625961 -0.0240337977996  0.109361779777 0.132805491781 0.0
 0.100751873341 0.0221458354677 0.17112728944  0.272682792672 -0.369436665274 -0.00711516747496  0.0582521783757 0.151596371174 0.0
 0.0843607894279 0.011318843048 0.160569093859  0.26880914942 -0.373655345603 0.00985451920718  0.0097760596372 0.143508162628 0.0
 0.0675626865746 0.000315671317728 0.148938555434  0.265322870494 -0.375777590394 0.0230575204455  -0.0361046994797 0.102895441603 0.0
 0.0506200591728 -0.0108586730765 0.13627836814  0.26218521946 -0.375422019374 0.0286221387713  -0.0830280133155 0.0580106593477 0.0
 0.0336255675866 -0.0221995743684 0.122621499457  0.259361333529 -0.373008796074 0.0269854150903  -0.125484220993 0.0104714981749 0.0
 0.0166271168402 -0.0337073531161 0.108025256199  0.256819836191 -0.368552834277 0.0166888343656  -0.164145258353 -0.0346946992617 0.0
 -0.000412498912225 -0.0453826605266 0.0925417869481  0.254532488588 -0.362757084187 0.00110382892464  -0.201868119905 -0.0741538007641 0.0
 -0.0175659001821 -0.0572298806631 0.0762313542115  0.252473875744 -0.355330726258 -0.0197854210702  -0.234467343951 -0.106095563545 0.0
 -0.034893798021 -0.069258833331 0.0591583775235  0.250621124185 -0.34658457723 -0.0437055717737  -0.26245529424 -0.131271721476 0.0
 -0.0524213205473 -0.0814781979325 0.0413851981608  0.248953647782 -0.337013849606 -0.0687195461867  -0.286518323375 -0.151549311233 0.0
 -0.0701561080836 -0.0938980121862 0.0229811549968  0.247452919019 -0.326343924351 -0.0964608813284  -0.309075950497 -0.169799142015 0.0
 -0.0880874800429 -0.106522043177 0.00400087838889  0.246102263132 -0.314598530254 -0.128835490363  -0.331179616708 -0.193366846861 0.0
 -0.106215275193 -0.119351500885 -0.0155195356207  0.244886672835 -0.298031246335 -0.166905100368  -0.345667510893 -0.175292066937 0.0
 -0.12445987304 -0.132383238566 -0.0355711185975  0.243792641566 -0.280996698935 -0.202474938915  -0.366364273318 -0.1721200031 0.0
 -0.142919065609 -0.145629390934 -0.0560980181639  0.242808013425 -0.264175733714 -0.232200211908  -0.378009377517 -0.1502175266 0.0
 -0.161747635062 -0.159117577543 -0.0770011444948  0.241921848098 -0.246937499135 -0.253724199432  -0.381958439766 -0.111457678702 0.0
 -0.1808536259 -0.172851139681 -0.0982826512992  0.241124299303 -0.228363308416 -0.276145897136  -0.398350433627 -0.100383339403 0.0
 -0.200253125589 -0.186840655447 -0.119927953106  0.240406505388 -0.209830369805 -0.29055200459  -0.404995119994 -0.0666069102245 0.0
 -0.220085107068 -0.201111783405 -0.141883548406  0.239760490865 -0.190977481196 -0.297961945743  -0.411876238625 -0.0243033620591 0.0
 -0.240276904217 -0.215669151677 -0.16417524682  0.239179077794 -0.172600043364 -0.306591677095  -0.425051227375 -0.00408731156752 0.0
 -0.260717159819 -0.230517359147 -0.186851886734  0.23865580603 -0.153751662496 -0.313813773002  -0.438260068602 0.00220237197019 0.0
 -0.28135768145 -0.245675853453 -0.209924335459  0.229679114316 -0.132798708892 -0.320313659318  -0.44429216985 0.0185773728684 0.0
 -0.302126303901 -0.261166633062 -0.233348087854  0.22305603047 -0.111792432782 -0.326163557003  -0.453324664576 0.0321243974863 0.0
 -0.322933261009 -0.277009591092 -0.257074312377  0.219010963822 -0.090202551075 -0.331428464919  -0.460778234155 0.0562214815472 0.0
 -0.343822257448 -0.293227488255 -0.280995435462  0.213531323378 -0.0685799441852 -0.336166882044  -0.463657617947 0.102908857202 0.0
 -0.364831015699 -0.309831799944 -0.30502001678  0.201166696788 -0.0466446857144 -0.340431457456  -0.465348162458 0.143737019101 0.0
 -0.385676241666 -0.326811112573 -0.329173208371  0.185823973469 -0.0238739559843 -0.344269575327  -0.477680463329 0.143577602905 0.0
 -0.406217059072 -0.344173436455 -0.353433295046  0.17040632708 -0.000825352480958 -0.347723881411  -0.486752507087 0.162481747376 0.0
 -0.426526627378 -0.361940862883 -0.377748174773  0.151472974065 0.0227811623276 -0.350832756886  -0.495818247369 0.189019286925 0.0
 -0.446525171292 -0.380121129667 -0.402115303787  0.127153262866 0.0494939960425 -0.353630744814  -0.502626062272 0.220045929661 0.0
 -0.46628310063 -0.398736439992 -0.42652540841  0.0999015381117 0.0756656947575 -0.356148933949  -0.50987922181 0.253922289076 0.0
 -0.485647750134 -0.417795967845 -0.450970118564  0.0702408862163 0.101381154464 -0.358415304171  -0.516857515845 0.268934822073 0.0
 -0.50442041283 -0.437306756631 -0.475419333955  0.0397148818858 0.126636747076 -0.36045503737  -0.521786629126 0.271731816056 0.0
 -0.522540894374 -0.457281360034 -0.499822376988  0.0122414779884 0.155597156589 -0.36229079725  -0.519466074321 0.294487205879 0.0
 -0.539978945401 -0.477719829741 -0.524136925953  -0.0124845855192 0.183754734534 -0.363942981142  -0.515125322745 0.307824199577 0.0
 -0.556641808329 -0.498611122682 -0.548338707368  -0.0347380426761 0.210783435186 -0.365429946644  -0.5100925202 0.319827493905 0.0
