 -0.42777742887 0.334352900397 0.020066733184  -0.464659377628 0.522512031408 0.396856540084  0.128189655172 -0.251547619048 0.0
 -0.427701041995 0.334352122377 0.0201264964891  -0.457931034483 0.521682497467 0.394746835443  0.129051724138 -0.245595238095 0.0
 -0.427318531419 0.334351547791 0.0203758281216  -0.445315391085 0.519979736575 0.390738396624  0.132931034483 -0.245 0.0
 -0.426298337145 0.334350849395 0.02096637836  -0.429335576114 0.517510068389 0.386708860759  0.147974137931 -0.262321428571 0.0
 -0.424338514674 0.334342783439 0.0220595033926  -0.40645920942 0.51251381079 0.386352320675  0.16961637931 -0.28743452381 0.0
 -0.421214613193 0.334312461675 0.0237897663503  -0.380487804878 0.506320117148 0.38708628692  0.192715086207 -0.313607738095 0.0
 -0.416797820452 0.334239898887 0.026243783486  -0.349544154752 0.498928416983 0.386270063291  0.214538405172 -0.335973154762 0.0
 -0.411016218705 0.334102275145 0.0294642861634  -0.321694869638 0.48897041571 0.378889892405  0.236593185345 -0.35014964881 0.0
 -0.403746281907 0.333877360073 0.0334752075526  -0.296630513036 0.478038862995 0.368450270253  0.258856280603 -0.367670398214 0.0
 -0.394957689612 0.333540923311 0.0382952104281  -0.274072592094 0.465578885003 0.353358407785  0.281651687026 -0.378677167917 0.0
 -0.38483569915 0.333063555915 0.0439056961287  -0.253770463246 0.451793982825 0.331758853926  0.302339966599 -0.371916593982 0.0
 -0.373608827318 0.332417550569 0.050263849514  -0.235498547283 0.436246740064 0.302614614103  0.323545625112 -0.351546363155 0.0
 -0.361444511087 0.331581375309 0.0573040593288  -0.219053822917 0.418005234751 0.267313068305  0.341251407428 -0.32964172684 0.0
 -0.34851626029 0.330539137648 0.0649232383059  -0.204253570987 0.398599024852 0.230689356411  0.353565921858 -0.309927554156 0.0
 -0.334991503212 0.329277996164 0.0730326903913  -0.19093334425 0.379708663907 0.195723796297  0.364304157258 -0.295756227312 0.0
 -0.321057163371 0.327784068492 0.0815645637141  -0.178945140186 0.360820307648 0.160984750001  0.373278913946 -0.27824012839 0.0
 -0.306936338122 0.326042106475 0.0904463584794  -0.168155756529 0.340584971412 0.12085884884  0.379804470827 -0.256523258408 0.0
 -0.292833077897 0.324042038171 0.0995961704756  -0.158445311238 0.320999055325 0.0806316137454  0.384470575469 -0.235787599234 0.0
 -0.278930056184 0.321777651568 0.108929284685  -0.149705910476 0.301244071271 0.0386254143962  0.387290759301 -0.214744553596 0.0
 -0.265473642864 0.3192433415 0.118359257823  -0.14184044979 0.28138758461 -0.00266117767634  0.388622028199 -0.187472479189 0.0
 -0.252778827148 0.31643289135 0.127808570259  -0.134761535173 0.261889340334 -0.0407684776302  0.388958101241 -0.151022850318 0.0
 -0.241021171914 0.313344248084 0.137220305566  -0.128390512017 0.241953635784 -0.0764363556056  0.38822608422 -0.114646755762 0.0
 -0.230202508344 0.309979418172 0.146537981144  -0.122656591177 0.22173819875 -0.111702002745  0.385325889591 -0.0795273182812 0.0
 -0.220329459716 0.306341684509 0.155690653187  -0.117496062421 0.201733261854 -0.14439045226  0.381163990287 -0.0431579197864 0.0
 -0.211373507596 0.302439431685 0.164614869771  -0.11285158654 0.181271878424 -0.168746765684  0.376211384362 -0.015187365903 0.0
 -0.203212327417 0.298285234688 0.173289344764  -0.108671558248 0.161837129792 -0.187502890803  0.370891970064 0.00284327544918 0.0
 -0.195762508096 0.293888553457 0.18172025355  -0.104909532785 0.142357507491 -0.202168213537  0.365587255816 0.0238327574281 0.0
 -0.189065908735 0.289256097322 0.189885833542  -0.101523709868 0.123198441139 -0.215894430158  0.360468185407 0.0534375769234 0.0
 -0.183075994151 0.284399059175 0.197757933789  -0.0984764692429 0.103010752547 -0.22023114748  0.355688608245 0.0777009620882 0.0
 -0.177574042783 0.279333097845 0.205326886585  -0.0957339526803 0.0832017618923 -0.219387357626  0.350180092249 0.0923951515936 0.0
 -0.172362001918 0.274072802526 0.212586620978  -0.0932656877739 0.0635372974559 -0.216307271653  0.344187945093 0.100858017387 0.0
 -0.167320493614 0.268631832043 0.219536763325  -0.0910442493582 0.0437052875684 -0.21015966685  0.338967426445 0.101331739458 0.0
 -0.162351935584 0.263026296749 0.226191251011  -0.089044954784 0.0240137735026 -0.201040324638  0.335820683801 0.0946152321784 0.0
 -0.15747013696 0.257266250391 0.232579355134  -0.0872455896672 0.00432839159305 -0.190195785845  0.3335058568 0.0921418041987 0.0
 -0.152679149092 0.251361950998 0.238721837418  -0.0856261610622 -0.0160860205146 -0.178536966754  0.332801822844 0.082772861874 0.0
 -0.148001593423 0.24532160151 0.244640129425  -0.0841686753176 -0.0365296601045 -0.168676940965  0.333892330215 0.0755312899724 0.0
 -0.143557495499 0.239146546176 0.250343798943  -0.0828569381475 -0.0571325831518 -0.161068740539  0.337115166159 0.0737757800227 0.0
 -0.139557992491 0.232828478209 0.255808530657  -0.0816763746944 -0.0775875745833 -0.155698153405  0.340532959888 0.07695772583 0.0
 -0.136223445084 0.22635703736 0.260959804637  -0.0806138675866 -0.0985679888575 -0.153818211482  0.338608974244 0.0833929056279 0.0
 -0.133760878732 0.219731667599 0.265695533809  -0.0796576111896 -0.119331060792 -0.151704322824  0.333084283716 0.0951369483985 0.0
 -0.132210275659 0.212956998766 0.269981093454  -0.0787969804323 -0.139220966365 -0.147797603621  0.329146545 0.105706586892 0.0
 -0.131390723718 0.206039465368 0.273827388129  -0.0700325052654 -0.159281202555 -0.141327969842  0.324568097396 0.108076404393 0.0
 -0.13102457869 0.198993965869 0.277230933768  -0.0664337963705 -0.178728525562 -0.134872388047  0.317861287657 0.101875906811 0.0
 -0.130764377179 0.191840107914 0.280205019204  -0.0696709886426 -0.197807863988 -0.129484305361  0.311825158891 0.0891526018442 0.0
 -0.130286549225 0.18459528443 0.282776864289  -0.0799856391476 -0.216587677894 -0.125584398031  0.30742712576 0.0729397226122 0.0
 -0.129309508319 0.177272832042 0.284958506711  -0.0937263519359 -0.234616663397 -0.122918363292  0.304330964909 0.0595386074938 0.0
 -0.12766098043 0.169877738076 0.286740801991  -0.109793582175 -0.25201422958 -0.12072990249  0.301889247728 0.0534299848397 0.0
 -0.125206814822 0.162410616282 0.288087982651  -0.131402953983 -0.270540580178 -0.118021891144  0.296415840197 0.0407893673081 0.0
 -0.121845181644 0.154867964719 0.288934751145  -0.154131455894 -0.288727720235 -0.116534048021  0.287869083763 0.0222699543868 0.0
 -0.117597035827 0.147235036726 0.28918777391  -0.179465156393 -0.306482924402 -0.116355326763  0.272935623663 0.00798343513861 0.0
 -0.112563709644 0.139494226013 0.288723702019  -0.206050179862 -0.323266812813 -0.116721903791  0.252771371641 -0.000112527422868 0.0
 -0.106827423615 0.131631278851 0.287388984074  -0.23174289106 -0.338688928391 -0.117473764045  0.224968372408 -0.0109703222996 0.0
 -0.100427141452 0.123636783171 0.285031837734  -0.255539165453 -0.352366198166 -0.119521746291  0.191842224823 -0.0266947186411 0.0
 -0.0935310579422 0.115501570856 0.281527225219  -0.276787603828 -0.363896865583 -0.123580120185  0.15340800234 -0.0384657229675 0.0
 -0.0863545088053 0.10722224896 0.276790777388  -0.294649634025 -0.373679228164 -0.12828750901  0.113817202106 -0.0490596268612 0.0
 -0.0790296961104 0.098797204108 0.270799281954  -0.305174578108 -0.380741966442 -0.135266774987  0.0745647922405 -0.0574036641751 0.0
 -0.0717143852405 0.0902205566429 0.263576357707  -0.309432561845 -0.385382372128 -0.142919422383  0.0363065888785 -0.0577704406147 0.0
 -0.0645029186979 0.0814907936961 0.255163570853  -0.306284091194 -0.38698781526 -0.149595834575  -2.23458714328e-05 -0.0533386346485 0.0
 -0.0573591335042 0.0726062270431 0.245617989223  -0.298908835986 -0.387121923804 -0.154866208923  -0.0328908009395 -0.0493500092789 0.0
 -0.0501685655181 0.0635643187676 0.235004458966  -0.285963284599 -0.385241608324 -0.158449208284  -0.0638517208455 -0.0469507226367 0.0
 -0.0428228052695 0.0543612430636 0.223372366588  -0.272125576829 -0.382118220034 -0.161146481548  -0.0943027556575 -0.0483627932302 0.0
 -0.0352041288378 0.044993174426 0.210748929705  -0.259251118389 -0.378559956795 -0.163574027486  -0.122225928368 -0.0508241329548 0.0
 -0.0272082508121 0.035456214934 0.197152451682  -0.247664105793 -0.375357519879 -0.165758818831  -0.147356783807 -0.0530393387069 0.0
 -0.0187505936735 0.0257462327869 0.182597173076  -0.236983481589 -0.372063725845 -0.16772513104  -0.174974553702 -0.0740806429315 0.0
 -0.00980411870991 0.0158532546967 0.167112551887  -0.217867135112 -0.361836139988 -0.171499031438  -0.202416753504 -0.0906368643526 0.0
 -0.000458666434404 0.00576491444159 0.150750800646  -0.194018184427 -0.348717938856 -0.175106512261  -0.229700940223 -0.104346987441 0.0
 0.00927122743803 -0.00453320464355 0.133620863437  -0.169610478684 -0.335480453481 -0.177931304073  -0.24873946689 -0.117876574411 0.0
 0.0193039616673 -0.0150546240555 0.115821415199  -0.143101911892 -0.320457547444 -0.180895557632  -0.268115520201 -0.125291297923 0.0
 0.029488088425 -0.0258073951116 0.0974117470027  -0.118823680333 -0.305493163014 -0.184723723388  -0.289864313009 -0.130774072892 0.0
 0.0396804319298 -0.0367989336002 0.0784623908877  -0.096048124747 -0.289485956642 -0.189751351049  -0.306334778259 -0.133327617984 0.0
 0.0496783619822 -0.0480410305334 0.0590677988717  -0.0725223703043 -0.272274253075 -0.192693937463  -0.31529612802 -0.12014961809 0.0
 0.0594690851752 -0.059538403 0.0393090714751  -0.0480691240224 -0.253820194029 -0.190278974096  -0.325257894528 -0.114241799138 0.0
 0.0690733684757 -0.0712922928835 0.0192807718848  -0.0248837423182 -0.234665948182 -0.187578080906  -0.327671760248 -0.097020000177 0.0
 0.0782454522264 -0.0833134861405 -0.000970705746784  -0.00561488028149 -0.215926367042 -0.185991158891  -0.330189066982 -0.0708060953974 0.0
 0.0870248770387 -0.0956012169299 -0.0214978777419  0.0102132183438 -0.196546812911 -0.181714827812  -0.340730505111 -0.0567373906195 0.0
 0.0955532130704 -0.108158192539 -0.0422865243952  0.0260564886036 -0.176876237496 -0.170904104525  -0.346941937358 -0.0416946039385 0.0
 0.103740352522 -0.120997747185 -0.0632708315126  0.0388015546297 -0.156272516989 -0.15421242825  -0.351670157416 -0.00553704830658 0.0
 0.111690947374 -0.134123397031 -0.0844237878815  0.047580776795 -0.135525521116 -0.136658274032  -0.358511762364 0.0150999898574 0.0
 0.119645640797 -0.147533995662 -0.105671569295  0.0545569295612 -0.115130833746 -0.117273037346  -0.360531275783 0.0277209432526 0.0
 0.127605133677 -0.161232798935 -0.12694232145  0.0589851726859 -0.0944769828939 -0.0949740036539  -0.35959021717 0.0509845632131 0.0
 0.135562998954 -0.175219411469 -0.148244602389  0.0604474628185 -0.0742801078061 -0.0735335653138  -0.363570850625 0.0743027735584 0.0
 0.143649310301 -0.189492201364 -0.169579743522  0.058399352365 -0.0534116841582 -0.0494903353647  -0.368877558666 0.0929082104883 0.0
 0.151898499203 -0.204055536399 -0.190881949516  0.0538647156988 -0.0329140441112 -0.0221552258789  -0.366584630386 0.126319770392 0.0
 0.160334496139 -0.218911147228 -0.212111970078  0.042634678107 -0.0117496027193 0.00888097181452  -0.366589960451 0.158771126686 0.0
 0.169237433914 -0.234052325764 -0.233272416987  0.0274813869153 0.00984398723851 0.0389232543799  -0.369698205785 0.171310680684 0.0
 0.178786516256 -0.24947465897 -0.254329895452  0.0113202961632 0.0308929598419 0.0671216462415  -0.368012867965 0.179024850711 0.0
 0.189005479236 -0.26517310814 -0.275289893579  -0.00684116995436 0.0525536005345 0.0915508318283  -0.372358132893 0.171681889449 0.0
 0.200199897253 -0.281141630855 -0.2962010612  -0.0240275323534 0.0753789775631 0.116701655818  -0.380924043741 0.135311319552 0.0
 0.212539914405 -0.297381839574 -0.317008262368  -0.0410091357202 0.0988980073651 0.13933739741  -0.377943708333 0.113292092359 0.0
 0.225752180491 -0.313899562881 -0.33765006775  -0.0588998117193 0.122268781603 0.159709564842  -0.374916578879 0.119665264075 0.0
 0.239633004352 -0.33069567541 -0.358136096036  -0.0769358187727 0.145284494628 0.17804451553  -0.374261127887 0.132543975763 0.0
 0.254187936916 -0.347766598631 -0.378485953705  -0.0950185194859 0.167157450941 0.19454597115  -0.373153980616 0.141753863901 0.0
 0.269470615401 -0.365108988926 -0.39871339963  -0.118610023298 0.190788147083 0.209397281208  -0.372329961865 0.144090382273 0.0
 0.28558491999 -0.382722057132 -0.418783296657  -0.146402511297 0.215209269051 0.222763460261  -0.368484896713 0.134288486903 0.0
 0.302365469783 -0.400605803718 -0.438592511222  -0.17326604486 0.238879008306 0.234793021407  -0.361748476007 0.136181066784 0.0
 0.319553597039 -0.418761080711 -0.458077982296  -0.198620685117 0.261448237668 0.24561962644  -0.354306387027 0.150979626772 0.0
 0.337237205332 -0.437177558959 -0.477191642054  -0.223374260004 0.28319164845 0.255363570969  -0.344677472462 0.150012616476 0.0
 0.355686826312 -0.455834645236 -0.495872659721  -0.245988894558 0.304014517547 0.264133121045  -0.333080414871 0.133666116733 0.0
 0.37491221915 -0.474714262401 -0.514083176202  -0.266594378525 0.32379993256 0.272025716113  -0.318677545798 0.123716171726 0.0
 0.394643254348 -0.493807546121 -0.531819745556  -0.289176319983 0.342385681452 0.279129051675  -0.30226668777 0.136189792649 0.0
