 0.0499633639579 0.339673408419 0.0394322525486  -0.374111349036 0.485680068435 -0.51799591002  0.0906818181818 0.144512195122 0.0
 0.0501378269261 0.339662028335 0.039383621269  -0.383890078515 0.485759908754 -0.514417177914  0.0798863636364 0.132317073171 0.0
 0.0507145469278 0.339607750983 0.0393037557279  -0.398472519629 0.485637867123 -0.507310838446  0.0775568181818 0.115243902439 0.0
 0.0514966241357 0.339452987028 0.0392341686599  -0.415451106353 0.485214371257 -0.498563394683  0.0746079545455 0.103536585366 0.0
 0.0523891309689 0.339170121316 0.0392076309905  -0.428733261956 0.484411211862 -0.490281697342  0.0730903409091 0.0869024390244 0.0
 0.0533181847229 0.33872689105 0.0392241121888  -0.438046231263 0.483323384089 -0.482725920245  0.0685994886364 0.0694926829268 0.0
 0.0543921082911 0.338113233437 0.0393186534147  -0.44699892434 0.481962246136 -0.472755986708  0.0727963579545 0.0465068292683 0.0
 0.0556898474666 0.337322612415 0.0396246220354  -0.449560273876 0.47932861063 -0.459386318507  0.0882212676136 0.0124049268293 0.0
 0.0571529232729 0.33632915486 0.0402441942169  -0.4465121694 0.475720813725 -0.445206377863  0.106365049943 -0.0134087365854 0.0
 0.0587603607418 0.335100399407 0.0412279426935  -0.438058668378 0.470432165486 -0.429376946621  0.124114908585 -0.0329824970732 0.0
 0.0609201201691 0.333621501787 0.0425822515237  -0.426524750148 0.464126901603 -0.412574221284  0.139521599545 -0.0554769302927 0.0
 0.0639636700127 0.331869686782 0.0442712715798  -0.415715958217 0.45704925564 -0.391214549667  0.150830803227 -0.0720633836049 0.0
 0.067825711843 0.32980774515 0.0462979358788  -0.40398947303 0.449116785166 -0.367389618217  0.162713631995 -0.07845460622 0.0
 0.0723198131763 0.327393863934 0.0486654815618  -0.392008084614 0.440819877109 -0.345231433492  0.174544541523 -0.0842067065736 0.0
 0.0773672943662 0.324612558245 0.0513493123304  -0.379297640178 0.431065804995 -0.319767594846  0.184908269189 -0.090603109087 0.0
 0.0826011464807 0.321434914249 0.0543456496398  -0.367073086724 0.420251211949 -0.293782655402  0.194235624088 -0.0878232859832 0.0
 0.08789181792 0.317849416505 0.057636062044  -0.354572059279 0.408852837261 -0.269169216038  0.204050698043 -0.08776046958 0.0
 0.0931127665559 0.313857424797 0.0612006646823  -0.343107001817 0.396535560379 -0.24292714106  0.212600173693 -0.0816063738415 0.0
 0.0981749805063 0.309460301288 0.0650252542372  -0.331289520764 0.383790473118 -0.220434017956  0.219442429051 -0.0785067120671 0.0
 0.103153983747 0.304664594161 0.0690775161795  -0.32058241023 0.370996826433 -0.198451965854  0.225316367964 -0.0769365286653 0.0
 0.108128945614 0.2994776657 0.0733494220109  -0.310018102112 0.357948469709 -0.176009632254  0.232023367531 -0.079181900189 0.0
 0.113116310916 0.293904041199 0.0778389233282  -0.298511652357 0.344790634429 -0.156527278436  0.238343758051 -0.0787637101701 0.0
 0.118184057522 0.287950775074 0.0825234046296  -0.286871051005 0.331237718691 -0.137663916645  0.243179836791 -0.0808263635433 0.0
 0.123447629757 0.281641495118 0.0874130181954  -0.274610070101 0.317443288139 -0.120073394101  0.248952762203 -0.0826827515792 0.0
 0.128819856899 0.274987363781 0.0925130767481  -0.260791461378 0.302610279542 -0.104241923812  0.253012031437 -0.0709388666652 0.0
 0.134310497178 0.268020913024 0.0978040454281  -0.247855070415 0.2873272955 -0.0899936005513  0.257517646475 -0.0628083946328 0.0
 0.139930931636 0.260769984978 0.103299971612  -0.236569206486 0.271690659477 -0.0771701096168  0.264413609101 -0.0530519454135 0.0
 0.145824784107 0.253276870256 0.109002153543  -0.226055041012 0.255661599232 -0.0656289677758  0.272040430009 -0.0515882142867 0.0
 0.152092258566 0.245584502981 0.114878800745  -0.214879229987 0.23903413335 -0.0552419401189  0.279188659735 -0.0551489050532 0.0
 0.158949359821 0.237746918681 0.120913388282  -0.201751763805 0.221976457112 -0.049472347334  0.285906157398 -0.0729876730845 0.0
 0.166833960762 0.229821620497 0.127089432266  -0.183298928609 0.204417533956 -0.0383492434799  0.292520087113 -0.11465232041 0.0
 0.175768211314 0.221832170466 0.133376009564  -0.158482954378 0.186612792251 -0.0293609448988  0.295631714765 -0.135077332272 0.0
 0.184920213544 0.213742048457 0.139761942267  -0.131651789561 0.168364401535 -0.0125802696318  0.306670816016 -0.131508623435 0.0
 0.194305045666 0.205567688519 0.146248076635  -0.104791392903 0.149893515986 0.00313583504098  0.31092418896 -0.140491907433 0.0
 0.20407721864 0.197352318825 0.152814023273  -0.0768340237772 0.131302225408 0.0156443374265  0.317024951882 -0.151015887421 0.0
 0.214116235842 0.189130034423 0.159462006761  -0.0496738191154 0.112317426306 0.020869269737  0.323652002148 -0.15317039624 0.0
 0.224275214126 0.180938378886 0.166157556761  -0.0228741745343 0.0931495559312 0.0234244695526  0.328764074661 -0.156328966372 0.0
 0.234431668106 0.172817083979 0.172877116457  0.00295856768711 0.0738796530897 0.0217364193254  0.334217212649 -0.157952167296 0.0
 0.244374179504 0.164782535627 0.179595239775  0.0267076787985 0.0542612914306 0.014797951217  0.339409127748 -0.153315487152 0.0
 0.253806896376 0.15685151044 0.186271745436  0.0495094305475 0.0341012016374 0.00722408656564  0.343229578609 -0.146703450632 0.0
 0.262406594596 0.149036241013 0.192879088765  0.0706020278211 0.0136588602019 -0.000103639064343  0.346952075294 -0.130996520203 0.0
 0.270085160554 0.141355265756 0.199383995032  0.0892998550175 -0.00700329043189 -0.00802783548511  0.350870504128 -0.125396868182 0.0
 0.276674040666 0.133813787689 0.205746642037  0.105556878795 -0.0277435088652 -0.0171023525501  0.35723799917 -0.111820595998 0.0
 0.282259122903 0.126417986122 0.211916654667  0.12197263988 -0.0490273273542 -0.0247581704648  0.367230108344 -0.119114146155 0.0
 0.287411258281 0.119194109512 0.217855591171  0.133677588598 -0.0707376542139 -0.0393171182445  0.3730980066 -0.131775902271 0.0
 0.292305043473 0.112171772445 0.223514172831  0.144212042443 -0.0925124773297 -0.0590663880152  0.375822296849 -0.143171482775 0.0
 0.296439664487 0.105350009149 0.228867104814  0.155620245765 -0.114533542115 -0.0807262113813  0.37941052171 -0.142451895473 0.0
 0.299472633726 0.0987360283284 0.233903501977  0.16488834253 -0.136456863124 -0.104207782472  0.381503560448 -0.140584754707 0.0
 0.301076104468 0.0923270776975 0.238613043937  0.172801364094 -0.158354946415 -0.127079437763  0.385091840767 -0.12792871826 0.0
 0.30094374603 0.086120230529 0.242978552577  0.17913793004 -0.180059229361 -0.147766177013  0.387753111236 -0.106782187898 0.0
 0.298446162821 0.0800980344465 0.246978104405  0.183341910056 -0.202364683671 -0.161067268923  0.396682345567 -0.0560429934982 0.0
 0.293656753851 0.0742222066223 0.250602858578  0.182200438536 -0.224983077009 -0.163324550211  0.403866383737 -0.00549966975812 0.0
 0.287102340009 0.0684637092935 0.253764184396  0.176319438223 -0.247974361552 -0.16535610337  0.404366109 0.0460868825835 0.0
 0.279256516744 0.0627797822509 0.256357535786  0.167314903394 -0.271073132982 -0.167184501213  0.396577225373 0.0693440479837 0.0
 0.271204864772 0.0571495314346 0.258310632687  0.159210822048 -0.293624217174 -0.168830059271  0.383885411926 0.0500315944049 0.0
 0.263878883361 0.0515276124966 0.259487582522  0.151917148837 -0.315100689098 -0.170311061524  0.361099143461 0.00704063008633 0.0
 0.25750187197 0.0458361904723 0.259681850263  0.145352842947 -0.334942773026 -0.171643963552  0.328375592751 -0.0316512378004 0.0
 0.251619447749 0.0399787203196 0.258649545126  0.139444967646 -0.352743619761 -0.172843575377  0.281310760749 -0.0567178213374 0.0
 0.245174306463 0.033904105151 0.256197318195  0.134127879875 -0.368137065027 -0.173923226019  0.229293321038 -0.0487899416427 0.0
 0.236829402092 0.027614361661 0.252304936382  0.129342500881 -0.381107219374 -0.174894911597  0.183045807116 -0.0221426547955 0.0
 0.22619289998 0.0211475274402 0.247037642013  0.125035659786 -0.391759542775 -0.175769428617  0.140854862768 -0.00425765760862 0.0
 0.213902630839 0.0145644659476 0.240426331346  0.121159502801 -0.400211760724 -0.176556493935  0.0989057401273 -0.0027953064819 0.0
 0.20051551494 0.00788245190342 0.232450667321  0.107678099274 -0.406199138972 -0.177264852722  0.0549015297509 -0.0039182148581 0.0
 0.186309203335 0.00109888668332 0.223132884482  0.101397798268 -0.409203975574 -0.17790237563  0.0130250131395 -0.0061483445918 0.0
 0.170887631949 -0.00577202065635 0.212527173116  0.100884713659 -0.409923726291 -0.178476146247  -0.034607033629 0.00647868498933 0.0
 0.153660583996 -0.012716557261 0.200760578  0.10713243073 -0.407035716365 -0.178992539802  -0.0732145120843 0.0397942311245 0.0
 0.135223018694 -0.0196772532439 0.188012841509  0.120606910712 -0.402799780885 -0.179457294002  -0.102279424512 0.0514855397194 0.0
 0.116027479232 -0.0266307263828 0.17436406927  0.1275947564 -0.397219546167 -0.179875572781  -0.133551482061 0.0559101564792 0.0
 0.0967562846549 -0.0335520240164 0.159831411912  0.136810298605 -0.390423739255 -0.180252023683  -0.153457697491 0.0391606042459 0.0
 0.0778038192491 -0.040448894975 0.14446438775  0.145675307288 -0.382499700088 -0.180590829495  -0.178475564106 0.0155494218701 0.0
 0.0592613145694 -0.0473339121611 0.128307387791  0.152797284054 -0.373457600054 -0.180895754725  -0.19758255315 -0.0032616178779 0.0
 0.0407460302914 -0.0542290287406 0.111420546491  0.161491145941 -0.362262966367 -0.181170187433  -0.211085661471 -0.00189887072426 0.0
 0.0221895225093 -0.0611516596724 0.0938773061016  0.168601845765 -0.349507442471 -0.181417176869  -0.227783913506 -0.00920898365183 0.0
 0.00399513492782 -0.0681077194495 0.0756749066124  0.178356222217 -0.335632261383 -0.181639467362  -0.24508506761 -0.0121295487013 0.0
 -0.0137591698591 -0.0751518724856 0.0568412724626  0.189205111059 -0.321085858741 -0.181839528806  -0.260656106303 -0.0330507401726 0.0
 -0.0310323302393 -0.0823214846938 0.0374104796237  0.204036919724 -0.305057113186 -0.182019584106  -0.281204132037 -0.043343227131 0.0
 -0.0481544126543 -0.0896801956117 0.0174351110194  0.221525447595 -0.287363491973 -0.182181633875  -0.294867809742 -0.037972319052 0.0
 -0.0652608417453 -0.0972789969875 -0.00309456825889  0.240477114113 -0.268764582182 -0.182327478667  -0.313983301495 -0.0465531359273 0.0
 -0.0827746107242 -0.105209191043 -0.0240968738882  0.259603564015 -0.250006743867 -0.182458738981  -0.327778153164 -0.0286661150175 0.0
 -0.100845276626 -0.113541062376 -0.0455421445283  0.275247062003 -0.231202818839 -0.182576873263  -0.344454883302 -0.0247629181499 0.0
 -0.119285115428 -0.122308770081 -0.0673822727433  0.289611720542 -0.21215211209 -0.182683194116  -0.356907122245 -0.0212500409691 0.0
 -0.138628838877 -0.131601410541 -0.0896222167153  0.301897514941 -0.192993359393 -0.182778882885  -0.373511864566 -0.00223479296971 0.0
 -0.159012305205 -0.14149287283 -0.112233635299  0.313168862661 -0.173224106145 -0.182865002776  -0.381637950836 0.0100008814492 0.0
 -0.180532060324 -0.152049511836 -0.135146984738  0.322599299736 -0.152985242722 -0.182942510678  -0.393780973934 0.0405251835482 0.0
 -0.203408329202 -0.163347576329 -0.158275887112  0.326518527507 -0.132540439579 -0.183012267791  -0.398743785632 0.0667775432422 0.0
 -0.227350416392 -0.175413172269 -0.181514649188  0.323336339281 -0.110764011817 -0.183075049191  -0.403494407069 0.100160764528 0.0
 -0.25198001724 -0.188243947128 -0.204795526847  0.313120478372 -0.0882852724549 -0.183131552452  -0.40521314818 0.114352005148 0.0
 -0.27659684097 -0.201824284335 -0.2281898789  0.300642834532 -0.0655508427287 -0.183182405387  -0.414998651544 0.125904609511 0.0
 -0.301114284152 -0.216220698128 -0.251621262587  0.280348001472 -0.0412746292856 -0.183228173028  -0.418123786389 0.15093609978 0.0
 -0.325090878151 -0.231461602163 -0.275032655142  0.256301067135 -0.0170764506456 -0.183269363905  -0.418663680478 0.169805904436 0.0
 -0.34836131214 -0.247561082573 -0.298365611172  0.230947191685 0.00680056995362 -0.183306435695  -0.416308676066 0.190447265212 0.0
 -0.370809053082 -0.264512167495 -0.321698592493  0.203703293358 0.0304797943954 -0.183339800305  -0.420439172096 0.195609855764 0.0
 -0.391821849389 -0.282308012672 -0.345115198708  0.175543527906 0.0548022170089 -0.183369828455  -0.42500889125 0.184402528724 0.0
 -0.411791507001 -0.301040322384 -0.368589476748  0.146916369976 0.0796179747776 -0.183396853789  -0.427417093034 0.19138910512 0.0
 -0.431152909905 -0.320774344745 -0.392100084832  0.117083405355 0.105008900425 -0.18342117659  -0.428448111004 0.207433121437 0.0
 -0.450000594967 -0.341549144456 -0.415644200363  0.0870217457617 0.130364297808 -0.183443067111  -0.428523754449 0.219433711732 0.0
 -0.46816686896 -0.363387814779 -0.43921243404  0.0536136468458 0.156588774785 -0.18346276858  -0.430012288095 0.221697657632 0.0
 -0.485645740996 -0.386308808292 -0.462709782396  0.0197633456873 0.182682962604 -0.183480499902  -0.421408786558 0.223735208942 0.0
 -0.5025832725 -0.410312119927 -0.486016103659  -0.0124149874539 0.208021167627 -0.183496458092  -0.408551998811 0.237764127072 0.0
 -0.518344557392 -0.435313567093 -0.50909192868  -0.046443295989 0.232194243337 -0.183510820463  -0.39044679893 0.230877958268 0.0
