 0.356317676549 0.279488552561 0.239491653192  -0.754942622951 0.515639436252 0.0935440613027  0.2095625 -0.238064516129 0.0
 0.356340629059 0.279483919416 0.239513935555  -0.747155737705 0.514491060942 0.0885632183908  0.211125 -0.233225806452 0.0
 0.356477215155 0.279476681069 0.239596038995  -0.740147540984 0.512002479447 0.0754597701149  0.21628125 -0.235322580645 0.0
 0.356756984794 0.279464272477 0.239742368923  -0.733840163934 0.508242463787 0.0577279693487  0.221546875 -0.237209677419 0.0
 0.357123819928 0.279431034745 0.239956854776  -0.72816352459 0.503266383923 0.0406199233716  0.2312859375 -0.23729516129 0.0
 0.357489202719 0.279344045885 0.240260660324  -0.72305454918 0.497352442907 0.0238816858238  0.24286359375 -0.235759193548 0.0
 0.357831856058 0.279168260646 0.240668351206  -0.718456471311 0.489850592849 0.00441114176245  0.255158484375 -0.232763919355 0.0
 0.358211210239 0.278882145607 0.241186922923  -0.71431820123 0.481526436604 -0.0146449149425  0.269348885938 -0.231681075806 0.0
 0.358685986818 0.278454503373 0.241834729069  -0.710593758156 0.471522624994 -0.031795365977  0.286495247344 -0.227480710161 0.0
 0.359267030236 0.277850754823 0.242618878112  -0.707241759389 0.459954924677 -0.0518284730575  0.300989472609 -0.217248768177 0.0
 0.360001160396 0.277058051367 0.243540706544  -0.7042249605 0.446901426206 -0.0738812579356  0.314971775348 -0.219330342973 0.0
 0.360933771482 0.276068439579 0.244593558817  -0.701509841499 0.433013123596 -0.093728764326  0.329430847814 -0.216365050611 0.0
 0.361983043624 0.274870060204 0.245738262719  -0.699066234398 0.416827105508 -0.111591520077  0.336506513032 -0.213696287485 0.0
 0.363031841134 0.273455395893 0.246932592598  -0.696866988007 0.3996888945 -0.127668000253  0.342249611729 -0.208068594221 0.0
 0.363952190584 0.271808023585 0.248150298483  -0.694887666256 0.383559819744 -0.142136832412  0.347105900556 -0.196552057379 0.0
 0.364575891858 0.269908869518 0.249380377089  -0.69310627668 0.366081366153 -0.155158781355  0.3511640605 -0.176509754867 0.0
 0.364818808244 0.267747385387 0.250633548235  -0.691503026061 0.348243228232 -0.166878535403  0.35637890445 -0.158471682606 0.0
 0.364593283258 0.26532479931 0.251924495028  -0.690060100504 0.32976818115 -0.177426314047  0.362947264005 -0.129334191765 0.0
 0.363828254182 0.262655909513 0.253248950549  -0.688761467503 0.311144031702 -0.186919314826  0.369171287605 -0.0966588371045 0.0
 0.362571028258 0.259780142305 0.254584546157  -0.687592697802 0.292170369756 -0.195463015527  0.373835408844 -0.076928437265 0.0
 0.360914780162 0.256737354547 0.255925019571  -0.686540805071 0.272627677032 -0.203152346158  0.37834561796 -0.0640097870869 0.0
 0.358917316933 0.253552744419 0.257268218632  -0.685594101613 0.252814276418 -0.213904161351  0.383654806164 -0.0556088083782 0.0
 0.356551338796 0.250238706011 0.258603663294  -0.684742068501 0.232698514964 -0.223580795024  0.388120575548 -0.0448221210888 0.0
 0.353839030027 0.246806036861 0.259939799691  -0.6839752387 0.212780418655 -0.23228976533  0.394327267993 -0.0367270057541 0.0
 0.350803034269 0.243257746777 0.261282205851  -0.683285091879 0.19271397799 -0.240127838606  0.401163291194 -0.0278284987271 0.0
 0.347454101941 0.239596231175 0.262615751344  -0.68266395974 0.172181259559 -0.247182104554  0.407628212074 -0.0198198424028 0.0
 0.343815558634 0.235823592477 0.263912144866  -0.682104940815 0.151790029075 -0.253530943907  0.412821640867 -0.0142249549367 0.0
 0.340004434041 0.231948671368 0.265147826118  -0.681601823783 0.131539187462 -0.259244899324  0.41593322678 -0.0237056852495 0.0
 0.336041578451 0.227961385082 0.266311110728  -0.681149018454 0.110677386685 -0.2643874592  0.419983654102 -0.0225609231761 0.0
 0.331866542975 0.223842459893 0.267357040287  -0.680741493658 0.0897420374205 -0.269015763089  0.422066538692 -0.0215306373101 0.0
 0.327493706499 0.219596799234 0.268237521754  -0.680374721341 0.0688448922717 -0.273181236588  0.420503634823 -0.027054992934 0.0
 0.322895917771 0.215220130567 0.268938008246  -0.680044626256 0.0481256777411 -0.276930162738  0.41815952134 -0.0320269129954 0.0
 0.318070032384 0.210723868588 0.26944867791  -0.67974754068 0.0277819211376 -0.280304196273  0.416987319206 -0.0429532539539 0.0
 0.313049319257 0.206134425998 0.269756126008  -0.679480163661 0.00752160713945 -0.283340826454  0.414369837286 -0.0592385737198 0.0
 0.307809390146 0.201464539231 0.269847153473  -0.679239524344 -0.012865879165 -0.286073793617  0.412014103557 -0.0642179421543 0.0
 0.302318452178 0.196729947077 0.269704222452  -0.679022948959 -0.0332960470882 -0.288533464064  0.407706443201 -0.0719251801969 0.0
 0.296566169803 0.191953706587 0.269315347832  -0.678828031112 -0.0534710097812 -0.290747167466  0.403829548881 -0.0756358879837 0.0
 0.290474476797 0.187150077361 0.268674141454  -0.67865260505 -0.0731944425366 -0.292739500527  0.402215343993 -0.0741368153143 0.0
 0.284025297863 0.182339222978 0.267784572101  -0.678494721594 -0.0930139125463 -0.294532600283  0.399825059594 -0.0776263595894 0.0
 0.277206395921 0.177539786288 0.266654573729  -0.678352626484 -0.112691445995 -0.296146390063  0.399861303634 -0.0727024333078 0.0
 0.269891006034 0.172744848059 0.265274266764  -0.678224740885 -0.132489181207 -0.297598800865  0.401456423271 -0.0569805770738 0.0
 0.262028681661 0.167943178549 0.263637716784  -0.678109643845 -0.152029705864 -0.298905970587  0.403204530944 -0.0379921967858 0.0
 0.253533965984 0.163101893993 0.261714921666  -0.67800605651 -0.172845983613 -0.300082423337  0.39852782785 -0.00316071904271 0.0
 0.244419639932 0.158215898545 0.259454339981  -0.677912827908 -0.193172699359 -0.301141230812  0.389318795065 0.0265747077003 0.0
 0.234747851149 0.153296869331 0.256818197457  -0.677828922167 -0.21328717939 -0.302094157539  0.379780665558 0.0484978820915 0.0
 0.224622807426 0.14837775019 0.253790972989  -0.677753406999 -0.233230221858 -0.302951791594  0.368383849002 0.0585513196888 0.0
 0.214214440264 0.143522077894 0.250377213554  -0.677685443348 -0.253116843415 -0.303723662243  0.359064214102 0.0514703812683 0.0
 0.203586723708 0.138773097227 0.24657765873  -0.677624276063 -0.272580769148 -0.304418345827  0.351301542692 0.0402588270125 0.0
 0.192797327705 0.134152080272 0.242377387593  -0.677569225506 -0.29165121892 -0.305043561053  0.340565138423 0.023716815279 0.0
 0.181899620058 0.129638368646 0.237720087244  -0.677519680004 -0.310041297341 -0.305606254756  0.31996487458 0.00237739181558 0.0
 0.170799242259 0.125158066042 0.232534574921  -0.677475089053 -0.327088257259 -0.306112679089  0.297362137122 -0.0023119602692 0.0
 0.159386891604 0.120623331936 0.226737383399  -0.677434957197 -0.342815487908 -0.306568460988  0.27076967341 0.00314504220933 0.0
 0.147700464526 0.11597581688 0.220236414177  -0.677398838526 -0.356911271754 -0.306978664698  0.231836456069 0.00321763476259 0.0
 0.135871336073 0.111197377165 0.212948213598  -0.677366331723 -0.368951516104 -0.307347848036  0.186484060462 -0.00962025774592 0.0
 0.123998747322 0.106277978404 0.20483759546  -0.6773370756 -0.378991703134 -0.307680113041  0.140666904416 -0.03407758681 0.0
 0.112029961597 0.10115815227 0.195877777101  -0.677310745089 -0.38644233055 -0.307979151545  0.0881814639744 -0.0512504732903 0.0
 0.0998200516931 0.0958015638765 0.186053949933  -0.677287047629 -0.391144763292 -0.308248286199  0.0381320675769 -0.0489641356387 0.0
 0.0873131228036 0.0901764593514 0.175401875803  -0.677265719916 -0.3930541027 -0.308490507388  -0.00909988918075 -0.0420677220748 0.0
 0.0745415826104 0.0843018501616 0.163970957777  -0.677246524973 -0.3926780282 -0.308708506458  -0.0522336502627 -0.0439254659964 0.0
 0.0615445067942 0.0781850264014 0.151840256228  -0.677229249525 -0.390127633705 -0.30890470562  -0.0879290352364 -0.0359200161709 0.0
 0.0483249206231 0.0718319053259 0.139076313496  -0.677213701622 -0.385254959073 -0.309081284867  -0.119742381713 -0.0254893048764 0.0
 0.0348911263511 0.0652696346497 0.12572612977  -0.677199708509 -0.378677199039 -0.309240206188  -0.148686893541 -0.0225532776146 0.0
 0.0212754239048 0.0584982182277 0.111853446778  -0.677187114707 -0.370343016914 -0.309383235378  -0.174736954187 -0.0166850466273 0.0
 0.00750107977863 0.0515151085057 0.0975070497055  -0.677175780286 -0.360930469105 -0.309511961649  -0.198494508769 -0.017855251642 0.0
 -0.00635024466361 0.0443302090075 0.0827260340371  -0.677165579306 -0.349934055367 -0.309627815292  -0.222376307892 -0.0269729522843 0.0
 -0.0202706554543 0.0369313857447 0.0675470652629  -0.677156398425 -0.337714432944 -0.309732083571  -0.241369927103 -0.0303401731849 0.0
 -0.0343045885371 0.0292859688292 0.0520161068515  -0.677148135631 -0.324772364568 -0.309825925023  -0.259089184392 -0.0253061558664 0.0
 -0.0484833404324 0.0213807798718 0.0361567406381  -0.677140699117 -0.311356266047 -0.309910382329  -0.275974015953 -0.0207755402797 0.0
 -0.0628390340509 0.0132063028348 0.0199903147676  -0.677134006255 -0.296834954984 -0.309986393904  -0.295545364358 -0.0102463733485 0.0
 -0.0774368468442 0.00473385664036 0.00355879034649  -0.677127982679 -0.281912714869 -0.310054804322  -0.305659577922 0.00406858656695 0.0
 -0.0922301182202 -0.00404499313651 -0.0130991827706  -0.67712256146 -0.26654481543 -0.310116373699  -0.31694987013 0.0105004375877 0.0
 -0.107120759951 -0.0131171839052 -0.029949828109  -0.677117682363 -0.249986314573 -0.310171786137  -0.323673633117 0.00499878092568 0.0
 -0.122050069645 -0.0224802353419 -0.0469606122624  -0.677113291176 -0.233954863071 -0.310221657332  -0.328787519805 0.0016601931557 0.0
 -0.136974610753 -0.0321279088333 -0.06415905757  -0.677109339108 -0.217347253575 -0.310266541407  -0.337765017825 -0.00618324551471 0.0
 -0.151865805615 -0.0420720070452 -0.0815575537694  -0.677105782246 -0.200129753847 -0.310306937075  -0.347407266042 -0.0100165338665 0.0
 -0.166740284515 -0.0523495736927 -0.0991525269552  -0.677102581071 -0.181449872551 -0.310343293176  -0.357960289438 -0.0118535901572 0.0
 -0.181589744972 -0.0629982144028 -0.116947591457  -0.677099700013 -0.161564770458 -0.310376013667  -0.366833010494 -0.021571456948 0.0
 -0.196460802435 -0.0740712786377 -0.134904175254  -0.677097107061 -0.14125398048 -0.310405462108  -0.374505959445 -0.019027214479 0.0
 -0.211411057702 -0.0856024514491 -0.153008690975  -0.677094773404 -0.120808016074 -0.310431965706  -0.3807866135 -0.0102857833537 0.0
 -0.226484420746 -0.0976188107985 -0.171262350462  -0.677092673113 -0.100031599173 -0.310455818944  -0.38800170215 -0.000805592115068 0.0
 -0.241678060363 -0.110152234149 -0.18965488868  -0.67709078285 -0.0785401840028 -0.310477286858  -0.395120281935 0.0125652896771 0.0
 -0.256935284804 -0.123229863597 -0.208144872205  -0.677089081615 -0.0568228614135 -0.31049660798  -0.395589503742 0.0278248897416 0.0
 -0.272287140714 -0.136878170277 -0.22671077562  -0.677087550502 -0.0348630729885 -0.310513996991  -0.397574303368 0.0512359491546 0.0
 -0.287657695969 -0.151106801807 -0.245401496194  -0.677086172501 -0.0132201038079 -0.3105296471  -0.403423123031 0.0594026768198 0.0
 -0.302946711401 -0.165945719012 -0.264267031503  -0.6770849323 0.00840524730109 -0.310543732199  -0.416499560728 0.0570753123636 0.0
 -0.318082846934 -0.181456476082 -0.283311565718  -0.677083816119 0.0298516206527 -0.310556408787  -0.426393354655 0.0533677811272 0.0
 -0.333029728748 -0.197706755578 -0.30248958732  -0.677082811557 0.0512739360766 -0.310567817717  -0.431860269189 0.0548697126919 0.0
 -0.347739122797 -0.214740790536 -0.321740572317  -0.67708190745 0.0733858090747 -0.310578085754  -0.43021799227 0.0562214511002 0.0
 -0.362249696991 -0.232584775514 -0.341023945429  -0.677081093754 0.0958246652024 -0.310587326987  -0.428427443043 0.070341241474 0.0
 -0.37651949216 -0.251226410932 -0.360322430762  -0.677080361428 0.118505607269 -0.310595644096  -0.425878448739 0.0782103431331 0.0
 -0.390517294917 -0.270657367695 -0.379641480092  -0.677079702334 0.141319603504 -0.310603129495  -0.427334353865 0.0740022120456 0.0
 -0.404278459175 -0.290888568011 -0.398966254442  -0.67707910915 0.164338171667 -0.310609866354  -0.423019668479 0.0847310230991 0.0
 -0.418011183234 -0.311957713621 -0.418286493828  -0.677078575284 0.187116738684 -0.310615929527  -0.417261451631 0.112128888531 0.0
 -0.431797917136 -0.33387619233 -0.437595893681  -0.677078094805 0.209196465051 -0.310621386383  -0.410516556468 0.138399870646 0.0
 -0.445820033615 -0.356669530153 -0.456871705173  -0.677077662374 0.231201847908 -0.310626297553  -0.401008650821 0.199140528742 0.0
 -0.460038692742 -0.380329072667 -0.476098555705  -0.677077273186 0.252324714141 -0.310630717606  -0.389014035739 0.236065185546 0.0
 -0.473965626501 -0.404762817957 -0.495277363338  -0.677076922916 0.273116580454 -0.310634695654  -0.382281382165 0.196716731507 0.0
 -0.487348055437 -0.429908630023 -0.514412194021  -0.677076607674 0.293427850765 -0.310638275897  -0.378721993948 0.167754735776 0.0
 -0.500374478289 -0.455747476694 -0.533479772532  -0.677076323956 0.313795949155 -0.310641498116  -0.361768544554 0.152979262198 0.0
 -0.513089928588 -0.482223873769 -0.552453728057  -0.677076068609 0.333001568907 -0.310644398113  -0.347135440098 0.128391013398 0.0
