 -0.332092277763 0.303638450575 0.089289889761  0.0161322065937 0.539227695573 -0.413008241758  0.169141630901 -0.0283139534884 0.0
 -0.332213944354 0.303626502154 0.0893634272433  0.0162433980097 0.538235000312 -0.415892857143  0.170214592275 -0.0201744186047 0.0
 -0.33250303248 0.303589648712 0.0896379155443  0.0164518819147 0.536130361491 -0.423846153846  0.178261802575 -0.0122674418605 0.0
 -0.332746954064 0.30352638066 0.0902105607491  0.0167090120643 0.532706561778 -0.433476648352  0.190654506438 -0.0132906976744 0.0
 -0.332641090113 0.303436980886 0.0911387752406  0.0170127036193 0.528226627958 -0.441732005495  0.203739270386 -0.0223511627907 0.0
 -0.332047903558 0.303313235886 0.0924229910873  0.0174389142158 0.521990779172 -0.446964024725  0.214657188841 -0.0305055813953 0.0
 -0.331002293812 0.303143742035 0.0940236788035  0.0177335506199 0.514699049697 -0.443156358516  0.226629238197 -0.0372631627907 0.0
 -0.329607884055 0.302919077063 0.0959158509695  0.0177902394785 0.506438297503 -0.439729458929  0.235901936695 -0.0433449860465 0.0
 -0.327994308368 0.302625714971 0.0981105977863  0.0177050499666 0.497043203471 -0.436645249299  0.245964103541 -0.0470744409302 0.0
 -0.326329049714 0.302246828442 0.10061688528  0.0175283071315 0.486508577823 -0.433869460633  0.25630760735 -0.0463611828837 0.0
 -0.324681407158 0.301768488225 0.103441254891  0.0173164226573 0.475210595111 -0.431371250834  0.267118906701 -0.048626227386 0.0
 -0.323064792969 0.301175705832 0.106601576245  0.0170812500641 0.463100723712 -0.429122862014  0.280067960237 -0.0489205813916 0.0
 -0.321576185784 0.300445710353 0.110116039327  0.0167862011683 0.449386081197 -0.427099312076  0.295584769363 -0.0451157325548 0.0
 -0.32021092295 0.299562806054 0.113990553777  0.0164761805955 0.434433175768 -0.425278117132  0.309549897577 -0.0457611360435 0.0
 -0.31867123209 0.298523881885 0.118215790283  0.0163083534961 0.418372077084 -0.423639041683  0.321045551596 -0.0608768829043 0.0
 -0.316688640433 0.297324572259 0.122772135  0.0163657930117 0.40171317992 -0.422163873778  0.330962455664 -0.0773880318231 0.0
 -0.314366223066 0.29594482006 0.127625358686  0.0165342395625 0.385252981364 -0.420836222664  0.340960630698 -0.0852713216641 0.0
 -0.311797298674 0.294372181343 0.132741063474  0.0168415094407 0.367847805598 -0.419641336662  0.349100619131 -0.0923662825209 0.0
 -0.308909688034 0.292605729317 0.138077371368  0.0173320958069 0.349717017671 -0.418565939259  0.354066093698 -0.102240119385 0.0
 -0.305792336336 0.290635524383 0.143582301236  0.0179181723773 0.331295294052 -0.417598081597  0.360680943556 -0.104149828377 0.0
 -0.302573810253 0.288453116648 0.149221488208  0.0185512731359 0.312168449294 -0.416727009701  0.366848900703 -0.105868566469 0.0
 -0.299283111908 0.286056176063 0.154967548191  0.0192433743763 0.292550592939 -0.415943044995  0.368322808916 -0.105089849357 0.0
 -0.295910576206 0.283445600279 0.160781868369  0.0199579984108 0.272859184766 -0.415237476759  0.372868210427 -0.104970399305 0.0
 -0.292447688268 0.280621224666 0.166646133967  0.0206928929602 0.25335755798 -0.414602465347  0.375886110415 -0.102537312863 0.0
 -0.288887703218 0.277581802075 0.172557076207  0.0214182331187 0.233446101364 -0.414030955076  0.376027113107 -0.100347535065 0.0
 -0.285117800771 0.27433209449 0.178490179393  0.0221043966863 0.21355288662 -0.413516595832  0.37658320008 -0.0989581303959 0.0
 -0.280850241163 0.270888780013 0.184403363342  0.0228470342401 0.193313974308 -0.413053672513  0.374508571059 -0.107591387124 0.0
 -0.27603123665 0.26726011317 0.190265980992  0.0236238196691 0.173619275385 -0.412637041525  0.371997628116 -0.10954736469 0.0
 -0.270839325122 0.263441542996 0.196086946562  0.0243562839801 0.154358178214 -0.412262073636  0.372956663588 -0.102586814268 0.0
 -0.265189597952 0.259443068158 0.201833006294  0.0250405199286 0.134694415085 -0.411924602536  0.373176018688 -0.100973481678 0.0
 -0.259076399822 0.255276172494 0.207451807382  0.0257925417668 0.114431004668 -0.411620878546  0.372944253729 -0.0942889242082 0.0
 -0.252474654047 0.250946638714 0.212941912527  0.0264387837818 0.0937090754569 -0.411347526956  0.370375150245 -0.0871100317874 0.0
 -0.245202539354 0.246467161786 0.218290871956  0.0269703654581 0.0735047409274 -0.411101510524  0.371067248954 -0.0853001913993 0.0
 -0.237209669587 0.241849561752 0.223436717869  0.0274821463916 0.0533729095268 -0.410880095735  0.368042069123 -0.0819271490036 0.0
 -0.228559835241 0.237102875599 0.22832127263  0.0281373342098 0.0331190299495 -0.410680822425  0.366821553198 -0.0788914108474 0.0
 -0.219355418291 0.232235112684 0.232934692108  0.0290077615716 0.0126554131505 -0.410501476447  0.364650127492 -0.0761592465068 0.0
 -0.209641589623 0.227257119825 0.237279603593  0.0300051896731 -0.00760363506348 -0.410340065066  0.362266659807 -0.0795142520887 0.0
 -0.199444839518 0.222184576461 0.241363468421  0.0310446440198 -0.0270417481757 -0.410194794823  0.359048577517 -0.0871849199031 0.0
 -0.18883554124 0.217027473855 0.24521750204  0.0321441602705 -0.0463029226745 -0.410064051604  0.357439857105 -0.0946699162849 0.0
 -0.178009168393 0.211785637953 0.248873477412  0.0331837610334 -0.064886653008 -0.409946382708  0.357279562381 -0.0984994362843 0.0
 -0.167183660133 0.206456614238 0.252325824987  0.0341444197885 -0.0835224804337 -0.409840480701  0.359066627602 -0.0996204228884 0.0
 -0.156610309381 0.201031723689 0.255530088143  0.0349784350288 -0.101899270288 -0.409745168894  0.358958248104 -0.0994665201345 0.0
 -0.146543459829 0.195499304328 0.258421347867  0.0355789403334 -0.120261444152 -0.409659388269  0.357358560633 -0.0975838216094 0.0
 -0.137160841106 0.189851466818 0.26097209202  0.0359748462667 -0.138273321838 -0.409582185705  0.358923133754 -0.0906568347973 0.0
 -0.128477927353 0.184088550696 0.263209126051  0.036236648903 -0.156531835942 -0.409512703399  0.366769017803 -0.0832597559687 0.0
 -0.120338297375 0.178213892916 0.265147631  0.0363610798597 -0.175187137083 -0.409450169322  0.371898982976 -0.0795093617672 0.0
 -0.112429317805 0.172236111784 0.266791884869  0.0362729231719 -0.194130869526 -0.409393888654  0.376730543906 -0.0831107511719 0.0
 -0.104576423619 0.166151750117 0.268111406365  0.0359128238274 -0.213209322812 -0.402063016272  0.374855772777 -0.0851892109384 0.0
 -0.0968818951358 0.159945137204 0.269032753048  0.0353969292248 -0.231934529008 -0.399448747612  0.371237148289 -0.0777574991469 0.0
 -0.0896227369648 0.153594362714 0.269461054076  0.0348158730955 -0.250797578574 -0.396683817906  0.361757210284 -0.0606038422555 0.0
 -0.0830169318693 0.147081041557 0.269291359455  0.0342901427938 -0.268966806169 -0.390349227324  0.347431274663 -0.0358632254718 0.0
 -0.0772435248331 0.140388238905 0.268420653629  0.0338837003719 -0.286311806267 -0.378054689207  0.329816902562 -0.00836411222693 0.0
 -0.0722979193657 0.133505219361 0.266761097095  0.0336429925352 -0.302827594486 -0.357099495011  0.308813753078 0.0175478803911 0.0
 -0.0680053367763 0.126426627207 0.264236823288  0.0335208681857 -0.318241220128 -0.330272787269  0.284331519401 0.0391244877008 0.0
 -0.0640981625056 0.119151808053 0.26077715443  0.0334721115501 -0.332494328558 -0.297062816234  0.254786779478 0.0492411086982 0.0
 -0.0601891504156 0.111680090749 0.256310984128  0.0333059200204 -0.345215988915 -0.263465051094  0.219183638011 0.0443925792237 0.0
 -0.0559551116454 0.104012173848 0.25075586181  0.0329200658846 -0.356028659862 -0.235562227303  0.177269566056 0.0295637864176 0.0
 -0.0513675961601 0.0961447201043 0.244050183885  0.0324504866047 -0.364642501125 -0.215120015562  0.133967502154 0.016799268241 0.0
 -0.0464506538881 0.0880788221995 0.236198044214  0.0319750493302 -0.370977714083 -0.201804442577  0.0919913527969 0.00356701583549 0.0
 -0.041288609277 0.0798156013946 0.22721887093  0.0314387441526 -0.375318351865 -0.195314932385  0.0486334192339 -0.00776061598061 0.0
 -0.0360137511949 0.0713597570757 0.217121154724  0.0309227120679 -0.377345672575 -0.194968878707  0.0100404635766 -0.0150485078709 0.0
 -0.0309098294906 0.0626988392104 0.205960149745  0.0306500883843 -0.377515769112 -0.195206880947  -0.0208305355707 -0.00649133150244 0.0
 -0.0261138774633 0.0538122881478 0.193744096386  0.0306215503304 -0.375901983298 -0.188003500544  -0.0584856794386 0.00411710397339 0.0
 -0.0212346542085 0.0447057980306 0.180503645804  0.0307626532058 -0.373150955849 -0.177536941699  -0.0913023475462 0.00436237032024 0.0
 -0.0160647458775 0.0353610279913 0.16632611541  0.0311231477674 -0.368396202401 -0.163858796979  -0.12298327159 0.00749008677658 0.0
 -0.010437889426 0.0257588395112 0.15121305811  0.031414235448 -0.362387511798 -0.151273741457  -0.159436017392 0.00449107809893 0.0
 -0.00423846993618 0.0158851695501 0.135203458508  0.0317206909269 -0.354288799327 -0.14187026841  -0.189453789044 0.000629179591359 0.0
 0.00242081467966 0.00571052001724 0.118355628799  0.032010399785 -0.344802293122 -0.132857692119  -0.218186521727 -0.000520947670103 0.0
 0.00983945003973 -0.00476407786427 0.10069084444  0.0323072749674 -0.333792064434 -0.127081538291  -0.250912933932 -0.0143467598798 0.0
 0.0179312136936 -0.0155460414244 0.0823069436097  0.0327051125454 -0.321697680367 -0.122844538309  -0.277147820796 -0.0192318513337 0.0
 0.0263938732325 -0.02665358114 0.0633584033182  0.0331104227175 -0.308777397253 -0.117794974588  -0.297969519404 -0.017233084805 0.0
 0.0354232746534 -0.0380784421901 0.043979530651  0.0333000753921 -0.295188725393 -0.121766850755  -0.315636086776 -0.0288062879524 0.0
 0.0456360157874 -0.0497866780377 0.0241826959122  0.0333373331 -0.280680091974 -0.125341539306  -0.335184066082 -0.0700361242734 0.0
 0.057482379002 -0.0617439441117 0.00391294578122  0.0339268221172 -0.264569315717 -0.128558759002  -0.356425316126 -0.120515069986 0.0
 0.0707246206864 -0.0739608007274 -0.0167041877521  0.0350049799567 -0.247503593485 -0.131454256728  -0.369533857475 -0.15431821415 0.0
 0.0846785099151 -0.0864671294869 -0.0374937279272  0.0362421814106 -0.229965508595 -0.134060204682  -0.37682510692 -0.1585782532 0.0
 0.0988448536103 -0.0992748377201 -0.0584040255742  0.037653099757 -0.211496584632 -0.13640555784  -0.377164055456 -0.142063451136 0.0
 0.113047967093 -0.112389144587 -0.0794007467961  0.0389229262688 -0.192751808481 -0.142087804254  -0.379615031884 -0.125455943232 0.0
 0.127191660482 -0.12581411627 -0.1004989146  0.0400657701294 -0.173490300606 -0.144042485367  -0.385254387065 -0.100625465187 0.0
 0.141040710299 -0.139567771181 -0.121745345029  0.0410943296039 -0.1540384423 -0.145801698368  -0.389256845354 -0.0689757093664 0.0
 0.154762468483 -0.153660562873 -0.143125215319  0.0420089139894 -0.134103100287 -0.14738499007  -0.393717426913 -0.0480490686623 0.0
 0.168329359725 -0.168108379618 -0.164652951228  0.0427319676619 -0.114294525914 -0.148809952602  -0.40202379581 -0.0222383478426 0.0
 0.181600484235 -0.182936252685 -0.186356423708  0.0431631129205 -0.0934637497287 -0.15009241888  -0.416366480607 0.00971223112773 0.0
 0.194645227157 -0.198164677925 -0.208188435828  0.043292623611 -0.0714944740878 -0.15124663853  -0.42498305143 0.0309096126661 0.0
 0.207550798304 -0.213805650618 -0.230133677999  0.0431173057654 -0.0473954730797 -0.152285436216  -0.438746548862 0.0517314420972 0.0
 0.220187826403 -0.22987837012 -0.252182180171  0.0427704942971 -0.0233775964966 -0.153220354133  -0.447914812431 0.0809362048642 0.0
 0.232485288723 -0.246404932909 -0.274269790375  0.0421525875815 0.000354993645654 -0.154061780258  -0.449513889128 0.115360026238 0.0
 0.244892439539 -0.263380577769 -0.29633193704  0.0412434387917 0.0241180208466 -0.154819063771  -0.45438653455 0.132387977103 0.0
 0.257745600792 -0.280799290828 -0.318295154161  0.0402222805466 0.0475962730792 -0.155500618932  -0.457269769507 0.144806156137 0.0
 0.270922318047 -0.298675259161 -0.340058378244  0.0390002415173 0.070930608436 -0.156114018577  -0.450422620882 0.168191819593 0.0
 0.284333765357 -0.317012612303 -0.361555882249  0.0375779512845 0.0935048385957 -0.156666078258  -0.439753749352 0.192145893447 0.0
 0.29816477071 -0.335792825424 -0.382767563804  0.036033810462 0.115263863383 -0.157162931971  -0.431653910897 0.209634792475 0.0
 0.312613588533 -0.354996366802 -0.403702687454  0.034396682821 0.13670126552 -0.157610100312  -0.425651609936 0.221305034158 0.0
 0.327894084145 -0.374606261123 -0.424365385397  0.0326591883311 0.158123915393 -0.158012551819  -0.418532800874 0.227157088881 0.0
 0.344235109555 -0.394607795906 -0.444767196804  0.0309703529471 0.178871491388 -0.158374758176  -0.414700980014 0.22893556604 0.0
 0.361834732336 -0.414992596293 -0.464934756412  0.0293197511878 0.199411076344 -0.158700743897  -0.410823156691 0.227047823389 0.0
 0.38099186953 -0.435746563904 -0.484877790059  0.0277118990467 0.219395110746 -0.158994131045  -0.406689338876 0.217790715469 0.0
 0.401914336585 -0.456855610228 -0.504593824785  0.0261675396307 0.238910366482 -0.159258179479  -0.405114825589 0.203645364852 0.0
 0.424514420985 -0.478314857237 -0.524056934552  0.0246942225943 0.258646788159 -0.15949582307  -0.402624802258 0.191495944646 0.0
 0.448552496326 -0.500119526455 -0.543206972558  0.0233459989783 0.27834501126 -0.159709702301  -0.395877343491 0.180561466461 0.0
