 -0.665115785644 0.31646553879 0.0759874553759  -0.513296438884 0.498906993775 -0.0271352502662  0.139831460674 -0.133153846154 0.0
 -0.664914472663 0.316470946288 0.0760053285349  -0.5141626564 0.497906139387 -0.0194675186368  0.145262172285 -0.152384615385 0.0
 -0.663917078217 0.316494527103 0.0761603971474  -0.517348411935 0.496114365922 -0.0125665601704  0.162696629213 -0.197384615385 0.0
 -0.661751395196 0.316529487689 0.0766207684601  -0.519108758422 0.492176614183 -0.00635569755059  0.182132958801 -0.241730769231 0.0
 -0.658548441031 0.31654505275 0.0774688276472  -0.52069307026 0.486185426584 -0.000765921192758  0.195131273408 -0.256257692308 0.0
 -0.654441698491 0.316525677537 0.0787043293835  -0.522118950914 0.478779443427 0.00426487752929  0.210762340824 -0.264716538462 0.0
 -0.649451477731 0.316465139209 0.0803428184861  -0.523402243503 0.469935369462 0.00879259637913  0.22857561985 -0.273098730769 0.0
 -0.64359567123 0.31635206078 0.0824232695459  -0.524557206833 0.460077741218 0.012867543344  0.244607570974 -0.275258088462 0.0
 -0.636916926956 0.316171520332 0.0849671937043  -0.525596673831 0.448514553939 0.0165349956124  0.260347188408 -0.272586125769 0.0
 -0.629391376561 0.315912531215 0.0879847775399  -0.526532194128 0.435697090977 0.0198357026539  0.277696364699 -0.274027513192 0.0
 -0.620978323436 0.315565253074 0.0914688542084  -0.527374162396 0.42126255825 0.0228063389913  0.292748825607 -0.276093992642 0.0
 -0.611725582813 0.315115206449 0.0953989907366  -0.528131933837 0.405427587668 0.0254799116949  0.30667057226 -0.274107670301 0.0
 -0.601657746619 0.314549446431 0.0997457809403  -0.528813928133 0.389540571609 0.0278861271282  0.319761942 -0.271550749425 0.0
 -0.590759845482 0.313858312739 0.104476994043  -0.529427723 0.370390554482 0.0300517210181  0.32892245192 -0.273864905252 0.0
 -0.579057644083 0.313030914001 0.109553719038  -0.529980138381 0.35058016985 0.038071043059  0.335481517589 -0.264409183957 0.0
 -0.566665144225 0.312055696001 0.114911368387  -0.530477312223 0.331298364265 0.0447559515327  0.340822878939 -0.256668265562 0.0
 -0.553601799805 0.310923859503 0.120524186542  -0.530924768681 0.311784358426 0.05162433934  0.346566433742 -0.25508605439 0.0
 -0.539905864235 0.309622120132 0.126400163145  -0.531327479494 0.29236040812 0.0538655262793  0.353233760405 -0.250585141259 0.0
 -0.525861091082 0.308130020991 0.132518695668  -0.531689919225 0.272529286141 0.050877269711  0.363541470507 -0.232688165594 0.0
 -0.511642266118 0.306432095375 0.138849087019  -0.532016114983 0.252984706117 0.0484008313448  0.372631143681 -0.217350118266 0.0
 -0.497142022504 0.304527226658 0.145349238194  -0.532309691165 0.232569001281 0.0441486076352  0.37594293568 -0.212007414131 0.0
 -0.482274892658 0.30241394568 0.151998349825  -0.532573909729 0.211582881087 0.0338253336662  0.38117073949 -0.208737441949 0.0
 -0.467011295829 0.300086342831 0.158769645581  -0.532811706437 0.19072417799 0.0184640995541  0.384939433331 -0.204256005446 0.0
 -0.45124003267 0.297543897277 0.16561659199  -0.533025723473 0.16969942283 -0.00366772041198  0.386833130448 -0.20406886644 0.0
 -0.434825518717 0.294792475282 0.172488947363  -0.533218338806 0.1489646203 -0.0295501496487  0.3879756601 -0.207746595181 0.0
 -0.417843645089 0.291829110137 0.179351132996  -0.533391692606 0.128161225523 -0.0592341123196  0.388442139033 -0.201825781817 0.0
 -0.400260619955 0.288655120742 0.186188947648  -0.533547711026 0.107619544567 -0.0888250780845  0.390547363332 -0.198035511327 0.0
 -0.381861596033 0.285280687842 0.193001636122  -0.533688127604 0.0869045204166 -0.119823294451  0.39094393786 -0.202316575579 0.0
 -0.362519648257 0.281715045985 0.199772714634  -0.533814502524 0.0661494400337 -0.155495917082  0.39017725943 -0.206169533406 0.0
 -0.342357950491 0.277958122221 0.206490471434  -0.533928239952 0.045669550345 -0.191861128356  0.391921705772 -0.200406426219 0.0
 -0.321489981744 0.274012094779 0.213149642357  -0.534030603637 0.0253457907212 -0.226187262592  0.39424077115 -0.192911937443 0.0
 -0.29992818588 0.269884033648 0.219744270989  -0.534122730954 0.00515034261452 -0.258465234948  0.396140664072 -0.188474589853 0.0
 -0.277787772684 0.265576569226 0.226270375925  -0.534205645539 -0.0156985742296 -0.291029787066  0.398412365455 -0.177557900098 0.0
 -0.255329194513 0.26108501245 0.232719177844  -0.534280268666 -0.0371478184788 -0.321935328061  0.401580492206 -0.158502110089 0.0
 -0.232705072464 0.256406496767 0.239072646062  -0.53434742948 -0.0588017050064 -0.350069803775  0.402559147105 -0.137505745234 0.0
 -0.210131912207 0.251538745393 0.24529805917  -0.534407874212 -0.0809204970347 -0.372834921374  0.403814468349 -0.110147478402 0.0
 -0.18781258774 0.246472812149 0.251368271305  -0.534462274471 -0.103537040032 -0.387359735946  0.40569332114 -0.0809096536391 0.0
 -0.165871569674 0.241196826277 0.257240130995  -0.534511234705 -0.12658325059 -0.395000759156  0.404200768052 -0.0545956113522 0.0
 -0.144432212243 0.235704773735 0.262855626394  -0.534555298915 -0.149442501511 -0.397830821686  0.401733874768 -0.03475912714 0.0
 -0.123542055523 0.22999329178 0.268159215606  -0.534594956704 -0.171712397582 -0.397928463692  0.397079213883 -0.0184447528875 0.0
 -0.103379551202 0.224061405573 0.273078049285  -0.534630648714 -0.194519859154 -0.392265542775  0.389144700734 0.00623818393967 0.0
 -0.0841095421973 0.217907628936 0.277559112898  -0.534662771523 -0.217115413822 -0.38067264132  0.379194650136 0.024606673238 0.0
 -0.0657420485502 0.21153335231 0.281545740887  -0.534691682051 -0.239428710717 -0.364594727561  0.366119754411 0.0365229289911 0.0
 -0.0483241486412 0.204941553955 0.284947495113  -0.534717701526 -0.259754788748 -0.349379131269  0.354352348258 0.0472475591689 0.0
 -0.031776820024 0.198137195434 0.287668116247  -0.534741119054 -0.279689904283 -0.330253784702  0.335709248264 0.0530535724828 0.0
 -0.0159794506039 0.191124337715 0.289621232036  -0.534762194829 -0.298485896157 -0.309739588341  0.312937948906 0.0567405229268 0.0
 -0.000756446809693 0.183905468259 0.290719756561  -0.534781163027 -0.31584168833 -0.288827397345  0.285514940532 0.0546741629418 0.0
 0.0141780404032 0.176483348865 0.290867546469  -0.534798234405 -0.33159005947 -0.26968693663  0.253530862209 0.0428144389554 0.0
 0.0289409696935 0.168860272028 0.289966446906  -0.534813598645 -0.34542183834 -0.253951469804  0.215756427674 0.0321406873675 0.0
 0.0434004495977 0.161040469532 0.287952803112  -0.534827426461 -0.357046565283 -0.240322031024  0.175205129476 0.0286881570923 0.0
 0.0574452587403 0.153033723003 0.284837662975  -0.534839871495 -0.366495759603 -0.228268528667  0.137772631509 0.0278885721523 0.0
 0.0708566451049 0.144848553576 0.280654169382  -0.534851072026 -0.374133441058 -0.216887895183  0.102772521916 0.0333227918601 0.0
 0.0833947626929 0.136496501433 0.27541798565  -0.534861152504 -0.380091938768 -0.20472839214  0.0699615618596 0.0420597434434 0.0
 0.0949756332232 0.127989220606 0.26916464417  -0.534870224934 -0.384392704613 -0.190696447494  0.0415552933141 0.052230692176 0.0
 0.105618356386 0.119331247493 0.261939328501  -0.534878390121 -0.387201511779 -0.173701350136  0.0143042583647 0.0659999306507 0.0
 0.115389596983 0.110525951241 0.25374404312  -0.534885738789 -0.388569911803 -0.153613430245  -0.0165887142883 0.0776230145087 0.0
 0.124556634259 0.101579370945 0.244605470848  -0.534892352591 -0.388355115179 -0.131061458892  -0.0415834009119 0.0773145592117 0.0
 0.133348520741 0.0924901088021 0.234588741018  -0.534898305012 -0.386776469278 -0.108315270404  -0.0648276825435 0.0724215648289 0.0
 0.141864619562 0.083251791146 0.223717388288  -0.534903662191 -0.383933742404 -0.0873112194023  -0.0919273112929 0.0664794083461 0.0
 0.150089254515 0.0738643689022 0.211977013252  -0.534908483653 -0.379294243423 -0.0683010772278  -0.118938700014 0.0626699290499 0.0
 0.157944922338 0.0643164901356 0.199414307301  -0.534912822968 -0.373580796134 -0.0492750163634  -0.137818238252 0.0623183207603 0.0
 0.165408369611 0.0545954560595 0.186051745539  -0.534916728352 -0.366638376231 -0.0295956510422  -0.163611320794 0.066617257915 0.0
 0.172252480054 0.0446980780518 0.171845955771  -0.534920243197 -0.357686670916 -0.0061334235312  -0.201619102572 0.0912555321235 0.0
 0.178446978439 0.0346148205113 0.156872135896  -0.534923406558 -0.347128000162 0.0236087793118  -0.23058266048 0.111891517373 0.0
 0.184504791485 0.0243374105699 0.141282518778  -0.534926253582 -0.335068135579 0.053678146322  -0.246350237128 0.100463904097 0.0
 0.190517170974 0.0138572387004 0.125170570244  -0.534928815905 -0.321608374383 0.0791431325418  -0.257732067348 0.104794436764 0.0
 0.196154892586 0.00315932670063 0.108614215789  -0.534931121995 -0.307566113778 0.107918915134  -0.263855864359 0.125614993088 0.0
 0.201479041711 -0.00775428739972 0.091622201581  -0.534933197476 -0.292377121099 0.136586022556  -0.279854173054 0.128968878394 0.0
 0.206694768799 -0.0188780463061 0.0742005879161  -0.534935065409 -0.275905855956 0.162599411781  -0.289383737022 0.118141221324 0.0
 0.211700903662 -0.0302266471974 0.056421679732  -0.534936746548 -0.259293605525 0.183988032903  -0.299083940099 0.11916556073 0.0
 0.216299743483 -0.041812970256 0.0382829458343  -0.534938259574 -0.242340871361 0.198232467099  -0.311184909385 0.120856696965 0.0
 0.220545264915 -0.0536435188475 0.0198004600671  -0.534939621297 -0.22427613611 0.209135524969  -0.31833046339 0.114686411884 0.0
 0.224561764165 -0.0657231457345 0.000976676359476  -0.534940846848 -0.206046679463 0.213410470874  -0.335810151133 0.0922100783877 0.0
 0.228302125199 -0.0780629829729 -0.0181785248699  -0.534941949843 -0.185447565038 0.217257922189  -0.346860222162 0.0765967628566 0.0
 0.231511501654 -0.0906861628561 -0.0376325325228  -0.534942942539 -0.164027854305 0.220720628373  -0.355681690583 0.0740832404171 0.0
 0.234217270998 -0.103603844737 -0.0573684125721  -0.534943835966 -0.14173534594 0.223837063938  -0.364557341749 0.0679749163754 0.0
 0.236383468919 -0.11683099542 -0.0773437488889  -0.53494464005 -0.119176055213 0.226641855947  -0.370672768623 0.0732466555071 0.0
 0.238115931628 -0.130378608181 -0.0975376123709  -0.534945363725 -0.0958152054586 0.229166168755  -0.38085830075 0.0733758361102 0.0
 0.239554343466 -0.144257123432 -0.117847415583  -0.534946015033 -0.0721784548383 0.2216403932  -0.383096440712 0.0804151755761 0.0
 0.240503193749 -0.15847961991 -0.138135613773  -0.53494660121 -0.048372729457 0.211352818204  -0.378556459562 0.108289042634 0.0
 0.241014649553 -0.173039585694 -0.158392090421  -0.53494712877 -0.0254585005733 0.19655619453  -0.383459240572 0.123375522986 0.0
 0.241340756726 -0.187921784404 -0.178599985079  -0.534947603573 -0.00141814300954 0.177275441957  -0.376073990672 0.133107201457 0.0
 0.241557796277 -0.20311942375 -0.198763580095  -0.534948030896 0.0221161404724 0.162585171457  -0.372236254526 0.144173404388 0.0
 0.241842197106 -0.218624118207 -0.218902858446  -0.534948415487 0.0454451708778 0.149576920552  -0.372714876265 0.145671448564 0.0
 0.242366614387 -0.234431435916 -0.239006364403  -0.534948761619 0.0685833707435 0.137762998465  -0.370523912983 0.142404303708 0.0
 0.243158303532 -0.250541560743 -0.25907457833  -0.534949073138 0.0914582815637 0.12808893504  -0.3693011097 0.139463873337 0.0
 0.244328959992 -0.266953436195 -0.279115873946  -0.534949353504 0.113913149123 0.120766729502  -0.371945905097 0.12989440908 0.0
 0.245975646587 -0.283664549112 -0.29907261092  -0.534949605834 0.135886230647 0.114389737063  -0.369082775261 0.117435737403 0.0
 0.247999133399 -0.300671660762 -0.318873501396  -0.534949832931 0.157206004995 0.106414022142  -0.362760640057 0.11006908674 0.0
 0.250270170318 -0.317967925375 -0.338496739852  -0.534950037319 0.178407716225 0.0929525986289  -0.358007047962 0.10651602422 0.0
 0.252793573068 -0.335541581999 -0.357958146316  -0.534950221267 0.199002743455 0.0774294367426  -0.353541549158 0.0994721141053 0.0
 0.255629169256 -0.353381636144 -0.377271774677  -0.534950386821 0.219893937436 0.0653755239523  -0.347275409223 0.0923633642333 0.0
 0.258766282708 -0.371482910908 -0.396448026943  -0.534950535819 0.24074654296 0.0589998458914  -0.34257221287 0.0921193355022 0.0
 0.261970052874 -0.389848564741 -0.415492510167  -0.534950669918 0.261320308046 0.0574150902693  -0.336279411059 0.103438171183 0.0
 0.265271017057 -0.408474427995 -0.434398773758  -0.534950790607 0.28155767795 0.0637630381114  -0.327619634747 0.115163584834 0.0
 0.268855069873 -0.427353643264 -0.453118382429  -0.52532626015 0.301107817637 0.0753334861639  -0.317578645055 0.130331841735 0.0
 0.272856986985 -0.446473380837 -0.471604990713  -0.526096329034 0.320393410827 0.0899002440438  -0.307418158827 0.138598657561 0.0
 0.277345952069 -0.465820589676 -0.489792800691  -0.533959747141 0.339196801345 0.104501273953  -0.293592073281 0.145269561036 0.0
 0.282290911986 -0.485387684261 -0.507612098339  -0.543106120839 0.35713901551 0.112530379784  -0.277028746103 0.15435029724 0.0
 0.287550242223 -0.505164502539 -0.525062019963  -0.553262784982 0.374092573986 0.113047309857  -0.259874560631 0.167907575208 0.0
