 0.240053275185 0.304522866297 0.155094014357  -0.333732303732 0.458871334764 -0.326557377049  0.101224899598 -0.0329113924051 0.0
 0.240043053241 0.304525527935 0.155101945812  -0.330579150579 0.458416227814 -0.329331651955  0.101024096386 -0.0316455696203 0.0
 0.239987160047 0.304533850966 0.155152878483  -0.32593951094 0.457369481828 -0.332711223203  0.105060240964 -0.0279746835443 0.0
 0.239859010609 0.304544352328 0.155294194682  -0.321892535393 0.455543202653 -0.334744010088  0.112708835341 -0.0196075949367 0.0
 0.239698114031 0.304554405681 0.155575424471  -0.318185907336 0.453015343606 -0.336195208071  0.122002208835 -0.0171405063291 0.0
 0.239599742526 0.304564082755 0.156038735823  -0.312662039897 0.448880833496 -0.337249079445  0.133980702811 -0.0263125316456 0.0
 0.239655069631 0.304569380786 0.156705619797  -0.3058887574 0.443508386321 -0.336053805801  0.147371789157 -0.0396306455696 0.0
 0.239879927225 0.304560875294 0.157584954894  -0.29857015193 0.437197337039 -0.332455991425  0.160026176506 -0.0452878341772 0.0
 0.240269886622 0.304528613935 0.158684282053  -0.29172600675 0.429755478636 -0.325434856343  0.174025566888 -0.0503793039241 0.0
 0.240852650032 0.304464216951 0.160013715426  -0.285501926024 0.421113849243 -0.314071698578  0.188633050359 -0.0600249178354 0.0
 0.2416739903 0.30435766404 0.161584386525  -0.27990025337 0.410976328177 -0.294513204634  0.204591030464 -0.0750350842797 0.0
 0.242712510947 0.304191173234 0.163425028185  -0.271641244764 0.398302725006 -0.273127457941  0.220760441474 -0.0809492973708 0.0
 0.243936073506 0.303946651093 0.165542646665  -0.263242886053 0.384835497821 -0.250097183774  0.238525762788 -0.0875379119375 0.0
 0.245316269416 0.303608833581 0.167933743538  -0.255620013149 0.370569489161 -0.219912181664  0.254514551971 -0.0947334878323 0.0
 0.246809697155 0.303156416088 0.170608959528  -0.248952477729 0.355636589397 -0.192745679765  0.268101249385 -0.0961462149985 0.0
 0.248447409948 0.302568882332 0.173614915595  -0.242887345786 0.34037005028 -0.168295828056  0.283943734888 -0.0999493150176 0.0
 0.250316345249 0.301836176975 0.176968844997  -0.236013025622 0.324244104351 -0.146290961517  0.299607594331 -0.116030332883 0.0
 0.252433603663 0.300948920601 0.180656914891  -0.226866034514 0.306915591452 -0.126486581633  0.314307477468 -0.133034894531 0.0
 0.254734785022 0.299893550966 0.18468072821  -0.216188440072 0.289245942456 -0.108662639737  0.328742191569 -0.14454153166 0.0
 0.257125417978 0.298652831758 0.18900447939  -0.204519403014 0.271217258749 -0.0926210920306  0.343741466388 -0.143505100013 0.0
 0.259449242285 0.297202593243 0.193554731669  -0.192923318569 0.252416838381 -0.0781836990949  0.357040010512 -0.127382438113 0.0
 0.26158446981 0.295523203568 0.198259586167  -0.182744242825 0.232993371824 -0.0651900454528  0.367402274521 -0.102745460125 0.0
 0.263514421607 0.293603747795 0.203058155735  -0.173454374527 0.213431763008 -0.0534957571748  0.376326705703 -0.088167116644 0.0
 0.265290390324 0.291440039208 0.207900217171  -0.163356041322 0.193004651982 -0.0429708977247  0.381547448788 -0.0889706581441 0.0
 0.266997988109 0.289028320533 0.212759748242  -0.152530089699 0.172663292174 -0.0334985242195  0.385643707925 -0.0998204277728 0.0
 0.268697394726 0.286363232577 0.217604383818  -0.140856231308 0.152054527484 -0.0249733880649  0.388326325084 -0.115914334363 0.0
 0.270390610272 0.28343869934 0.22238472199  -0.127968806376 0.13127011368 -0.0173007655258  0.388130238761 -0.132930495863 0.0
 0.272127309264 0.28025700898 0.227077238058  -0.113152620719 0.109742478165 -0.0103954052405  0.388355367495 -0.160903269062 0.0
 0.273904840397 0.276818183947 0.231649062883  -0.0972440510536 0.0878775210319 -0.00418058098382  0.386148344802 -0.18861041051 0.0
 0.275691292952 0.273124745591 0.236056590675  -0.0780357334643 0.0661185706972 0.00141276084722  0.384162024378 -0.212281015028 0.0
 0.277431012953 0.269179531861 0.240304265023  -0.0545706414564 0.0440584332816 0.00644676849516  0.383779958486 -0.224723799602 0.0
 0.279037073126 0.264983786019 0.244406476305  -0.0297841049813 0.0216557106868 0.0109773753783  0.387050557015 -0.225795723439 0.0
 0.280478577443 0.260542547827 0.248349907341  -0.00451611919356 -0.00128289204434 0.0150549215731  0.388387669988 -0.225494632108 0.0
 0.281766344534 0.255868817317 0.252089685687  0.0257540255443 -0.025262918294 0.0187247131485  0.388185449174 -0.237881877758 0.0
 0.282904742164 0.250971166475 0.25560079307  0.0576303604416 -0.0496210943146 0.0220275255663  0.383585779759 -0.247764576058 0.0
 0.283846015996 0.245855868859 0.258856982294  0.0876060631362 -0.0733963881729 0.0250000567423  0.378843667646 -0.255393181743 0.0
 0.284542413579 0.240530526777 0.261832629581  0.117029498007 -0.0966860972524 0.036628676541  0.374776569958 -0.260993104075 0.0
 0.284938760841 0.234999966959 0.264514322868  0.143832339712 -0.119714321283 0.0401587470962  0.368505740271 -0.263501388604 0.0
 0.285017486116 0.229269702169 0.266892508828  0.166217445509 -0.141811545289 0.0365262267372  0.362861993554 -0.265758844681 0.0
 0.284641461265 0.223338972074 0.268921578421  0.185913590276 -0.163682012891 0.02657347796  0.35517217974 -0.242474099453 0.0
 0.283590420524 0.217204775423 0.270539650602  0.206986323912 -0.184652736249 0.0202641755613  0.345038495903 -0.189872259128 0.0
 0.281835709738 0.210875254762 0.271743359797  0.231871990105 -0.204774680621 0.0212692838563  0.337323802939 -0.14379642562 0.0
 0.279550183306 0.204365989351 0.272583969499  0.258323143733 -0.224431794185 0.0274702243232  0.331987004974 -0.114986403311 0.0
 0.276933116444 0.197693932526 0.273092537691  0.279683879553 -0.243618547801 0.0334293809577  0.326782280381 -0.104247256651 0.0
 0.274148752187 0.190879031126 0.273241562881  0.295111887994 -0.262583524826 0.0352617265946  0.320089996118 -0.107240252505 0.0
 0.271271589144 0.183936796481 0.272979109877  0.307388343982 -0.280776768469 0.0335060457384  0.31185810494 -0.117528885482 0.0
 0.268325198068 0.176874734506 0.272277990174  0.314318750253 -0.298535513181 0.0247380388947  0.302039764325 -0.13944688301 0.0
 0.265280655489 0.169691477738 0.271113517214  0.320556115897 -0.315662652325 0.00701076716159  0.291396028857 -0.166768017494 0.0
 0.262046102945 0.162384298217 0.269422229528  0.326169744977 -0.332312367848 -0.0089437773982  0.276595783401 -0.195154506884 0.0
 0.25835511101 0.154941683027 0.267063166832  0.331222011148 -0.347804230992 -0.023302867502  0.253034598635 -0.190322600499 0.0
 0.253928355113 0.147359932717 0.263870728714  0.335769050703 -0.361792418516 -0.0362260485954  0.22299419098 -0.175847302475 0.0
 0.248554070545 0.139643178121 0.259717329498  0.339861386302 -0.374043707839 -0.0478569115795  0.186520073087 -0.153958774759 0.0
 0.242052962825 0.131792963303 0.254536041705  0.343544488341 -0.384504235307 -0.0583246882652  0.146866057746 -0.122866694751 0.0
 0.234282681723 0.123802941826 0.24832342619  0.346859280176 -0.392546887649 -0.0677456872823  0.108567002172 -0.0796939493267 0.0
 0.22518388686 0.11566725002 0.24111048792  0.349842592828 -0.398419953906 -0.0762245863977  0.0751018682202 -0.0294460733814 0.0
 0.214789304179 0.107384448468 0.232928828856  0.352527574214 -0.402483426301 -0.0907912828651  0.0421720026833 0.0246377744631 0.0
 0.203259624884 0.09896291881 0.223815634884  0.354944057462 -0.40472971991 -0.0954523815648  0.0101254851459 0.060655009675 0.0
 0.190830079168 0.0904138926853 0.213811059731  0.357118892385 -0.404950460942 -0.0927116831308  -0.0213268224048 0.0804122935176 0.0
 0.177680140342 0.0817432141311 0.202953924128  0.359076243816 -0.403146657289 -0.0846965047295  -0.051641931329 0.0956622034064 0.0
 0.163949084293 0.0729498899248 0.191306204539  0.351249700515 -0.399741815369 -0.0734475352149  -0.0785239229351 0.106855476737 0.0
 0.149757217815 0.0640349057931 0.178926401202  0.342532709872 -0.394798516089 -0.0625668422231  -0.10552896036 0.105537017671 0.0
 0.135137283803 0.0549971346192 0.165847776009  0.333786517392 -0.388021999764 -0.0522698049112  -0.130235100469 0.108147872866 0.0
 0.120053796856 0.0458229194876 0.152116674171  0.324949693194 -0.379946670603 -0.0419936440922  -0.152470626567 0.116826756465 0.0
 0.104470254975 0.03649999718 0.137775127395  0.31217029659 -0.370175786131 -0.0351410640462  -0.173285812906 0.125903574489 0.0
 0.0882696787657 0.0270087696113 0.122849099573  0.294684283662 -0.359015433966 -0.0311174998862  -0.188003416354 0.154325875268 0.0
 0.0713915549212 0.0173325474739 0.107306915202  0.274635417716 -0.34647453032 -0.0218216389266  -0.217112713273 0.193829996602 0.0
 0.0539973922891 0.00746397431403 0.0911676478358  0.255819237591 -0.332040977555 -0.00374540189396  -0.237889393753 0.207864718461 0.0
 0.0361877012929 -0.00261904932367 0.0745308524827  0.238369874965 -0.317542425602 0.0163063135792  -0.252371538715 0.225559259273 0.0
 0.0180454286809 -0.0129306835875 0.0574172356053  0.218740094676 -0.302653796461 0.0332179268619  -0.277453661952 0.228826118156 0.0
 -0.000237846340608 -0.0234756704632 0.0398399829467  0.197212288554 -0.284455902674 0.043772552839  -0.297617934311 0.193791607606 0.0
 -0.0185716864483 -0.0342726523055 0.0218980920055  0.178094663302 -0.265951798656 0.0483536834315  -0.310344092687 0.155931434187 0.0
 -0.0369655641881 -0.0453428677124 0.00364126642928  0.15696344665 -0.246112356389 0.0524767009648  -0.330432173378 0.116793986971 0.0
 -0.0553807060302 -0.0566996988294 -0.0149305338197  0.139875853594 -0.224492473718 0.0561874167447  -0.343290562466 0.0613171199196 0.0
 -0.0739170859158 -0.0683649496442 -0.0337724282982  0.12784322319 -0.202570500256 0.0595270609467  -0.352654277304 0.0354385724846 0.0
 -0.0927016679514 -0.0803609732443 -0.0528633753351  0.116949505761 -0.180181599245 0.0625327407284  -0.367105717043 0.0235402848564 0.0
 -0.111693018782 -0.0926977912803 -0.0722051141598  0.109011311942 -0.156819833573 0.065237852532  -0.375091932488 0.00270524371252 0.0
 -0.130882956117 -0.105387199054 -0.091778301981  0.103990489628 -0.133369174577 0.0676724531552  -0.3824803296 0.000409402885571 0.0
 -0.150277235713 -0.118450269309 -0.111583719854  0.099729149803 -0.109487429085 0.0698635937161  -0.396358802664 0.00214061449575 0.0
 -0.169779800804 -0.131907422747 -0.131549892315  0.0962156942821 -0.0843985132356 0.0718356202209  -0.394994006735 0.00496452772972 0.0
 -0.189452200161 -0.145770874543 -0.151590222634  0.0917665830264 -0.05948444047 0.0736104440752  -0.391155248632 0.0353541509061 0.0
 -0.209273599761 -0.160041660104 -0.171721761795  0.0861536312874 -0.0346822157846 0.0752077855441  -0.395130085215 0.0475149383471 0.0
 -0.229168154958 -0.174720112402 -0.19192701642  0.0791714727919 -0.0097205932569 0.0766453928661  -0.389068883922 0.0635229381833 0.0
 -0.249188740574 -0.189812830283 -0.212176350493  0.0697987270571 0.0147798452379 0.0779392394559  -0.3858226381 0.0918541886688 0.0
 -0.269297843779 -0.205321671388 -0.232456838971  0.0578240023566 0.0393918418597 0.0791037013868  -0.383704229712 0.114820668536 0.0
 -0.289341272648 -0.221242735496 -0.2527504145  0.0435074965868 0.0636361307899 0.0801517171245  -0.378986417182 0.120300626999 0.0
 -0.309251540101 -0.237572421929 -0.273018426184  0.0268259875974 0.0877510301613 0.0810949312885  -0.372732353777 0.13156170354 0.0
 -0.329002920407 -0.254306503405 -0.293225891559  0.0102682279625 0.110663723777 0.081943824036  -0.362886829243 0.144228317996 0.0
 -0.348500170892 -0.271432460151 -0.313363366743  -0.00810865918385 0.134321361542 0.0827078275089  -0.355431479652 0.144235865943 0.0
 -0.367640056903 -0.288935404068 -0.333450259109  -0.0253557083234 0.156790012073 0.0833954306344  -0.351332106787 0.135381899602 0.0
 -0.386386284917 -0.306809472687 -0.353486017801  -0.0422294039003 0.179118292577 0.0761958623503  -0.346437851932 0.12614750711 0.0
 -0.404767055989 -0.32505502005 -0.373452051474  -0.0590244815283 0.200943151441 0.0727427326096  -0.340225793646 0.125431490576 0.0
 -0.422836640464 -0.343672788114 -0.393321780476  -0.0771001543536 0.222477469025 0.0722830873436  -0.332024499422 0.13111618962 0.0
 -0.440627476924 -0.362659052022 -0.413070286806  -0.0961996627277 0.243100146673 0.0732565440569  -0.322233696066 0.142561532683 0.0
 -0.458180907334 -0.382007496163 -0.432677888824  -0.116671073546 0.263051883517 0.0742587585037  -0.312618760195 0.160457278149 0.0
 -0.475509854902 -0.401706114693 -0.452132198769  -0.138956347144 0.282575314891 0.0738997174578  -0.303162105059 0.175297626284 0.0
 -0.492581867139 -0.421736978084 -0.471417825013  -0.162487996857 0.301427204116 0.0740809941358  -0.293446296159 0.175995711756 0.0
 -0.509398402639 -0.442082393275 -0.490511757407  -0.188621436554 0.319746222213 0.0772706248609  -0.281489216744 0.175358165897 0.0
 -0.526017620054 -0.462724708766 -0.50938831393  -0.217482587621 0.337442622682 0.0829155674189  -0.269322222781 0.179847665763 0.0
 -0.542499513746 -0.483642424097 -0.528006922883  -0.245130725256 0.354240587837 0.0864827748637  -0.255560683233 0.183888215643 0.0
 -0.558900400903 -0.504813064046 -0.54634127435  -0.270979300092 0.37004791843 0.0876756070873  -0.23956083981 0.188790533319 0.0
