 -0.342427154072 0.281610531907 0.164430652991  0.0339664183254 0.449709625839 0.252852161785  0.127242888403 -0.0374226804124 0.0
 -0.342368354377 0.281608305341 0.164440153153  0.0341860335817 0.449038055644 0.250341701534  0.125273522976 -0.0332989690722 0.0
 -0.342175677916 0.281604953011 0.164482329665  0.0345365840098 0.447755676367 0.246478382148  0.127221006565 -0.0326804123711 0.0
 -0.341780354998 0.281599347168 0.164588453628  0.034916018014 0.445654940838 0.243280334728  0.131380743982 -0.0331546391753 0.0
 -0.341081547228 0.281591102475 0.164796417048  0.0353853858557 0.442664182923 0.240053417015  0.136218599562 -0.0387360824742 0.0
 -0.340009473296 0.281578401122 0.165123665628  0.0359746133104 0.439000322993 0.236103165969  0.140791487965 -0.0447903092784 0.0
 -0.338553154853 0.281555856019 0.165577849948  0.0366439150172 0.434129456028 0.233175555091  0.149502273523 -0.0502391134021 0.0
 -0.336744041492 0.28151356165 0.166183186525  0.0373602640915 0.428127511385 0.230959115342  0.159311345952 -0.0551430371134 0.0
 -0.33460367385 0.281442862704 0.166950194896  0.0381912342352 0.420141814931 0.228824849554  0.169233603042 -0.0574947127835 0.0
 -0.332177910531 0.281334990962 0.167880569418  0.0389780265239 0.411592360013 0.228019770456  0.179914181468 -0.0606421487216 0.0
 -0.329503742039 0.281181361871 0.168986366783  0.0397667578424 0.402458771597 0.227853079324  0.190839612337 -0.0624439132309 0.0
 -0.326567095658 0.280974741895 0.170263103241  0.0405488944678 0.392530834956 0.228609612396  0.200891318499 -0.0671582847944 0.0
 -0.323417301098 0.280707912099 0.171710954251  0.0413056362898 0.382099049829 0.231103602342  0.212126037853 -0.0683084356964 0.0
 -0.320103880811 0.280372287056 0.173343881164  0.0420311829688 0.370836442576 0.234952098453  0.222893740413 -0.0693435715082 0.0
 -0.316599320631 0.279961004658 0.175170011942  0.0427981525181 0.358851679034 0.237369719849  0.231928217575 -0.0713061215739 0.0
 -0.312865102737 0.279468303561 0.177195141139  0.0435801631308 0.346402456126 0.239406109092  0.243122704352 -0.0741033444681 0.0
 -0.308877120703 0.278887598874 0.179424647302  0.0443868304606 0.332870045499 0.241169124403  0.25297892407 -0.0786827007429 0.0
 -0.304580183196 0.278215949665 0.181860676887  0.045254607995 0.318330786392 0.24212822312  0.263381250481 -0.0889896884006 0.0
 -0.299869370634 0.277451612871 0.184510500607  0.046152365254 0.303704039701 0.242642736931  0.272962162632 -0.106513399973 0.0
 -0.294694699852 0.276587502355 0.187384930542  0.0471938617431 0.28803916819 0.241153219165  0.283116712233 -0.122284740388 0.0
 -0.289122572899 0.275612193487 0.190481354456  0.0483174645603 0.27165104926 0.238069278002  0.29400635392 -0.130293379751 0.0
 -0.283252135249 0.274515329435 0.193783045827  0.0494399046938 0.254925407078 0.235223995948  0.304025849819 -0.135439299508 0.0
 -0.277039787292 0.273293716009 0.19728315139  0.0505918777516 0.237480260038 0.232384302071  0.31348103289 -0.145225266464 0.0
 -0.270453896842 0.271940372996 0.200973375685  0.0517648705613 0.219445121786 0.226620767262  0.323084789557 -0.15093985322 0.0
 -0.263529855453 0.270445359638 0.20482668308  0.0529178619885 0.201122035895 0.218783655668  0.332822262461 -0.152990197795 0.0
 -0.256283846423 0.268803275266 0.208792517256  0.054066751871 0.182207209984 0.210684230129  0.339616622648 -0.155866435747 0.0
 -0.24866141604 0.267012213545 0.212845889085  0.0552063904835 0.163156364265 0.202139517019  0.345950365198 -0.164640616915 0.0
 -0.240703109929 0.265062441799 0.216972174021  0.0563460427729 0.143631325856 0.190823054856  0.352526007015 -0.16532088512 0.0
 -0.232478103671 0.262945016743 0.221144134566  0.0574690277317 0.123314947348 0.177360693583  0.358662903031 -0.165933126505 0.0
 -0.224031039712 0.260653313621 0.225343741359  0.0585380929336 0.102951537039 0.162594638172  0.364404927826 -0.164422288082 0.0
 -0.215405778328 0.258181073724 0.229549275003  0.0595641902343 0.0814393062643 0.145957907967  0.371104478807 -0.16100067783 0.0
 -0.206489028111 0.255530756966 0.233733768508  0.0605627361836 0.0592768914677 0.127498100434  0.374945890883 -0.167199579119 0.0
 -0.197245152844 0.252698965165 0.237889841804  0.0614808871177 0.0361455566542 0.104956798061  0.381466619081 -0.165562095434 0.0
 -0.187675689029 0.249682633272 0.241981851275  0.062265523859 0.012500364596 0.0794395004028  0.38449063551 -0.166150215788 0.0
 -0.177773114405 0.246485333632 0.245976080493  0.0630161759655 -0.0108973533474 0.0536147972245  0.388962797342 -0.168741379776 0.0
 -0.167683392158 0.243100277412 0.249843616864  0.0636889829214 -0.0347439147827 0.0263279339595  0.391018377564 -0.16385693252 0.0
 -0.15760770264 0.239517762959 0.253558479247  0.0642500301424 -0.0583036774458 -0.00122884827886  0.39461894681 -0.151213507309 0.0
 -0.147690822674 0.235733613327 0.257087453535  0.0647299531818 -0.0816053212139 -0.0279825324886  0.395233638562 -0.14395813596 0.0
 -0.137997990553 0.231750343323 0.26042116529  0.0650812656586 -0.104879326988 -0.0553383936052  0.394255132474 -0.13845922958 0.0
 -0.128650272747 0.227563765026 0.263555713912  0.065319608569 -0.127392929307 -0.0823296588472  0.394030932137 -0.125262791158 0.0
 -0.119843668849 0.223162123536 0.266470649068  0.0654646186895 -0.150015260937 -0.107458617649  0.39579851726 -0.101014862558 0.0
 -0.111681439782 0.218542234583 0.269124117168  0.0656396068372 -0.172498800401 -0.128679980431  0.395201160064 -0.0771298711475 0.0
 -0.104246333835 0.213712690558 0.271442249958  0.0659194135281 -0.19490859417 -0.145547686711  0.390068352591 -0.0566643067131 0.0
 -0.0975822972921 0.208687821847 0.273403742351  0.0663630554067 -0.217207245466 -0.158706307161  0.388293464816 -0.0423690100625 0.0
 -0.0917354511513 0.203480404327 0.275011303236  0.0669319094346 -0.240135001891 -0.169921450504  0.388008976102 -0.032596026582 0.0
 -0.086765228081 0.198083269017 0.276273406182  0.0675105966186 -0.263283573976 -0.178620379372  0.39650567149 -0.0196766301094 0.0
 -0.0823046469488 0.192477294249 0.277176861717  0.0676561231904 -0.286758798286 -0.186449415354  0.394962325347 -0.0296986578201 0.0
 -0.077745014264 0.186648641576 0.277604493685  0.0667362798028 -0.309830855778 -0.19621521301  0.382632394782 -0.064491678636 0.0
 -0.0728349374489 0.180579228687 0.277363887121  0.0649437815901 -0.332117933295 -0.209118796311  0.361469811759 -0.0916816860301 0.0
 -0.0678034593575 0.174249329099 0.276193991725  0.0629357817253 -0.353078125895 -0.224497711659  0.326668563625 -0.104812486499 0.0
 -0.063088300142 0.167636704644 0.273872048585  0.0612564590849 -0.371903923795 -0.241686015807  0.281561882317 -0.101166289396 0.0
 -0.0591552490008 0.16072277074 0.270281196468  0.0600341824636 -0.387779025499 -0.258480454673  0.225210945726 -0.0803589388067 0.0
 -0.0561613263461 0.153507569604 0.265442033247  0.0591759882804 -0.400333326339 -0.27247968954  0.170556371941 -0.0585395397714 0.0
 -0.0537332031805 0.146009371884 0.259408686104  0.0585036913538 -0.409502360191 -0.284590855872  0.116553251159 -0.0543659981654 0.0
 -0.051536683893 0.138254999548 0.252207740868  0.0581154594363 -0.415234503449 -0.296397460662  0.0677316240734 -0.0547335220602 0.0
 -0.0493444393355 0.130252312134 0.243911675955  0.0579801060869 -0.418423493142 -0.307651020035  0.0255427067427 -0.0550642935655 0.0
 -0.0469246550985 0.1220183504 0.234528203825  0.0580250844697 -0.41895907795 -0.318546308547  -0.0242435114152 -0.0605166270955 0.0
 -0.044120149974 0.11355959045 0.224124117652  0.0583963778686 -0.416818782563 -0.328073128181  -0.0629241930964 -0.0623309437674 0.0
 -0.0407686011763 0.104869956787 0.212795003832  0.058886218565 -0.41289699385 -0.336717000858  -0.102550810986 -0.0680875401123 0.0
 -0.0367396359647 0.0959564694017 0.200571184687  0.0593993536305 -0.405133293825 -0.347704296588  -0.144998136889 -0.0835777551733 0.0
 -0.0317284897771 0.086820906229 0.187533999812  0.0600001721872 -0.395696331568 -0.360870408073  -0.174229176592 -0.116075649759 0.0
 -0.0258277359404 0.0774486417851 0.173785680508  0.0606799058859 -0.384747037394 -0.376694803807  -0.197692473375 -0.12161241468 0.0
 -0.019430682439 0.0678206101714 0.159393748351  0.0613528248936 -0.372935525212 -0.391424905016  -0.215308346388 -0.112162513418 0.0
 -0.0125337880949 0.0579386191228 0.144379850741  0.0621447079775 -0.360520706301 -0.402589945895  -0.230068540195 -0.110874097128 0.0
 -0.00518118135382 0.0478015185225 0.128751568005  0.0631353967483 -0.347473368642 -0.408663587289  -0.246197353572 -0.102498027621 0.0
 0.00257233702013 0.0374009995935 0.112553906631  0.0641715735196 -0.334016661775 -0.411828609313  -0.26333910618 -0.0990832764056 0.0
 0.0106077626183 0.0267297326515 0.0958554442249  0.0651680712327 -0.319762996876 -0.414956069163  -0.278766683527 -0.0908553611362 0.0
 0.0186917465007 0.015775494388 0.078714452116  0.0661844565925 -0.304804861563 -0.414144562665  -0.283679949528 -0.0752028147133 0.0
 0.0269187516061 0.0045467991525 0.061143862617  0.0672771195733 -0.289570873648 -0.408184081294  -0.298167534444 -0.0755485126234 0.0
 0.0353359356861 -0.00695363583585 0.0431825800458  0.068377273734 -0.273308317783 -0.401913092969  -0.306392356492 -0.066581290227 0.0
 0.0437735103157 -0.0187364224743 0.0248705056941  0.0694897298367 -0.256369491122 -0.390271992877  -0.311387694147 -0.0543870787301 0.0
 0.0524500204533 -0.0307916306894 0.0062014531232  0.070490940329 -0.238604559918 -0.374704347286  -0.327043235455 -0.0599071337437 0.0
 0.0610394313307 -0.043143901323 -0.012731752937  0.0713920297722 -0.219846694268 -0.358252741009  -0.327566483025 -0.0308545646992 0.0
 0.0696128373225 -0.0557933928691 -0.0319310314944  0.072203010271 -0.200495795229 -0.335775444593  -0.337884232972 -0.0315113762705 0.0
 0.0781967375465 -0.0687479896908 -0.0513630939698  0.0729328927199 -0.180278578993 -0.310803897344  -0.340386838121 -0.00529838297338 0.0
 0.0866518019183 -0.0820223667319 -0.0710152567084  0.073589786924 -0.159818933438 -0.285958514583  -0.347453187132 0.00798403264355 0.0
 0.0950378564552 -0.095626373762 -0.0909101729047  0.0741809917076 -0.138559073992 -0.255926819331  -0.353812901241 0.0323093407194 0.0
 0.103093740415 -0.109588656128 -0.111018966514  0.0748103739112 -0.117263384054 -0.224714193186  -0.361943646128 0.061418612833 0.0
 0.1109709786 -0.123924266338 -0.131314262456  0.0752489406567 -0.0953981905159 -0.19167164416  -0.370136590049 0.0804004628899 0.0
 0.118467678824 -0.138664937501 -0.151716414392  0.0754685145105 -0.0735513039875 -0.154750644319  -0.370508051394 0.121195468147 0.0
 0.12538470097 -0.15382593131 -0.172137025909  0.075363117524 -0.0516697265149 -0.117546849064  -0.367778909275 0.16822025123 0.0
 0.13200192695 -0.169388811751 -0.192585963136  0.0750347452801 -0.029731343566 -0.0870620386348  -0.370793140886 0.178583793117 0.0
 0.138846416832 -0.185338045088 -0.213147864392  0.074539054584 -0.00744762398393 -0.0516759184533  -0.375037678 0.179663558135 0.0
 0.145937990875 -0.201698047523 -0.233812089749  0.0738371784818 0.0147887277973 -0.0106233893695  -0.377107214358 0.207439470363 0.0
 0.153320440279 -0.218494838898 -0.254532019208  0.0729247160545 0.0369632608378 0.0290435520779  -0.379845070603 0.234499647038 0.0
 0.161496924235 -0.235734388953 -0.275270736247  0.0718143861148 0.0597281435804 0.0676726696735  -0.378808047131 0.240297105014 0.0
 0.170620723871 -0.253426992744 -0.295982788102  0.0705120757141 0.083088300121 0.105158540781  -0.37590536058 0.255824095544 0.0
 0.180661730512 -0.271577917367 -0.316644591585  0.0691064813975 0.106402175577 0.137849799674  -0.374387034588 0.277014881866 0.0
 0.191711905592 -0.290183973155 -0.33722010018  0.0675439929375 0.129456937233 0.167062727656  -0.367550081676 0.298148445226 0.0
 0.203922757331 -0.309237613395 -0.357685305744  0.0656846231111 0.152675042678 0.193563567861  -0.359427458629 0.31923050792 0.0
 0.217526133826 -0.32872340724 -0.378006985323  0.0637165166323 0.175279044646 0.216716973976  -0.349491277317 0.323771374653 0.0
 0.232706805418 -0.348622955844 -0.398147097942  0.0616394274065 0.197400708458 0.23985629471  -0.337485256806 0.307239598013 0.0
 0.249399159414 -0.36892548174 -0.418030731935  0.0594392342489 0.218704513532 0.263471083649  -0.318364739879 0.305763060892 0.0
 0.267574590469 -0.389605608981 -0.437577370755  0.057397901728 0.238773365025 0.281865258408  -0.30028100112 0.297217682638 0.0
 0.287424904531 -0.410616628821 -0.456774412185  0.0556580003576 0.257647611509 0.295491145399  -0.283349181096 0.272001069013 0.0
 0.309104170581 -0.431913064358 -0.475650291386  0.0541754873229 0.275568235712 0.307405768655  -0.271611637166 0.233842199225 0.0
 0.332618739224 -0.453449067432 -0.494234667479  0.0528606851712 0.292758517993 0.321755149949  -0.254702114587 0.196406432911 0.0
 0.357544999021 -0.475207277407 -0.512529059789  0.0516217644357 0.308658297789 0.335855088231  -0.238389452362 0.189518366939 0.0
 0.383694708658 -0.497162251869 -0.530508004545  0.0505373151132 0.323454188509 0.34728980256  -0.220206962268 0.175071684885 0.0
 0.411082522385 -0.519284973491 -0.548156671083  0.0495946700025 0.336936783729 0.358208660519  -0.200341627092 0.14866760918 0.0
