 -0.185039734054 0.27945155233 0.184927076366  -0.233499496475 0.49247009019 0.0361500815661  0.254128205128 -0.283035714286 0.0
 -0.185189827569 0.279429424709 0.184932679846  -0.228011077543 0.490930118412 0.0334584013051  0.236948717949 -0.241964285714 0.0
 -0.185594928012 0.27938521754 0.18499831258  -0.220352467271 0.488482729002 0.0254893964111  0.237128205128 -0.218392857143 0.0
 -0.186031643666 0.279348328722 0.185209369673  -0.211495971803 0.484691023989 0.018072593801  0.241648717949 -0.209678571429 0.0
 -0.18642767442 0.279313652385 0.185614450613  -0.198540231621 0.479916442727 0.00821639477977  0.243922307692 -0.199157142857 0.0
 -0.186746633023 0.279272175867 0.186226122333  -0.182197286002 0.474189784036 -0.00383526101142  0.249045461538 -0.194152142857 0.0
 -0.187010334612 0.279210579648 0.187023227938  -0.163913609768 0.467256540953 -0.0152527137031  0.252630658974 -0.186969071429 0.0
 -0.187355891937 0.279094881207 0.188014617131  -0.14594772714 0.459255777956 -0.0264256478793  0.260985541795 -0.169790021429 0.0
 -0.18780804877 0.278901314776 0.189188724582  -0.128972793298 0.449975209056 -0.03746008146  0.266710064538 -0.157007447857 0.0
 -0.188291687489 0.278617814555 0.190515402313  -0.112184778822 0.440113401998 -0.049022393053  0.271092904238 -0.145503131643 0.0
 -0.188856225217 0.278225550862 0.191961367901  -0.0976797954013 0.429654856448 -0.058531246733  0.278370793302 -0.125327818479 0.0
 -0.18963341316 0.277713674362 0.193488071695  -0.088452097835 0.41861016349 -0.0610533259749  0.285177303715 -0.105384322345 0.0
 -0.190665423072 0.277074091453 0.195093129045  -0.0827151458561 0.406645275738 -0.0612840455797  0.289764701549 -0.0811851758248 0.0
 -0.191870949263 0.276301966305 0.196765259674  -0.0801702173732 0.394238739452 -0.0594525415111  0.294919000625 -0.0638702296709 0.0
 -0.193164185733 0.275406808284 0.198481486474  -0.0797931754949 0.381483802251 -0.0547046772458  0.297250177485 -0.0491796352752 0.0
 -0.194605217668 0.274375725978 0.200223385518  -0.0825756907752 0.368249649893 -0.0456192013646  0.302425159737 -0.0234581003191 0.0
 -0.196130892402 0.273205489516 0.201984563138  -0.0897123815164 0.354670098733 -0.0283884394663  0.306826233507 -0.0101301474301 0.0
 -0.197387791225 0.271916067033 0.203794970003  -0.0970921000617 0.340620169662 -0.00994437529132  0.308479507592 -0.0177778469728 0.0
 -0.198257987326 0.270504606554 0.205677109943  -0.102928207276 0.32609168236 0.00714467887729  0.313044377346 -0.0193036337041 0.0
 -0.19890639461 0.268958298446 0.207635487901  -0.108885638311 0.311267470256 0.027581923877  0.319204042175 -0.0171054131908 0.0
 -0.199416717268 0.267281271243 0.209700190587  -0.114398383644 0.295894879928 0.0495643513914  0.323209278983 -0.020484157586 0.0
 -0.199814764727 0.265473920035 0.211924919965  -0.118906682238 0.280470494088 0.0682066111952  0.332455017752 -0.0190607418274 0.0
 -0.200176450251 0.263528710068 0.214337300531  -0.123165560842 0.264220303382 0.0841689843334  0.341801823669 -0.0151010962161 0.0
 -0.200438617333 0.261452489184 0.216942142995  -0.126948199118 0.247257565025 0.0964959684449  0.350983179763 -0.0186802723088 0.0
 -0.20049645384 0.259256557636 0.219736351593  -0.12974834396 0.229923488994 0.102859422171  0.357964348967 -0.0219015307922 0.0
 -0.200400074852 0.256935164425 0.222682155369  -0.132419531719 0.211972983152 0.105242321716  0.364760221762 -0.0221220919987 0.0
 -0.200038462796 0.254486358356 0.225737862689  -0.13321232175 0.192682366229 0.10771319558  0.368568814971 -0.0294634542274 0.0
 -0.199301775262 0.251876047026 0.228901425508  -0.135587464197 0.172148837257 0.101127846659  0.376099112961 -0.0217849659475 0.0
 -0.1980156186 0.249089594588 0.232118696341  -0.138480379409 0.151821922118 0.0943853719438  0.38159432987 -0.0255886122099 0.0
 -0.195980052261 0.246142508263 0.23533760974  -0.139271314277 0.13058886789 0.0907641267559  0.383719512267 -0.0361547509889 0.0
 -0.19323006106 0.243028746146 0.238544952166  -0.139731393323 0.1091599584 0.0846501936888  0.386914227707 -0.0403071330329 0.0
 -0.189700515417 0.239768908508 0.241706750069  -0.139742644726 0.0876099972863 0.0753956147767  0.387738189552 -0.0601157054439 0.0
 -0.185441144071 0.236380369181 0.244798104184  -0.138342901905 0.0659756310935 0.0613568689597  0.390018216751 -0.0716934206138 0.0
 -0.180860120344 0.232845100314 0.247777568846  -0.136176788955 0.04443709001 0.0480694691763  0.392583061742 -0.067827649981 0.0
 -0.176082999786 0.229173612306 0.250609180325  -0.133723762628 0.0227945958075 0.034968884412  0.392070909414 -0.0768484564114 0.0
 -0.17125120459 0.22537101018 0.253259084958  -0.130962161793 0.00113216794648 0.0202419796576  0.390327921037 -0.0751457536274 0.0
 -0.166626001971 0.221425290775 0.255690013358  -0.129181655583 -0.0206893131589 0.00503017973425  0.388246410984 -0.072720463979 0.0
 -0.162184213011 0.217345097964 0.257864176346  -0.129291183882 -0.0422919567862 -0.0131465739651  0.382783308348 -0.0883948461525 0.0
 -0.157888816109 0.213146386603 0.259711024238  -0.129440111818 -0.0637405941035 -0.037172862735  0.368892157 -0.103394647252 0.0
 -0.153733187184 0.208843765635 0.261217176384  -0.129322384624 -0.0843327902916 -0.0637720528073  0.359467043864 -0.117787325384 0.0
 -0.149932584158 0.20442284902 0.262373837216  -0.128310085739 -0.10428916707 -0.0897504755853  0.354317775375 -0.105740735702 0.0
 -0.146818473311 0.199871235751 0.263173612002  -0.125233860649 -0.123648764995 -0.109949979413  0.35429881835 -0.0788273764178 0.0
 -0.144422188124 0.195203724089 0.263608738661  -0.120149044574 -0.143268856899 -0.122664606268  0.351717654464 -0.0599624959189 0.0
 -0.142619011459 0.190437674185 0.263679557769  -0.114565660761 -0.16281049075 -0.13174235445  0.35195870953 -0.0536983891841 0.0
 -0.141279462115 0.185570150081 0.263394231734  -0.111403656619 -0.182379677886 -0.140564856363  0.349867966783 -0.0516321216943 0.0
 -0.140340995065 0.180602750785 0.262728650524  -0.115456140907 -0.20224361819 -0.153562204332  0.345678606002 -0.0595939095249 0.0
 -0.139917972417 0.175531059713 0.261640241561  -0.122376287138 -0.222329888925 -0.167380535285  0.344985104376 -0.0578309471438 0.0
 -0.139767464207 0.170367434298 0.260138845993  -0.129963935363 -0.242401519948 -0.181693052719  0.348207106759 -0.0732085667151 0.0
 -0.139356994662 0.165144362002 0.258255031911  -0.144597451192 -0.262680847676 -0.202404660987  0.346491524288 -0.119191281472 0.0
 -0.138225060089 0.159871701817 0.256009906334  -0.157767615439 -0.283509087836 -0.221045108428  0.348793653911 -0.154325724754 0.0
 -0.136300957495 0.154493095926 0.253271478672  -0.16962076326 -0.304592070702 -0.237821511126  0.340096339802 -0.159161009421 0.0
 -0.133810076522 0.148942911174 0.249783717537  -0.1802885963 -0.324781553736 -0.252920273553  0.313550808386 -0.143869908479 0.0
 -0.131184513425 0.143159106532 0.245364137942  -0.189889646035 -0.343056389343 -0.266509159738  0.275044445496 -0.121179346202 0.0
 -0.128794659231 0.137105915715 0.239955953923  -0.198530590797 -0.358773635248 -0.278739157304  0.227568206074 -0.0971864115822 0.0
 -0.12675848927 0.130776040342 0.233561367171  -0.206307441083 -0.371808658987 -0.289746155113  0.180480616236 -0.0720213418526 0.0
 -0.125135165797 0.124159748908 0.226172941526  -0.21330660634 -0.381987937882 -0.299652453142  0.132204349484 -0.0377656362388 0.0
 -0.123859521699 0.117265526996 0.217781008774  -0.221922068566 -0.389554098999 -0.315664369329  0.0864480171 -0.00336407261488 0.0
 -0.122984086556 0.110086147795 0.2084207691  -0.22967598457 -0.394615070472 -0.321184392428  0.0457801384669 0.0392044775038 0.0
 -0.122163776031 0.10263732806 0.198138926889  -0.236654508973 -0.39724344624 -0.317914240298  0.0032816117997 0.0525161726105 0.0
 -0.121206546828 0.0949548873231 0.186921513938  -0.242935180936 -0.397467748772 -0.311055932092  -0.0408644980982 0.0519966982066 0.0
 -0.119925039358 0.087065241628 0.174828365449  -0.248587785702 -0.395025287043 -0.303496831542  -0.0808524072628 0.0470648855288 0.0
 -0.118207137699 0.0789697685191 0.161956515503  -0.253675129992 -0.390716512557 -0.293349432238  -0.107867166536 0.0381619684045 0.0
 -0.115619787741 0.0706916226173 0.14839381197  -0.258253739853 -0.384599214329 -0.285277131755  -0.137565065267 0.0131850572783 0.0
 -0.112163147246 0.0622207726457 0.134167489057  -0.262374488727 -0.377314395663 -0.277685797046  -0.161216251048 0.00588440869336 0.0
 -0.108157659064 0.0535045144754 0.119329844409  -0.266083162715 -0.368438898179 -0.26522553708  -0.187886933636 0.0162781106812 0.0
 -0.103701856722 0.044500822168 0.103893760901  -0.269420969303 -0.358162466487 -0.252298415672  -0.213429009503 0.014025299613 0.0
 -0.0992029618424 0.0351450160716 0.0878072035838  -0.272424995233 -0.346815389726 -0.230712946046  -0.243339954707 0.0486049125089 0.0
 -0.0946260117422 0.0253843710885 0.0711191714228  -0.27512861857 -0.332891136477 -0.20264002012  -0.274618779749 0.0502622784009 0.0
 -0.0899477832048 0.015189240759 0.0538952501241  -0.277561879573 -0.317438883986 -0.177374386787  -0.28969279921 0.0794324791322 0.0
 -0.0850764773271 0.00453964224063 0.0362181171191  -0.279751814475 -0.300881387391 -0.154635316787  -0.316079929545 0.0815785169333 0.0
 -0.0794320052365 -0.0065307612695 0.0181465488668  -0.281722755888 -0.283513231473 -0.134170153787  -0.329059116078 0.0594028080971 0.0
 -0.0726697057366 -0.0180031071186 -0.000224155849565  -0.283496603159 -0.265231421793 -0.115751507087  -0.342022435239 0.0198018130017 0.0
 -0.0642871945434 -0.0298357522561 -0.0188331219388  -0.285093065703 -0.245869639206 -0.0991747250567  -0.350612499408 -0.0274462254414 0.0
 -0.054531129495 -0.0420384062784 -0.0376176059587  -0.286529881993 -0.226542077703 -0.0842556212296  -0.350651249467 -0.0288980314687 0.0
 -0.0435480866279 -0.0546039654117 -0.0565805318212  -0.287823016654 -0.207042848765 -0.0708284277853  -0.356839970674 -0.0328832283218 0.0
 -0.031370946548 -0.0675276991809 -0.0757113522092  -0.288986837848 -0.18719892342 -0.0587439536854  -0.358563665914 -0.0132556197753 0.0
 -0.0182486316516 -0.0808287807956 -0.0950349268371  -0.290034276924 -0.167284049791 -0.0478679269955  -0.369858581374 0.00708779934506 0.0
 -0.00398586598574 -0.0945132420838 -0.114572065615  -0.290976972091 -0.146881983851 -0.0380795029746  -0.375408620673 0.0137897336963 0.0
 0.0112625563951 -0.108614257253 -0.134283068459  -0.291825397742 -0.126783821665 -0.0292699213557  -0.379890835528 0.0350000460409 0.0
 0.0274912646425 -0.123158376952 -0.154132277721  -0.292588980828 -0.106707623681 -0.0213412978988  -0.381360726335 0.0210536128654 0.0
 0.0453043029047 -0.13812013454 -0.174113764353  -0.293276205605 -0.0865407572576 -0.0142055367876  -0.383965679342 -0.0182838912783 0.0
 0.0643169141018 -0.153544465364 -0.194144951306  -0.293894707905 -0.0661511762861 -0.00778335178743  -0.386053726793 -0.00725907357902 0.0
 0.0839761613332 -0.169466167027 -0.214148528266  -0.294451359974 -0.0461685514484 -0.00200338528731  -0.376138097703 0.00444897663603 0.0
 0.10420212185 -0.185864096545 -0.234166545878  -0.294952346837 -0.0265705931684 0.00319858456279  -0.378239672548 0.0239147932581 0.0
 0.124653641724 -0.202755033203 -0.254191536312  -0.295403235013 -0.00668689418044 0.00788035742788  -0.375002884781 0.0646483139323 0.0
 0.145475689799 -0.220122164983 -0.274204909505  -0.295809034372 0.0129692791323 0.0120939530065  -0.371576955277 0.0834513396819 0.0
 0.167060326489 -0.237928882331 -0.294250609694  -0.296174253795 0.0328931009583 0.0158861890272  -0.378493618723 0.0762669199995 0.0
 0.189604350179 -0.256173424955 -0.314284841433  -0.296502951275 0.0534136564984 0.0192992014458  -0.381385282492 0.0519437994281 0.0
 0.213673808425 -0.274821974718 -0.334322121165  -0.296798779008 0.0739068205743 0.0223709126226  -0.381936497833 -0.0101255805147 0.0
 0.238877267974 -0.29390827013 -0.35432244538  -0.297065023967 0.0948907013735 0.0251354526817  -0.379355668562 -0.00259516532039 0.0
 0.264468025293 -0.313479076506 -0.374235732342  -0.29730464443 0.116064678049 0.0276235387349  -0.37267394786 0.0256107797831 0.0
 0.290544237628 -0.333508531418 -0.394079402638  -0.297520302847 0.136820747823 0.0298628161828  -0.36794245051 0.0295675589476 0.0
 0.317276385231 -0.353974875802 -0.413871965615  -0.297714395423 0.15756882213 0.0318781658859  -0.366761025972 0.0286643744814 0.0
 0.34468722557 -0.374871598687 -0.433621751478  -0.29788907874 0.17869009195 0.0336919806187  -0.365954154144 0.0198157941762 0.0
 0.372756480527 -0.396199076811 -0.453333270527  -0.298046293726 0.200098154968 0.0353244138782  -0.363176687447 0.0198877861871 0.0
 0.401295898801 -0.417971457001 -0.472989524858  -0.298187787214 0.220942195536 0.0367936038117  -0.357087223831 0.032452578997 0.0
 0.430210720854 -0.440198853547 -0.492525688861  -0.298315131352 0.241198856405 0.0381158747519  -0.345965680935 0.0562608925258 0.0
 0.45953638955 -0.462864458741 -0.511922975382  -0.298429741077 0.26068759706 0.0393059185981  -0.333905010277 0.0759026604161 0.0
 0.489346214945 -0.485933348214 -0.53119870587  -0.298532889829 0.279509750907 0.0403769580597  -0.323563227198 0.0900088229459 0.0
 0.519425396949 -0.509394858159 -0.550321998388  -0.298625723707 0.297762653355 0.0413408935751  -0.310665878837 0.118775797794 0.0
