 0.313376580773 -0.432055899607 0.250816067407  -0.400525164114 0.40485489272 0.327108225108  0.0501071428571 -0.079125 0.0
 0.313249794151 -0.432085523123 0.250832988678  -0.398118161926 0.404408408781 0.32529004329  0.0529642857143 -0.070375 0.0
 0.313014128607 -0.432136377941 0.250921269557  -0.391429613421 0.403026789036 0.321402597403  0.0598214285714 -0.06375 0.0
 0.312817470526 -0.432202334472 0.25108403088  -0.381106491612 0.40090276572 0.316345454545  0.0667071428571 -0.0665375 0.0
 0.31269805631 -0.432297778601 0.251305826047  -0.367220495988 0.398011360536 0.310235584416  0.0743328571429 -0.06779625 0.0
 0.312440066901 -0.432468818711 0.251593423575  -0.348304427425 0.39411925338 0.300061376623  0.0858388571429 -0.061429125 0.0
 0.31184782306 -0.432754478142 0.251941586184  -0.328945902991 0.389332715615 0.287701126407  0.0994085428571 -0.0556987125 0.0
 0.310992572833 -0.433147837289 0.252356478656  -0.309335047192 0.383672977477 0.274412399048  0.110192688571 -0.05054134125 0.0
 0.309932659383 -0.433645477636 0.252816854504  -0.290007669387 0.377456802141 0.260807522779  0.120969848286 -0.044649707125 0.0
 0.308645497387 -0.434263304006 0.253304350312  -0.27159187692 0.370646815837 0.246138891713  0.129597863457 -0.0393472364125 0.0
 0.307293284019 -0.434996197113 0.253787638349  -0.254507087477 0.363476032306 0.232590803408  0.13629164854 -0.0383250127712 0.0
 0.305805706778 -0.435899039444 0.254255085328  -0.238109624536 0.356104554587 0.218492762028  0.143030340829 -0.0286550114941 0.0
 0.304194895134 -0.436988696308 0.254704128831  -0.223278968428 0.348161778652 0.204938723921  0.149452306746 -0.0249520103447 0.0
 0.302486632029 -0.438236597791 0.255125659106  -0.208399649265 0.339431983027 0.190489007373  0.156303504643 -0.0203693093102 0.0
 0.300683381815 -0.439588161023 0.255507572805  -0.194132988496 0.330186105821 0.176012401008  0.162112439893 -0.0187448783792 0.0
 0.29879959086 -0.440981940614 0.255842562577  -0.179761265139 0.320587376176 0.161078693374  0.166269053046 -0.0160328905413 0.0
 0.296898862991 -0.442365105738 0.256127878683  -0.165659682754 0.310292808222 0.146339655206  0.170367147742 -0.0160921014872 0.0
 0.295133748516 -0.443673149229 0.256351778834  -0.151436529941 0.299775061569 0.13368058146  0.175126861539 -0.0211453913384 0.0
 0.293708160211 -0.444851221479 0.256521362827  -0.135353416699 0.288975838929 0.121161873963  0.178696318242 -0.0281933522046 0.0
 0.292633530239 -0.4458553584 0.256627293438  -0.119128067735 0.27840077767 0.108596335918  0.181551686418 -0.0332865169841 0.0
 0.29202982841 -0.446597780833 0.256665536404  -0.100951220116 0.267481759062 0.0943436287329  0.183764374919 -0.0378703652857 0.0
 0.291927143003 -0.447008065629 0.256624542988  -0.0819662366892 0.256445414981 0.0809967117471  0.18575579457 -0.0444958287572 0.0
 0.292344944395 -0.447016460136 0.256493099491  -0.0631292045593 0.245297276806 0.0685515860269  0.189690929399 -0.0417087458814 0.0
 0.293396449694 -0.446557013616 0.256281285332  -0.0451547231989 0.234029920452 0.0574375529654  0.191803979316 -0.0492003712933 0.0
 0.295151007631 -0.445539323486 0.25600362891  -0.0264248088659 0.222779291051 0.0458764816515  0.19513429567 -0.054692834164 0.0
 0.297322081604 -0.443910909933 0.255673321954  -0.00774439945996 0.211469301918 0.0345191365167  0.19920300896 -0.0508860507476 0.0
 0.299716401311 -0.44160696629 0.25530097989  0.0105267582103 0.199529180606 0.023951205549  0.203579136636 -0.0474599456728 0.0
 0.3021794741 -0.43856130854 0.254886798074  0.0281378314775 0.187394010282 0.0143534875915  0.209660508686 -0.0468764511055 0.0
 0.304553357008 -0.434739083842 0.254438196159  0.045154828782 0.175132905174 0.00597528168947  0.215133743532 -0.046351305995 0.0
 0.306577110718 -0.430149772105 0.253973249586  0.0612724604188 0.16272745293 -0.00502830708554  0.222202512036 -0.0408786753955 0.0
 0.307822731939 -0.424860490812 0.253495337558  0.0747571764484 0.149553368185 -0.0167497188012  0.230707260832 -0.0209533078559 0.0
 0.308057433662 -0.418916716718 0.253015764062  0.0831005689421 0.135637904863 -0.026346608393  0.240861534749 0.00447952292966 0.0
 0.307195223117 -0.412337881344 0.252553389368  0.0860873756511 0.121191626469 -0.0350703891121  0.252857524131 0.0323690706367 0.0
 0.305252337104 -0.405114039066 0.252104724443  0.0828674054091 0.105976159717 -0.0418828307204  0.266511057433 0.056219663573 0.0
 0.302450498574 -0.397183824127 0.251661952111  0.0747907305137 0.0893862952024 -0.0448105649644  0.279870665975 0.0739351972157 0.0
 0.299003421139 -0.388507003305 0.251204067192  0.0654064787607 0.0714230470539 -0.0403459586844  0.291180027949 0.0711291774942 0.0
 0.295131327446 -0.37905993451 0.250688618493  0.0593676543711 0.0528872783772 -0.0291416658462  0.300287025154 0.0711037597447 0.0
 0.290959856159 -0.368850067466 0.250070736205  0.0605702033031 0.0336067980901 -0.0190578022919  0.307411894067 0.0560808837703 0.0
 0.286671548579 -0.357872887167 0.249341262199  0.0661747438772 0.0147164767084 -0.00998232509303  0.313824276089 0.0400602953932 0.0
 0.282384920192 -0.346103556807 0.248505090729  0.0783668974982 -0.00536679194715 -0.00181439561403  0.321023991337 0.0193917658539 0.0
 0.278064864652 -0.333512807196 0.247579281506  0.0906527460416 -0.0262446606874 0.00553674091707  0.332146592204 0.00454008926852 0.0
 0.273624400638 -0.320113221935 0.246549703866  0.10149119135 -0.0480919173026 0.0219363135786  0.343228361555 -0.00132641965833 0.0
 0.269038168468 -0.305922297131 0.245390984592  0.110516397525 -0.0706379903621 0.0328864051645  0.352487668256 -0.0116062776925 0.0
 0.264182749899 -0.290990815913 0.244072682871  0.116232080894 -0.0940238378594 0.0380661629164  0.362606758574 -0.0108581499232 0.0
 0.258836871783 -0.275389212618 0.242552269092  0.118677435897 -0.117756205407 0.040909763075  0.37028536843 -0.00393483493092 0.0
 0.252864734697 -0.259195982962 0.240768102837  0.119419466195 -0.141757032838 0.0443348040835  0.377553260159 0.00854614856217 0.0
 0.246203666903 -0.242445694025 0.238664427296  0.122202537811 -0.166476963934 0.0517463453202  0.381594362714 0.018529033706 0.0
 0.238871162123 -0.22512104794 0.236187831585  0.127187243913 -0.190820895966 0.0617067757232  0.3845170693 0.0275136303354 0.0
 0.231109091357 -0.207145789445 0.233298307354  0.133788723752 -0.214733411356 0.072316184731  0.379647505227 0.0230997673018 0.0
 0.223113448543 -0.188421062437 0.229965935165  0.139802995068 -0.238158433112 0.0805659515393  0.375622040419 0.0153772905716 0.0
 0.214835802973 -0.16892652535 0.22619001849  0.140547713796 -0.261436165393 0.0859993996754  0.375213407805 0.0121770615145 0.0
 0.206252392807 -0.148622636962 0.221949376907  0.135893380053 -0.284364296342 0.0892444813529  0.369845638454 0.00554685536303 0.0
 0.197324351453 -0.127473169641 0.217206340483  0.128349264513 -0.306928176766 0.0918187345163  0.367871788894 0.0120796698267 0.0
 0.187976121161 -0.105513046401 0.211967721216  0.114338553963 -0.329771945968 0.0962134844413  0.365738181433 0.0179592028441 0.0
 0.178330688868 -0.0827746524728 0.206167746524  0.0926844213963 -0.352774597582 0.102939322144  0.351675077575 0.0220007825596 0.0
 0.168437835059 -0.0594274192413 0.199663656539  0.0680899398694 -0.374642803209 0.110204697289  0.319375426961 0.0181382043037 0.0
 0.157842203363 -0.0356875070914 0.192272654166  0.0452255118926 -0.393604853038 0.115358253534  0.264591455693 0.0371618838733 0.0
 0.146524075812 -0.0116166736724 0.183916089937  0.0246475267136 -0.407917380261 0.119650133809  0.204214452981 0.019283195486 0.0
 0.135293055191 0.0128582040118 0.174638542014  0.00612734005244 -0.418008130143 0.116240098783  0.14737515054 -0.0168076240626 0.0
 0.12444428959 0.0377268097495 0.164475181406  -0.0105408279426 -0.42454732705 0.103906997995  0.0919340640575 -0.0442893616564 0.0
 0.113557763275 0.0628840430367 0.153454457419  -0.0255421791381 -0.428535047526 0.0870929215724  0.0409656576518 -0.0577729254907 0.0
 0.10201003723 0.0881633060055 0.141586433112  -0.0390433952141 -0.430096214732 0.0703152311468  -0.00633447954197 -0.0611581329416 0.0
 0.0895315997785 0.113393334658 0.128919327819  -0.0511944896825 -0.429095212879 0.0546092491577  -0.0528331744449 -0.0554548196475 0.0
 0.0761243538749 0.138468818283 0.115498079455  -0.062130474704 -0.42530456794 0.0394349043285  -0.100396285572 -0.0565718376827 0.0
 0.0621061697564 0.163347396129 0.101364941994  -0.0719728612234 -0.418457541631 0.0214489896532  -0.1439173713 -0.0600771539145 0.0
 0.0474783121214 0.187894198207 0.0865751834495  -0.0808310090909 -0.408307868331 0.000932662116452  -0.179872062742 -0.060731938523 0.0
 0.0322811369955 0.211999316661 0.0711840404315  -0.0888033421716 -0.396357833079 -0.0178783530129  -0.21330271361 -0.0688212446707 0.0
 0.0166596842716 0.23559756906 0.0552786370741  -0.0959784419442 -0.38164645756 -0.0387909506121  -0.240533156535 -0.0798516202036 0.0
 0.000775254427215 0.258636943527 0.0389053427861  -0.10243603174 -0.365907149768 -0.064885015724  -0.270040555167 -0.0935289581833 0.0
 -0.0152939747808 0.28103313528 0.0220294827543  -0.108247862555 -0.348982253965 -0.0871575531127  -0.297668642508 -0.110838562365 0.0
 -0.0316898180994 0.302578006627 0.00474566076386  -0.11347851029 -0.330481833356 -0.111531841091  -0.316105349686 -0.108917206128 0.0
 -0.0484008351077 0.323201835989 -0.0128876961336  -0.11818609325 -0.311326183816 -0.133728440532  -0.330198386146 -0.115937985516 0.0
 -0.0654022499113 0.342845486876 -0.0308349004449  -0.122422917915 -0.291134344301 -0.153705380029  -0.343596404674 -0.123506686964 0.0
 -0.0823787386775 0.361486414951 -0.0490614893542  -0.126236060113 -0.270047140803 -0.171684625576  -0.357440335635 -0.169068518268 0.0
 -0.0992851698874 0.37904090518 -0.0675428917856  -0.129667888092 -0.247757235106 -0.187865946568  -0.364185587786 -0.176324166441 0.0
 -0.116780526114 0.3953044905 -0.086232677722  -0.132756533273 -0.225439095621 -0.202429135461  -0.367399171864 -0.155354249797 0.0
 -0.135060355699 0.410165831994 -0.105098257375  -0.135536313935 -0.202686268783 -0.215536005465  -0.366719968964 -0.127731324817 0.0
 -0.153870639856 0.423603861621 -0.124137489102  -0.138038116531 -0.179498815165 -0.23157461271  -0.376108686353 -0.120370692335 0.0
 -0.17327174232 0.435495739077 -0.143322670247  -0.140289738868 -0.155963605607 -0.246009359231  -0.376701389146 -0.0874961231019 0.0
 -0.193134141641 0.445824563778 -0.162633467036  -0.142316198971 -0.132307651843 -0.259000631101  -0.381163393089 -0.0804090107917 0.0
 -0.213187984966 0.454564508291 -0.182069775227  -0.144140013064 -0.108474815469 -0.270692775783  -0.385536339494 -0.0790306097125 0.0
 -0.233417504495 0.461603582976 -0.201587908512  -0.145781445747 -0.0850842978314 -0.281215705997  -0.38304341983 -0.0602900487413 0.0
 -0.253774473552 0.466865869017 -0.221144064548  -0.147258735162 -0.0615585667956 -0.290686343189  -0.377942649276 -0.0409235438671 0.0
 -0.274270017868 0.470322099319 -0.24072290346  -0.148588295636 -0.0377995227168 -0.299209916662  -0.372637670063 -0.0122436894804 0.0
 -0.294678128636 0.471991432134 -0.260380422099  -0.149784900062 -0.0142335726775 -0.306881132788  -0.373934617342 -0.00268182053238 0.0
 -0.31474406893 0.471830682269 -0.280108826486  -0.150861844046 0.00948725451455 -0.313785227302  -0.376173298465 0.00217386152086 0.0
 -0.334517098078 0.469799421497 -0.299824238224  -0.151831093631 0.0335707131137 -0.319998912364  -0.35640239719 0.0202939753688 0.0
 -0.35394498811 0.466024369581 -0.319480526113  -0.152703418257 0.0566286858306 -0.32559122892  -0.341822871757 0.0341020778319 0.0
 -0.373046155469 0.460583574783 -0.339111296331  -0.150789750392 0.0804814441854 -0.33062431382  -0.32834415601 0.0627793700487 0.0
 -0.392171282441 0.45334780326 -0.358784324009  -0.157674305623 0.103524022823 -0.33515409023  -0.321213311837 0.0973389330438 0.0
 -0.411346990718 0.444209058892 -0.378561331145  -0.163870405331 0.126110291011 -0.339230888999  -0.316224123511 0.129692539739 0.0
 -0.430250505256 0.433169841953 -0.39846423144  -0.169446895067 0.148440908939 -0.342900007892  -0.310662425445 0.140060785766 0.0
 -0.448416167417 0.420328582823 -0.418451190908  -0.174465735831 0.170200377514 -0.346202214895  -0.303156897186 0.140642207189 0.0
 -0.465895099358 0.405724887058 -0.4384880107  -0.178982692517 0.190968321904 -0.349174201197  -0.292473350325 0.14991548647 0.0
 -0.482808147255 0.389372985825 -0.458542073145  -0.183047953535 0.210533836234 -0.35184898887  -0.278572443864 0.154511437823 0.0
 -0.499261833322 0.371323562236 -0.478615050958  -0.186706688452 0.228942749523 -0.354256297775  -0.265347342335 0.158647794041 0.0
 -0.51521101935 0.351657305403 -0.498735743079  -0.189999549877 0.246416141692 -0.35642287579  -0.252373322387 0.139870514637 0.0
 -0.530432685952 0.330416893838 -0.518946351268  -0.192963125159 0.263742095425 -0.358372796003  -0.265339561577 0.104220963173 0.0
 -0.544006055832 0.307803562875 -0.539165424121  -0.195630342913 0.280216019332 -0.360127724195  -0.244866319705 0.0758863668557 0.0
 -0.557013619932 0.283829261314 -0.559354402099  -0.198030838891 0.295048752014 -0.361707159568  -0.214654687734 0.0791352301701 0.0
