 -0.306965660869 -0.400755544911 0.220510472278  0.0823784099441 0.446583675866 -0.112446043165  0.09440433213 0.067 0.0
 -0.307027286584 -0.400726662957 0.220502548714  0.0821587275104 0.44623722842 -0.11121274409  0.0904332129964 0.067 0.0
 -0.307245159627 -0.400554481904 0.220572890171  0.0817385500959 0.444974163241 -0.106094552929  0.103826714801 0.0598571428571 0.0
 -0.307701154834 -0.400203365937 0.220821899642  0.0815327994216 0.442715854375 -0.10487975334  0.115519855596 0.0534285714286 0.0
 -0.308400083099 -0.399587217462 0.22126961742  0.0814505130558 0.439221250734 -0.104505858171  0.130014801444 0.0433571428571 0.0
 -0.309254215508 -0.398740206032 0.221937563309  0.0813736745363 0.434367358191 -0.102627728674  0.146670361011 0.0328642857143 0.0
 -0.310104938438 -0.397730091221 0.222850241002  0.0814602441256 0.427650058661 -0.101656836588  0.167436537906 0.0277064285714 0.0
 -0.31084466963 -0.396664617083 0.223997358594  0.0815743070298 0.419420108579 -0.0996525095581  0.187209129603 0.0202072142857 0.0
 -0.311373099333 -0.395676223542 0.225355946033  0.0816964291758 0.409646741291 -0.0956903418499  0.206809516282 0.0134579214286 0.0
 -0.311601836871 -0.394918739642 0.226892585567  0.0818647357034 0.399030393645 -0.0928438153731  0.219034701838 0.00738355785714 0.0
 -0.311612321668 -0.394521918842 0.228555447994  0.0819800613044 0.38769646761 -0.0873014687792  0.230759390499 0.00905948778571 0.0
 -0.311605670053 -0.394587097701 0.230305254899  0.0820477040714 0.375640385147 -0.0810800577698  0.236618469499 0.01199639615 0.0
 -0.31147904646 -0.395122130289 0.232095766188  0.0820418435944 0.363357145223 -0.0674643438736  0.242974673091 0.000353899392143 0.0
 -0.311153551275 -0.396151522239 0.233940568862  0.0820866233906 0.350364472392 -0.0499686802981  0.251944353796 -0.0144100619756 0.0
 -0.310578061315 -0.397688842361 0.235845550525  0.0822075681259 0.336580638189 -0.0297004864718  0.262905153074 -0.0291261986352 0.0
 -0.309743702025 -0.399689008861 0.237812627906  0.0823553494518 0.321562151586 -0.00518984173008  0.274935937405 -0.0266564359146 0.0
 -0.308524955029 -0.402032686459 0.239836823922  0.0824744486937 0.305667357449 0.0251945072939  0.286124654134 -0.0387193637517 0.0
 -0.306620859609 -0.40458172791 0.241921687872  0.0827985396548 0.288854702738 0.0499710483425  0.294750455869 -0.0552902845194 0.0
 -0.304058926383 -0.407250613869 0.244043955326  0.0832264802445 0.27160939688 0.0735032343613  0.302152666599 -0.0673469703531 0.0
 -0.301000114886 -0.409970737034 0.246187648975  0.0837284199679 0.254221328595 0.0928322531657  0.307731623766 -0.0710551304607 0.0
 -0.297533986435 -0.412675884081 0.248331237132  0.0842413431056 0.236922037779 0.109303395783  0.311669652725 -0.0772496174146 0.0
 -0.293555408816 -0.415216434123 0.250456974556  0.0848253287027 0.219708518675 0.124332973985  0.315213878789 -0.0885389413874 0.0
 -0.289155131755 -0.417525933805 0.252555922768  0.0854621473521 0.202384290413 0.135598546062  0.319486714736 -0.0901279043916 0.0
 -0.28434745062 -0.419499643805 0.254619557053  0.086168762071 0.184602232482 0.144915361549  0.32405428875 -0.0929865425238 0.0
 -0.279177194835 -0.421038310187 0.256652545394  0.0868575503338 0.165885520684 0.151553321797  0.330692181175 -0.0941307454143 0.0
 -0.273603869026 -0.422018126111 0.258625724565  0.0875080484636 0.147055747242 0.15012769157  0.335944262696 -0.0923033851586 0.0
 -0.267503739157 -0.422374752696 0.260470194419  0.0882075091827 0.128024394479 0.149564048826  0.337061027762 -0.107801618071 0.0
 -0.260731101332 -0.421997624264 0.262173231975  0.0890122136188 0.10912870782 0.145048548363  0.337705105492 -0.126035741978 0.0
 -0.253455979179 -0.420868424573 0.263749810318  0.0898309944816 0.0900673931155 0.132659829189  0.341533872921 -0.133875024923 0.0
 -0.24604643598 -0.418987555514 0.265193680527  0.0905929243708 0.0709392210382 0.120379457781  0.34786785025 -0.11521609386 0.0
 -0.238651923891 -0.416288538024 0.26649438698  0.0912313878359 0.0514925097389 0.112102046433  0.353207419015 -0.0941373416166 0.0
 -0.231095279701 -0.412625508619 0.267639154102  0.091736485197 0.0316475453181 0.101363578686  0.354402922601 -0.0908807503121 0.0
 -0.22330300406 -0.40786669131 0.268605817492  0.0922021959832 0.011520488966 0.0873824109506  0.35764494081 -0.0850926752809 0.0
 -0.215441541052 -0.401953338775 0.26938065985  0.0925740622557 -0.009118817711 0.0720244370703  0.357674670556 -0.0798834077528 0.0
 -0.207634648014 -0.394834344482 0.269938286624  0.0928225374016 -0.0297435184414 0.0572772862718  0.358423448988 -0.0651950669775 0.0
 -0.199916450965 -0.386445902877 0.270262429908  0.0929349334209 -0.0503550738198 0.0433882010157  0.358375327916 -0.0605469888512 0.0
 -0.192164090608 -0.376675101433 0.270341185257  0.0929415429681 -0.0710957261559 0.0279075515205  0.359776062272 -0.0577922899661 0.0
 -0.184379955434 -0.365455938235 0.270167555804  0.0928585062709 -0.091864485895 0.0119194685164  0.362480766514 -0.0595987752552 0.0
 -0.176531829477 -0.352722572321 0.269733700223  0.0926697608411 -0.112676158269 -0.00637525325813  0.363831967841 -0.0569388977296 0.0
 -0.168835266093 -0.338522398471 0.269023171683  0.0923803159714 -0.133749587656 -0.0235599273157  0.366853103187 -0.0474021508138 0.0
 -0.161255256071 -0.32287030242 0.26801418989  0.0920169263475 -0.155187782149 -0.0399511082737  0.368489092507 -0.0431047928753 0.0
 -0.153865745275 -0.305858442998 0.266675568439  0.0915730824934 -0.176883801351 -0.0544976212901  0.365629352932 -0.0363800278735 0.0
 -0.146946617657 -0.287576747115 0.264974396294  0.0913043201688 -0.198647447052 -0.0629646114736  0.361972554823 -0.0117563108004 0.0
 -0.140464677222 -0.268012094851 0.262916978191  0.0909206137713 -0.220372132764 -0.0666794555677  0.360125479846 0.00469074885105 0.0
 -0.134414704565 -0.247132523414 0.260504217039  0.0905280045785 -0.242819241273 -0.0641646446461  0.366405350634 0.0109216739659 0.0
 -0.128512396211 -0.225078876808 0.257742083457  0.0895434169067 -0.265534850909 -0.0608735655874  0.376028353477 0.0179580779979 0.0
 -0.122768648214 -0.202014027114 0.254583885995  0.0884515095199 -0.288274847909 -0.0531839479804  0.381800969392 0.0385765559124 0.0
 -0.117367821078 -0.177874673355 0.250991423361  0.0874020539045 -0.311447832877 -0.0407134462964  0.380859139601 0.0557046146069 0.0
 -0.112656482146 -0.152842239748 0.246904784409  0.0864241743671 -0.33425302023 -0.0203430266411  0.368459146219 0.101119867432 0.0
 -0.108535685307 -0.127337308049 0.24219673063  0.0854662206549 -0.355910983033 -0.0020096489513  0.333111426543 0.109136452117 0.0
 -0.104223290876 -0.101863195731 0.236658501822  0.0844566804281 -0.374780718553 0.0144903909695  0.268807504105 0.0877799497627 0.0
 -0.0995080995453 -0.0766902332447 0.230184060107  0.0837483111256 -0.389954907414 0.0365346715026  0.206240833117 0.0442733833579 0.0
 -0.0943405443781 -0.0518461096505 0.222794753294  0.0830496013667 -0.401521248734 0.046610906305  0.142710612621 -0.00345395497792 0.0
 -0.0889395890713 -0.027268342361 0.214514945654  0.0826432258078 -0.409323792093 0.0556795176273  0.0844503816839 -0.0249799880516 0.0
 -0.0834624944946 -0.00293139666589 0.205385394714  0.0824359928519 -0.413991412883 0.0638412678173  0.0320161738404 -0.047210560675 0.0
 -0.0778492605748 0.0211931387336 0.195463234753  0.0823245645297 -0.415332612171 0.0711868429883  -0.0249219056375 -0.0729323617503 0.0
 -0.072057014732 0.0452266140645 0.184817236712  0.0825246043922 -0.412758129579 0.0777978606422  -0.0707510147127 -0.0946534112896 0.0
 -0.0661839190601 0.0692237260451 0.173572134631  0.0826907363169 -0.407927883269 0.0837477765307  -0.104415985444 -0.122773784446 0.0
 -0.0602516103897 0.0932351868172 0.161774824353  0.0829264595485 -0.401143785488 0.0891027008303  -0.128216264156 -0.116653548859 0.0
 -0.0542898849575 0.117111378788 0.149439973907  0.0832331573271 -0.393106212576 0.0939221327  -0.159744818245 -0.129716765402 0.0
 -0.0482029224172 0.140766768956 0.136589424218  0.0838039490998 -0.382965761606 0.0982596213827  -0.187759506096 -0.138616517433 0.0
 -0.0419044956292 0.164204503966 0.123259222032  0.0844845091132 -0.370322033361 0.102163361197  -0.210084638519 -0.143769151404 0.0
 -0.0355280090276 0.187410466216 0.109504876274  0.0852749837045 -0.356229818281 0.10567672703  -0.226928160227 -0.146977950549 0.0
 -0.0290875473559 0.210503228866 0.0954084062137  0.0861727237868 -0.340957276852 0.10883875628  -0.233784080666 -0.138437298351 0.0
 -0.0224689268417 0.233591015789 0.0809848595833  0.087083579102 -0.325291848638 0.111684582605  -0.245369571516 -0.155036425659 0.0
 -0.0156835728854 0.256601491805 0.066222010853  0.0881675239643 -0.308850038995 0.114245826297  -0.252186404978 -0.148547068807 0.0
 -0.0084699493422 0.279482674552 0.0511226971583  0.08941837258 -0.291856285829 0.11655094562  -0.263736717549 -0.159849504784 0.0
 -0.00106497735808 0.301962188738 0.0357052784792  0.0905997521403 -0.274923622602 0.118625553011  -0.274131998863 -0.161450268591 0.0
 0.00676421896285 0.323947700885 0.0199372442907  0.0919716614678 -0.257253221586 0.120492699662  -0.289985946991 -0.160033813161 0.0
 0.0149296235428 0.34516325487 0.00381949507015  0.0932063798626 -0.238777928788 0.122173131649  -0.302088435324 -0.154473288987 0.0
 0.023102457878 0.365276648231 -0.0126155142869  0.0943176264179 -0.21992468083 0.123685520437  -0.319839880601 -0.143754531517 0.0
 0.0313865505461 0.384129719059 -0.0293340679624  0.0953177483177 -0.200191050093 0.125046670346  -0.329678997234 -0.114107649794 0.0
 0.0397985944283 0.401591039095 -0.0462990740891  0.0962178580276 -0.180199425999 0.126271705264  -0.338534202203 -0.115996884815 0.0
 0.048501085821 0.417600792091 -0.0634723300744  0.0970279567664 -0.159159401192 0.12737423669  -0.344337821694 -0.101982910619 0.0
 0.0572940457034 0.431982425223 -0.0808505724768  0.0977570456313 -0.138684917326 0.128366514974  -0.348478046745 -0.0807989052713 0.0
 0.066079519062 0.444543072976 -0.098429621263  0.0984132256098 -0.117979549492 0.129259565429  -0.352926270951 -0.0488761576013 0.0
 0.0749830589103 0.455085796233 -0.116226577535  0.0990037875904 -0.0975478893171 0.122560741466  -0.358734726889 -0.0272885418412 0.0
 0.0843668806572 0.463425477064 -0.134195609994  0.0995352933729 -0.0768634468329 0.116531799899  -0.362879304741 -0.0121454019428 0.0
 0.0943713078024 0.469487418967 -0.152275654188  0.0999580327712 -0.0556167968061 0.111105752489  -0.361555273184 -0.00137371889138 0.0
 0.105189977364 0.473388483859 -0.170440260339  0.100277320843 -0.0349152463092 0.10622230982  -0.356392525649 0.0183207958549 0.0
 0.116972215192 0.475217585954 -0.188677678656  0.100467352447 -0.0146103335397 0.101827211417  -0.353190096189 0.00604585912655 0.0
 0.129978972944 0.475087890332 -0.206959027758  0.100657846423 0.00557248489938 0.0978716228552  -0.34453173639 0.0135698446425 0.0
 0.143744567084 0.472885304652 -0.225246618385  0.100759771244 0.0249466515592 0.0943115931493  -0.334212136758 0.0417700030354 0.0
 0.158003589204 0.468636538335 -0.243571600552  0.10064016352 0.0441626147063 0.091107566414  -0.329617637884 0.0657215741604 0.0
 0.1726640188 0.46230312397 -0.261992058578  0.100221068054 0.0633771224664 0.0882239423523  -0.3290926972 0.0972779881729 0.0
 0.188041470677 0.453813061204 -0.280550149054  0.0995185296701 0.0830189756925 0.0856286806967  -0.33511844553 0.0928216179271 0.0
 0.204767709745 0.443179319413 -0.29921960991  0.0988584372214 0.102834048176 0.0832929452067  -0.334404434912 0.0773823132772 0.0
 0.222296307894 0.430131924679 -0.317929646863  0.0982170805825 0.122294154809 0.0811907832657  -0.327985652071 0.110629796235 0.0
 0.24029231481 0.414634649855 -0.336680856859  0.09747857377 0.141323224354 0.0792988375187  -0.326540877478 0.156266816612 0.0
 0.2587710287 0.396750653361 -0.355503135523  0.0965664273021 0.161132886652 0.0775960863465  -0.326323612835 0.178768706379 0.0
 0.277970287084 0.376602230925 -0.374410323949  0.0955730864823 0.180916955591 0.0760636102915  -0.323239988013 0.176163264313 0.0
 0.298093586024 0.354302069119 -0.393355252611  0.0946762989541 0.199902887748 0.074684381842  -0.314688552389 0.158104080738 0.0
 0.319040589221 0.329859584481 -0.412329668121  0.0940388183872 0.218575664152 0.0742652756208  -0.306270238666 0.167565101236 0.0
 0.340827308417 0.303330023801 -0.431355870855  0.0934344971836 0.23687852052 0.0673104849549  -0.301220832128 0.168937162541 0.0
 0.363320346313 0.274719886605 -0.450447686966  0.0927543493756 0.254478513447 0.0570429513618  -0.289095138807 0.183029160573 0.0
 0.386134306195 0.243958560116 -0.469628265716  0.0919058491729 0.27126389757 0.0435883992883  -0.279626058139 0.208569101658 0.0
 0.408906466532 0.211036208567 -0.488901850518  0.0908947086537 0.287116486086 0.0271627556596  -0.265327712253 0.232983620064 0.0
 0.431330018628 0.175999926011 -0.508259695231  0.0896148370765 0.302182406473 0.00754925501655  -0.253903244277 0.240670972343 0.0
 0.453741181544 0.139109207734 -0.527678272989  0.0885547187369 0.316622533413 -0.0142138924789  -0.246509309741 0.216161017966 0.0
 0.47659091891 0.100545110829 -0.547090371185  0.0876478856663 0.329877015245 -0.0347256995312  -0.222526248803 0.198387773312 0.0
