 -0.187467921069 -0.34696543187 0.210988342643  -0.121761219306 0.444239397021 -0.190333988212  0.00765957446809 0.0120547945205 0.0
 -0.187522950082 -0.346955163896 0.210994624871  -0.117696867062 0.443982173835 -0.191512770138  0.011914893617 0.00794520547945 0.0
 -0.187994735758 -0.346931285549 0.211052162633  -0.110482641829 0.443074714363 -0.193654223969  0.0195744680851 0.00150684931507 0.0
 -0.188672406131 -0.346884631745 0.2111864393  -0.103989839119 0.441438475803 -0.194402750491  0.0298723404255 -0.0207260273973 0.0
 -0.190746712949 -0.346842963392 0.211450445374  -0.0981463166808 0.439080534785 -0.201166797642  0.0433957446809 -0.0119684931507 0.0
 -0.193719565487 -0.346786149912 0.211783379683  -0.092887146486 0.436246537656 -0.207352671906  0.0521625531915 -0.00819630136986 0.0
 -0.197119342657 -0.346716267952 0.212142250431  -0.0881538933107 0.432942216486 -0.212035872299  0.0617548085106 -0.00206160273973 0.0
 -0.200666199323 -0.346644842473 0.212521290242  -0.083893965453 0.428999254035 -0.215464898035  0.0708133702128 -0.00475955205479 0.0
 -0.204133544634 -0.346566486112 0.212941501272  -0.080060030381 0.424206345441 -0.219435107642  0.0806682034043 -0.00992743246575 0.0
 -0.2074068123 -0.346468808495 0.2133744777  -0.0766094888163 0.418792051747 -0.221731282536  0.0899630851915 -0.0118387988082 0.0
 -0.210693529464 -0.34635604255 0.213827111388  -0.073504001408 0.412656999231 -0.224681926385  0.10003060646 -0.00807957646164 0.0
 -0.214033531538 -0.346223721132 0.214299904191  -0.0707090627405 0.405741661215 -0.226060492096  0.108665843686 -0.0115455914182 0.0
 -0.217488978442 -0.346063518945 0.214783793036  -0.0681936179398 0.398094156576 -0.227988824026  0.117714152934 -0.00370610076955 0.0
 -0.221311859532 -0.34586306417 0.215248523312  -0.0659297176191 0.389913322602 -0.226973831604  0.124581035513 0.00471930382795 0.0
 -0.225622884853 -0.345610044019 0.2156764731  -0.0638922073305 0.381198654815 -0.224881556498  0.12778250643 0.00956244193831 0.0
 -0.230307886631 -0.345298507756 0.216037901262  -0.0620584480708 0.372589766183 -0.22073917688  0.12938723451 0.0152911292513 0.0
 -0.235060054651 -0.344922565731 0.216327219547  -0.0604080647371 0.364082060726 -0.213965848583  0.130831489783 0.0190770848193 0.0
 -0.23936754017 -0.344465982607 0.216535882833  -0.0589227197367 0.355515871762 -0.205217593784  0.130429191868 0.0170049927758 0.0
 -0.243047456654 -0.343914662874 0.216655731653  -0.0575859092363 0.34697481279 -0.194790136959  0.128790528001 0.0110305208955 0.0
 -0.246108848126 -0.34325915505 0.216701999938  -0.056382779786 0.338408515336 -0.183539021102  0.12816679435 0.00565349620317 0.0
 -0.248714075832 -0.342492166332 0.216703210891  -0.0552999632808 0.329681918753 -0.171644843943  0.130158625553 0.00492376302121 0.0
 -0.250935868502 -0.341602419805 0.216704050549  -0.054325428426 0.320499992356 -0.158091361513  0.135355528955 0.00289714014374 0.0
 -0.252691748567 -0.340568024182 0.216749767577  -0.0534483470567 0.31051944338 -0.142455113378  0.143011465421 -0.00303640948707 0.0
 -0.253989583707 -0.339373398002 0.216864028481  -0.0526589738244 0.299826116019 -0.127400171784  0.153731595475 -0.00289715210001 0.0
 -0.255013460198 -0.338014463443 0.217024577631  -0.0519485379153 0.288204155252 -0.110216146747  0.161677584864 -0.00140195743795 0.0
 -0.255887802205 -0.336498039593 0.217194253109  -0.0513091455971 0.276213015314 -0.0908212511297  0.166275783824 -5.62822421013e-05 0.0
 -0.256689933292 -0.334833542338 0.217350148394  -0.0507336925107 0.263979343142 -0.0698294992977  0.170839694803 0.00526441447526 0.0
 -0.257281217687 -0.333023564087 0.217493287354  -0.050215784733 0.251132584278 -0.0451412448492  0.175798278514 0.00594345247979 0.0
 -0.257410578234 -0.331057859577 0.217624451675  -0.049749667733 0.237937433166 -0.0175190653545  0.180261003855 0.00381486065647 0.0
 -0.256920440571 -0.328926514052 0.217754385111  -0.049330162433 0.224404801293 0.0116630965837  0.18597958432 0.00189912801548 0.0
 -0.255890580819 -0.326621384302 0.21788096254  -0.048952607663 0.210508617389 0.042249242721  0.191126306739 -0.00256475738881 0.0
 -0.254541681457 -0.324133633569 0.217988868121  -0.0486128083701 0.195836591566 0.072723729058  0.195332825001 -0.00110280219787 0.0
 -0.252995962465 -0.321458170101 0.218057182253  -0.0483069890064 0.180873079565 0.104571198981  0.199544223352 -0.00663635759452 0.0
 -0.251196389836 -0.318587265306 0.218076191293  -0.0480317515791 0.165892489321 0.132349835468  0.205036609528 -0.00202751635562 0.0
 -0.249865183236 -0.315523592091 0.21803806988  -0.0477840378945 0.150477793239 0.16265512697  0.209979757086 0.0171889339101 0.0
 -0.248323557151 -0.312233142077 0.21796725157  -0.0475610955784 0.134696329642 0.189635193841  0.214428589888 0.00434675284784 0.0
 -0.246183572292 -0.308705666749 0.217905404131  -0.0473604474939 0.118255768879 0.213327863062  0.222262326644 -0.00173175805338 0.0
 -0.243034956198 -0.304945329895 0.217871109469  -0.0471798642178 0.101162201323 0.23435656988  0.232716945043 -0.00446269183709 0.0
 -0.238753308398 -0.300947981717 0.217843972173  -0.0470173392693 0.0829664812807 0.249844292067  0.238721846283 -0.00555066922872 0.0
 -0.233999736158 -0.296704360964 0.21778356219  -0.0468710668157 0.0648136986788 0.263586778381  0.24327519357 -0.0024202598401 0.0
 -0.22857322373 -0.292187368206 0.217691538552  -0.0467394216075 0.0465859030168 0.273106293077  0.250777461447 -0.00508234344513 0.0
 -0.222363679555 -0.287383277593 0.217571823978  -0.0466209409201 0.0273992873517 0.281772088131  0.259657162111 -0.0102179447171 0.0
 -0.215089181012 -0.282276581002 0.217405350672  -0.0465143083014 0.00724804079634 0.286526117039  0.270627616113 -0.00799067079329 0.0
 -0.206964716828 -0.27686832259 0.217124263206  -0.0464183389446 -0.013950831597 0.290804743056  0.283054216203 -0.02379434344 0.0
 -0.19784746082 -0.271137159439 0.216658278763  -0.0463319665234 -0.0354525002468 0.294655506471  0.284025390328 -0.0366477858083 0.0
 -0.188497566777 -0.265050050752 0.216039785654  -0.0462542313444 -0.0572386493966 0.298121193545  0.293410085338 -0.0208186236658 0.0
 -0.179039889402 -0.258546511381 0.215319669879  -0.0461842696833 -0.0796756386772 0.301240311912  0.303983970421 -0.00794224075131 0.0
 -0.169327768189 -0.251586972664 0.214507044876  -0.0364684676091 -0.102626600861 0.304047518442  0.3164791904 0.00638622989916 0.0
 -0.159209071836 -0.244182736383 0.213549190255  -0.0277242457424 -0.126740025 0.306574004318  0.321767441573 0.000103771292805 0.0
 -0.148277528099 -0.236338482287 0.212326743621  -0.0198544460623 -0.150727205727 0.308847841608  0.320143888905 -0.0165093455625 0.0
 -0.136833499482 -0.228002122 0.210779522056  -0.0127716263502 -0.174146140356 0.310894295168  0.316980563844 -0.0122830685405 0.0
 -0.125731748727 -0.219114405842 0.20887833571  -0.00639708860936 -0.197580063737 0.312736103372  0.314559103204 -0.0112191452481 0.0
 -0.114877462026 -0.209620025951 0.206616184807  -0.000660004642585 -0.221153097622 0.314393730756  0.321315958841 0.0130260569479 0.0
 -0.10605660048 -0.199524307958 0.204069981284  0.00450337092752 -0.245898169507 0.315885595401  0.338460958702 0.0800522183764 0.0
 -0.0998399129283 -0.188867961123 0.201211242657  0.00915040894061 -0.271410942734 0.317228273582  0.352189330917 0.123937407498 0.0
 -0.094388776793 -0.177671001855 0.197912290611  0.0133327431524 -0.296801104069 0.314703874515  0.349651248889 0.13877654346 0.0
 -0.0886863617646 -0.16595734772 0.194006250612  0.017096843943 -0.321961276009 0.312431915354  0.337154209106 0.135693409662 0.0
 -0.0817889897097 -0.153748456172 0.189328189587  0.0204845346545 -0.345341208706 0.310387152109  0.296545171175 0.10552132897 0.0
 -0.0741579416313 -0.141051708671 0.183708262458  0.0235334562949 -0.365455948277 0.317191265975  0.247656611504 0.0838459084017 0.0
 -0.0660656869144 -0.127870189161 0.177075205203  0.0262774857713 -0.382404700521 0.320662709122  0.196422865247 0.0725572079725 0.0
 -0.0572827332006 -0.114184276334 0.169393060258  0.0287471123 -0.39618702164 0.320152430351  0.145631642552 0.0514384734766 0.0
 -0.0476377951271 -0.0999610819528 0.160698295025  0.0309697761758 -0.406521361289 0.312031096943  0.100770605957 0.0214727083207 0.0
 -0.0372109584201 -0.0851805154185 0.151070199866  0.0329701736641 -0.413429493151 0.294800482337  0.0637999283396 0.00409256077633 0.0
 -0.0261217687886 -0.0698285877446 0.140585003884  0.0347705314035 -0.417242074135 0.27015736927  0.032228446144 -0.0183988870821 0.0
 -0.0145421031909 -0.053893299123 0.129308418416  0.036390853369 -0.418872834718 0.240218253168  0.00636730365723 -0.0317918750862 0.0
 -0.00287592661335 -0.037387982843 0.117285412626  0.037849143138 -0.418731378847 0.209736702901  -0.0211630437298 -0.0383661122351 0.0
 0.00891642657673 -0.0203139100867 0.104540342768  0.03916160393 -0.416366825038 0.176802325342  -0.0489190797823 -0.0525021037514 0.0
 0.0204077566001 -0.00265835575442 0.0912045390164  0.0403428186428 -0.412815026186 0.142642721491  -0.0628356824424 -0.0597450440612 0.0
 0.0319203182091 0.0155725055722 0.0772767085982  0.0414059118844 -0.408350237092 0.107183950324  -0.0800414759003 -0.0717431423948 0.0
 0.0433602537259 0.034336767917 0.0627281581964  0.0423626958018 -0.402321996897 0.0691806829932  -0.0989309453315 -0.0702126637717 0.0
 0.0546430327452 0.0535800135555 0.047521190466  0.0432238013275 -0.394318366927 0.029476760077  -0.127846361437 -0.0852735891754 0.0
 0.0657943881569 0.073243261534 0.0316714359185  0.0439987963006 -0.384734289999 -0.0106772027676  -0.152593640187 -0.0960886960113 0.0
 0.0768057899865 0.0932754217915 0.0152480833094  0.0362288912683 -0.373392822476 -0.0474051602905  -0.171887467657 -0.100342840109 0.0
 0.0877771040049 0.113658122929 -0.00164214371414  0.0346551130644 -0.360852547227 -0.0848807542811  -0.19180510387 -0.109651021851 0.0
 0.0985662042805 0.134386954745 -0.0189216068252  0.0382344789807 -0.347352983717 -0.12243983013  -0.204199061568 -0.11802838542 0.0
 0.109314970261 0.155420707352 -0.0365826688114  0.049584612793 -0.33254141568 -0.158207634936  -0.222162134135 -0.128307738658 0.0
 0.120537700415 0.176683441146 -0.0546703707662  0.0597997332241 -0.316387531335 -0.191872136669  -0.241307622849 -0.147148197669 0.0
 0.13191334488 0.198088591422 -0.073174072066  0.0689933416121 -0.299456261601 -0.228948184298  -0.259815158437 -0.150405980642 0.0
 0.14275446274 0.219542980678 -0.0920951375347  0.0772675891613 -0.28065886778 -0.262513090819  -0.276471940465 -0.130050314085 0.0
 0.152069028532 0.240936600731 -0.111416380407  0.0847144119556 -0.259703407514 -0.292721506688  -0.288484320887 -0.0788535018544 0.0
 0.159935686877 0.262177940932 -0.131115711989  0.0914165524705 -0.237027019026 -0.31990908097  -0.30397631433 -0.0574339050936 0.0
 0.166865801007 0.283213758412 -0.15117374425  0.0974484789338 -0.213585428567 -0.344377897824  -0.323876555237 -0.0518548981459 0.0
 0.173659248065 0.30400058823 -0.17157054031  0.102877212751 -0.18935944538 -0.366399832993  -0.342212303969 -0.0427242028518 0.0
 0.181180779934 0.32447836022 -0.19229997298  0.107763073186 -0.164301888113 -0.386219574644  -0.355310222508 -0.0358764401009 0.0
 0.189140235962 0.344546241609 -0.213309581352  0.112160347578 -0.138998396675 -0.404057342131  -0.360289838555 -0.00779564540588 0.0
 0.197005128665 0.364111273774 -0.234588934221  0.116117894531 -0.112546364629 -0.420111332869  -0.367324684487 0.020216795847 0.0
 0.205162951845 0.383117611899 -0.25614908458  0.122981972986 -0.0852161763325 -0.434559924533  -0.377060301145 0.0399485409199 0.0
 0.214204048207 0.401500664875 -0.277990124846  0.123147789235 -0.0573648344664 -0.44756365703  -0.382843632732 0.0494879334032 0.0
 0.224847553084 0.419214945882 -0.300071010861  0.119571367636 -0.0290504363222 -0.459267016278  -0.385495439672 0.0525939345835 0.0
 0.23772041982 0.436233794478 -0.322348988792  0.114151064065 -0.000642311993646 -0.469800039601  -0.380648023364 0.0499098835909 0.0
 0.252781894382 0.452536307593 -0.344803554403  0.111135618962 0.0277963284897 -0.479279760592  -0.379264072092 0.0420147856427 0.0
 0.269518170423 0.468098766065 -0.367499722265  0.107829000334 0.0556941497294 -0.487811509484  -0.375465324457 0.0499776906401 0.0
 0.287255553524 0.482876443868 -0.390492190131  0.0953695550004 0.0831471071917 -0.495490083486  -0.369493260096 0.0653634832199 0.0
 0.305932364083 0.49684704447 -0.413719098875  0.0777208298136 0.109870680854 -0.502400800088  -0.356033295789 0.0764709705144 0.0
 0.325982867682 0.510037321281 -0.437154525358  0.0559097967899 0.135740405255 -0.50862044503  -0.339664008763 0.0878375720931 0.0
 0.34784233017 0.522484599887 -0.460776067141  0.0313687747739 0.160608369874 -0.514218125478  -0.318548671717 0.0816291573495 0.0
 0.372021703278 0.534227100664 -0.484573136283  0.00606424276649 0.184197888812 -0.519256037881  -0.298693804545 0.0582333649022 0.0
 0.398728175137 0.545290756175 -0.508609623896  -0.0136615718573 0.206331727974 -0.523790159044  -0.282101019835 0.0440264667682 0.0
 0.427445867627 0.555694046777 -0.532959913633  -0.0307374129781 0.227095635992 -0.527870868091  -0.27184836466 0.0257608063927 0.0
 0.456887789879 0.565428098912 -0.557711120151  -0.0479684980986 0.24772728194 -0.531543506232  -0.268578421811 0.0339792463014 0.0
