 -0.309449437402 0.255194559913 0.223297965113  0.12217791411 0.493642105263 -0.0322809667674  0.0351181102362 0.015046728972 0.0
 -0.309436214707 0.255198734564 0.22331887003  0.123773006135 0.493128173375 -0.0337915407855  0.035905511811 0.0131775700935 0.0
 -0.309356375357 0.255225797277 0.223397287264  0.127233128834 0.492046439628 -0.0348489425982  0.0405511811024 0.00495327102804 0.0
 -0.309269060906 0.255276337539 0.223549598383  0.131635582822 0.49044130031 -0.0364048338369  0.0455196850394 0.00128971962617 0.0
 -0.309283474608 0.255339544383 0.223786690093  0.136027239264 0.488303176471 -0.0394667673716  0.0518286089239 0.00266542056075 0.0
 -0.309451683945 0.255408399372 0.224118826033  0.140041079755 0.485567719505 -0.0431288519637  0.0596063779528 0.00296897196262 0.0
 -0.309777675248 0.255478371614 0.224566822872  0.145432677301 0.481997449102 -0.0486905891239  0.069755976378 0.00230758878505 0.0
 -0.31029049142 0.255531710601 0.225141256164  0.15175750773 0.47784922122 -0.056868358006  0.0804654181102 0.00358150280374 0.0
 -0.310983258115 0.255550077592 0.225847176348  0.157081756957 0.472493525104 -0.0674005554381  0.0964031282677 0.0112700814953 0.0
 -0.311804307204 0.255521551495 0.226679830077  0.159542292918 0.465580519343 -0.0786922219486  0.111796936176 0.0200589611963 0.0
 -0.312726388748 0.255431336171 0.227631644038  0.159793585098 0.457761290938 -0.0926311568535  0.127488633634 0.0345110090019 0.0
 -0.313777909005 0.255262840513 0.228693573106  0.155234471987 0.44881067268 -0.1078952315  0.142661030113 0.0512561697839 0.0
 -0.314911361875 0.255020540961 0.229844066783  0.146775441967 0.43891610696 -0.121935013486  0.154216449412 0.0588501789738 0.0
 -0.316012684965 0.254713075753 0.231071296759  0.137567222923 0.428010997812 -0.135326104283  0.163566458014 0.0582081517306 0.0
 -0.31700592348 0.254336513598 0.232358245339  0.128850377932 0.4164812293 -0.149643947027  0.172243932947 0.0566957477725 0.0
 -0.317843370564 0.253882856098 0.233693202985  0.119839573267 0.404475954667 -0.160717316674  0.181103529154 0.0544000047709 0.0
 -0.318484218613 0.253338419706 0.235065096492  0.109828008579 0.392123219882 -0.166453742107  0.191964304848 0.0523338360695 0.0
 -0.318889113759 0.252688206674 0.236467555036  0.0996519561869 0.379414427305 -0.16617845853  0.200689134205 0.0486051253598 0.0
 -0.319074854705 0.251907348636 0.237902870409  0.089143815783 0.366125120798 -0.164269071892  0.21221602131 0.048987603478 0.0
 -0.319027871817 0.25097605357 0.239366201472  0.0790729924869 0.352591989523 -0.163154853524  0.222852686895 0.0483972543452 0.0
 -0.31871406728 0.249883089905 0.240821757597  0.0687822576554 0.338455515029 -0.157771392341  0.232425685922 0.0450622018078 0.0
 -0.318106976511 0.248622427616 0.242249634894  0.0587230502947 0.323955598201 -0.146430808998  0.23999151628 0.0364531778887 0.0
 -0.317182727497 0.247184646326 0.243644434586  0.0505900090689 0.309196694728 -0.138188030213  0.247325697986 0.0277704769223 0.0
 -0.315930377207 0.245555987613 0.244995682681  0.0436383701252 0.293857954047 -0.125935692449  0.255763731861 0.0199560460525 0.0
 -0.314361867755 0.243727048269 0.246296213663  0.0376886435422 0.278009743782 -0.111434268219  0.261520692009 0.0194651143444 0.0
 -0.312503635101 0.241689806617 0.247516924536  0.0309841963659 0.261585363831 -0.0983829864122  0.264339751417 0.0264999113212 0.0
 -0.310306958969 0.239463105036 0.248647758141  0.0239685988152 0.245224474507 -0.0866368327861  0.266351970501 0.0234854342078 0.0
 -0.307622384676 0.237075732518 0.249685200871  0.0189429045778 0.228530633867 -0.0760652945226  0.266063230144 0.00581913377766 0.0
 -0.30432840342 0.234543164133 0.250646608077  0.017794012893 0.211413298035 -0.0665509100854  0.270790240463 -0.0128842749272 0.0
 -0.300411503297 0.231858168604 0.25155291903  0.0195820962663 0.193902432627 -0.057987964092  0.27845662324 -0.0297173427616 0.0
 -0.295861571326 0.229014871523 0.252417336166  0.0238907578053 0.17586401599 -0.0502813126979  0.286668703699 -0.0448671038125 0.0
 -0.290716502639 0.226001829835 0.253229209198  0.0305292893868 0.157202196434 -0.0433453264432  0.297734116793 -0.0538289915621 0.0
 -0.285039879429 0.222807758085 0.253977657  0.0385285076873 0.137372503107 -0.037102938814  0.306118185429 -0.0581563727797 0.0
 -0.278855360366 0.219425347174 0.254636276138  0.0473228961824 0.117290484994 -0.0314847899477  0.315501117542 -0.0639201747541 0.0
 -0.272187309852 0.215847555241 0.255171125073  0.0568329378525 0.0969875665258 -0.026428455968  0.32158355172 -0.0700421759703 0.0
 -0.265061131606 0.212071883944 0.255539228224  0.0670484170734 0.0761328965605 -0.0218777553863  0.323645668989 -0.0811594537004 0.0
 -0.257516474995 0.208095131758 0.255717541445  0.0780828391697 0.0553451177404 -0.0177821248628  0.327338844872 -0.0883612653397 0.0
 -0.249701966343 0.203898390955 0.255678531473  0.0881978681362 0.0343141353781 -0.00548578548832  0.328038031251 -0.083627942544 0.0
 -0.241726527109 0.199475047509 0.255348584264  0.0977308420588 0.0135967775678 0.00588303475236  0.32499275831 -0.0774987931494 0.0
 -0.23358551032 0.194844456622 0.25468001994  0.110911745583 -0.00699930885767 0.023365728256  0.318839939172 -0.0831975119653 0.0
 -0.225317331933 0.190018735425 0.253671995001  0.126148791884 -0.0274924429874 0.039251209811  0.314352270714 -0.0827188822641 0.0
 -0.216995466495 0.185004804008 0.252338541552  0.140659679566 -0.0475585547258 0.0524907413979  0.310838303485 -0.0804189566545 0.0
 -0.208685407917 0.179815741242 0.250681619706  0.153412730015 -0.0676675908941 0.0619894013971  0.309250536128 -0.0736761264096 0.0
 -0.200366151574 0.174473368079 0.248668148259  0.164399677872 -0.0872022559533 0.0675170473601  0.302572201676 -0.077887953021 0.0
 -0.192004472645 0.169008584663 0.24624942083  0.180606949349 -0.106839182061 0.0735493305395  0.294724430327 -0.080744017532 0.0
 -0.183608944614 0.163443771834 0.243472299183  0.197033984475 -0.126122322678 0.0761082947665  0.292910779945 -0.0851836344704 0.0
 -0.175204366017 0.157800116811 0.240388423493  0.21089807069 -0.145390461927 0.0717648368911  0.293903166518 -0.0845063925187 0.0
 -0.166868148981 0.1520824731 0.237007665199  0.222087404725 -0.165295254744 0.0646835193651  0.29925825669 -0.0764202392481 0.0
 -0.158706614792 0.146260141467 0.233281934609  0.228292774682 -0.185797803573 0.0622378260389  0.294629018948 -0.0485819536411 0.0
 -0.150701709138 0.140337372048 0.229132070442  0.235534049361 -0.205562791018 0.0669853425286  0.288362967447 -0.0310041321087 0.0
 -0.142812300489 0.134316430485 0.224536986366  0.242541994118 -0.224645397365 0.0757898294238  0.28009884918 -0.0198569899259 0.0
 -0.134979667194 0.128215112679 0.219510441367  0.245229512498 -0.242983829764 0.083260695424  0.272923609931 -0.0191703563539 0.0
 -0.127197996999 0.12205671571 0.214072965617  0.242985702353 -0.260807304373 0.0881717860025  0.267778230565 -0.0157486478213 0.0
 -0.119462685319 0.115859758634 0.208262626779  0.23489265359 -0.278142549168 0.0924407101213  0.266034528243 -0.0079962129457 0.0
 -0.11173484393 0.109634176538 0.202106269004  0.227608909703 -0.295248913446 0.0973401436409  0.266039999304 -8.44421184164e-05 0.0
 -0.103944136569 0.103387840863 0.195595124775  0.221053540205 -0.312013062349 0.104317609639  0.264995054491 0.00983988994389 0.0
 -0.0960736983264 0.0971167222215 0.188709288203  0.215153707657 -0.328648783978 0.11497799369  0.265104472927 0.0215755271177 0.0
 -0.0882141727666 0.0907788056662 0.181445014087  0.209843858364 -0.344970778645 0.134240013053  0.261003474453 0.0405488155275 0.0
 -0.0802742403953 0.0843488402031 0.173709775275  0.205064994 -0.360756549078 0.151575830478  0.249176092887 0.0426715040682 0.0
 -0.0720031798707 0.0778449335434 0.165314799296  0.200764016072 -0.375316683644 0.167178066162  0.217534074149 0.034301549923 0.0
 -0.0632883175584 0.0712551884909 0.156147322519  0.196893135937 -0.387931640667 0.181220078277  0.178557569622 0.0164882173606 0.0
 -0.0541136794077 0.0645785705021 0.146165076255  0.193409343816 -0.398158167002 0.197030094618  0.13586716699 -0.000478361384776 0.0
 -0.0444718941747 0.0578147934567 0.135355269606  0.190273930907 -0.405659254327 0.211259109326  0.0932463295563 -0.0204211794519 0.0
 -0.0342898707277 0.0509609237059 0.123712475586  0.187452059289 -0.410373081216 0.224065222562  0.0483258960757 -0.0505192484226 0.0
 -0.0235500161282 0.0440166810394 0.111247755905  0.184912374832 -0.412590757615 0.235590724475  0.00606023560199 -0.0738691927392 0.0
 -0.0122228227266 0.0369664880312 0.0980287343792  0.182626658821 -0.412419483711 0.245963676197  -0.0296166540999 -0.103295357577 0.0
 -0.00024007170635 0.0298047272451 0.0841034260222  0.180569514412 -0.410711157631 0.255299332746  -0.0654003955141 -0.137255541446 0.0
 0.0124053622127 0.0225168545619 0.0695009793165  0.178718084443 -0.406244871589 0.263701423641  -0.0970808284036 -0.163146809731 0.0
 0.0256408924072 0.0150600122213 0.0542732218435  0.177051797471 -0.399822737371 0.271263305446  -0.126118152387 -0.178972315674 0.0
 0.0393328208907 0.00738440064201 0.038463296075  0.175552139196 -0.392408141653 0.278068999071  -0.15015200644 -0.177327420555 0.0
 0.0533201207861 -0.000558905460819 0.0220960105296  0.169662569448 -0.382930051946 0.284194123333  -0.177294286111 -0.164632061677 0.0
 0.0674733875633 -0.00881337890772 0.00521430627138  0.168840484283 -0.371662929104 0.289706735169  -0.198572731516 -0.136383808781 0.0
 0.081741852993 -0.01740659676 -0.0121479051267  0.170984043216 -0.359386295636 0.294668085821  -0.220348004296 -0.112829540052 0.0
 0.0961391290885 -0.0263532979222 -0.0299357629376  0.173894841349 -0.345854353379 0.299133301408  -0.238895881032 -0.0991073337104 0.0
 0.110673452028 -0.0356621764708 -0.0481490603688  0.174612719177 -0.330437215255 0.303151995436  -0.26320051865 -0.0942339835169 0.0
 0.125240619461 -0.0453713208873 -0.0667584717443  0.17237537364 -0.313199561841 0.306768820062  -0.281662619016 -0.0851750711465 0.0
 0.139839044403 -0.0555169425036 -0.0857952402968  0.168950719711 -0.294558738784 0.310023962225  -0.302740451603 -0.0807603677702 0.0
 0.154308033453 -0.0661782409671 -0.105246911226  0.167709021973 -0.275311409797 0.312953590172  -0.321710500931 -0.0608992842642 0.0
 0.168567499814 -0.0774336419619 -0.125105400545  0.166284745543 -0.254589432904 0.315590255324  -0.343245487583 -0.0420897296695 0.0
 0.182705755385 -0.0893447551896 -0.145343470294  0.166536639087 -0.232317362679 0.31796325396  -0.367351385019 -0.0335723454876 0.0
 0.196757547346 -0.101982399542 -0.165901921699  0.165413650025 -0.208922654275 0.320098952734  -0.382747480113 -0.0156263258921 0.0
 0.210767842371 -0.115398169915 -0.186757434359  0.163360015084 -0.184468035906 0.322021081629  -0.404477981445 -0.00975528208798 0.0
 0.224757070977 -0.129640212008 -0.20782788019  0.159671252839 -0.158780860798 0.323750997636  -0.415636482513 0.0142202461208 0.0
 0.238735234354 -0.144738394422 -0.229037649396  0.152302287064 -0.132157759239 0.325307922041  -0.422267059984 0.0357982215087 0.0
 0.252717658642 -0.160703622275 -0.250320916125  0.13873770253 -0.104741859476 0.323234833765  -0.426659776558 0.0664333526289 0.0
 0.266706154092 -0.177538264148 -0.271644477091  0.117081723688 -0.0764886023207 0.315326758243  -0.427988549558 0.11550029774 0.0
 0.280741324208 -0.195241958526 -0.293001029203  0.0887569869018 -0.0486272343487 0.311381695712  -0.423935101426 0.150314753947 0.0
 0.294937627032 -0.213806698173 -0.314350232889  0.0632647237944 -0.0185674830501 0.307831139434  -0.422124268449 0.167629072945 0.0
 0.309322079665 -0.233237051276 -0.335698555518  0.0403216869978 0.0104429494655 0.304635638783  -0.423381657877 0.179473642286 0.0
 0.323935116658 -0.25353354818 -0.357067417605  0.0196729538808 0.0389548155096 0.301759688198  -0.426088111512 0.182657119179 0.0
 0.338845064306 -0.27469658437 -0.378466906002  0.00108909407558 0.0667145661568 0.299171332671  -0.429836255741 0.178045612868 0.0
 0.354327788304 -0.296693498819 -0.399882303489  -0.0156363797492 0.0938407566 0.296841812697  -0.435046855889 0.140250397376 0.0
 0.370422018699 -0.31951445104 -0.421237409804  -0.0306893061914 0.120341015305 0.294745244721  -0.434749519382 0.1221225539 0.0
 0.386797967905 -0.343189058126 -0.442414246103  -0.0442369399895 0.146154096437 0.292858333542  -0.416634147496 0.138517775146 0.0
 0.403522764449 -0.367651727227 -0.463344989389  -0.0564298104077 0.170717138806 0.29116011348  -0.399542911224 0.132712726603 0.0
 0.420759035506 -0.392809642513 -0.484006606682  -0.0674033937841 0.193950811922 0.289631715425  -0.37943638913 0.122815285718 0.0
 0.438496008988 -0.418592215647 -0.504388138834  -0.0772796188229 0.215721798841 0.288256157176  -0.358453380139 0.11671132724 0.0
 0.456776853855 -0.444926860285 -0.524514183686  -0.0861682213578 0.236516925459 0.287018154751  -0.347442687794 0.107479446852 0.0
 0.475809602618 -0.471735427948 -0.544340148173  -0.0941679636392 0.256229443439 0.285903952569  -0.325984508254 0.0739371096439 0.0
 0.495634135345 -0.498951072974 -0.563834764635  -0.101367731692 0.274397954204 0.284901170605  -0.300110466877 0.0502910622309 0.0
