 0.428995041664 -0.444612187419 0.21081373265  0.0346943085816 0.422799974672 0.1654375  0.0795454545455 -0.08 0.0
 0.428903407006 -0.444622774197 0.210790276911  0.0349666518453 0.422451719116 0.1654375  0.0774242424242 -0.0671794871795 0.0
 0.428648234993 -0.444635053446 0.210722064988  0.0352451089373 0.421796365478 0.1654375  0.0752121212121 -0.0573504273504 0.0
 0.428240195258 -0.444572704393 0.210641951243  0.0355485215651 0.420662002153 0.1654375  0.0768575757576 -0.0544871794872 0.0
 0.427704570968 -0.444319311068 0.210583322804  0.0358994052912 0.419033210916 0.1654375  0.0804596969697 -0.061311965812 0.0
 0.427018275039 -0.443916282765 0.21058755695  0.0363208031347 0.416788472741 0.1654375  0.0858228181818 -0.0623260683761 0.0
 0.426199112111 -0.443362886012 0.210706288395  0.0368001056581 0.413799424745 0.1654375  0.0951950818182 -0.0640934615385 0.0
 0.425287269954 -0.442672338553 0.210970083542  0.0373787656125 0.409868225385 0.1654375  0.103933149394 -0.0691029188034 0.0
 0.424353471261 -0.441786992732 0.211392127405  0.038069079358 0.404854808786 0.1654375  0.114827713242 -0.0744661311966 0.0
 0.423392818857 -0.440721867412 0.21198546423  0.0389071247348 0.398728094449 0.1654375  0.125238881312 -0.0792930223504 0.0
 0.422335248955 -0.43952733724 0.212740298517  0.0398142112831 0.391472773765 0.1654375  0.134608932575 -0.0785090192607 0.0
 0.421140132982 -0.438227032327 0.213640359811  0.0407195175892 0.383556294844 0.1654375  0.14395106962 -0.080367519044 0.0
 0.419797357228 -0.436838729412 0.214673305684  0.0417010340384 0.374582543406 0.1654375  0.152662023264 -0.0803307671396 0.0
 0.418266175374 -0.435408323802 0.215816418274  0.0426121889716 0.365170132161 0.1654375  0.160198851241 -0.0785882887163 0.0
 0.416545010776 -0.433953350835 0.217062804231  0.0434739136049 0.354723403248 0.1654375  0.168194117632 -0.0753106564258 0.0
 0.41463863299 -0.432437044102 0.218393140184  0.0442883719554 0.344327235911 0.1654375  0.175389857384 -0.0715060865097 0.0
 0.412531169581 -0.430822836333 0.219782937691  0.0450658486771 0.333583995002 0.1654375  0.180047841343 -0.0697913752947 0.0
 0.410223898976 -0.429031632404 0.221218702211  0.0458128209459 0.322534719798 0.1654375  0.185452148117 -0.0716669386199 0.0
 0.407723286766 -0.426971658089 0.222687392575  0.0465906984778 0.311210013727 0.1654375  0.189103903003 -0.075064347322 0.0
 0.405010779232 -0.424564070487 0.224172635403  0.0473769376563 0.299561436846 0.1654375  0.19148139149 -0.0755579125898 0.0
 0.402010499359 -0.421772062508 0.225678864452  0.048134575149 0.287722686943 0.1654375  0.196045373553 -0.0708739162026 0.0
 0.398687702666 -0.418518245137 0.227203644965  0.0488359019827 0.275263215058 0.1654375  0.199849927107 -0.0683677211636 0.0
 0.395047130751 -0.414691148238 0.228755521885  0.0495254554038 0.262352736014 0.1654375  0.205092207124 -0.0669668464831 0.0
 0.391068887457 -0.410236157603 0.230353593324  0.0501877386762 0.249023686689 0.1654375  0.211628440957 -0.064851358416 0.0
 0.386753108968 -0.405095603455 0.232005599734  0.0508032467117 0.235343251788 0.1654375  0.219329233225 -0.0629474191556 0.0
 0.382091551636 -0.399212402091 0.233706510578  0.0513794360467 0.221631506233 0.1654375  0.225956915963 -0.0612338738212 0.0
 0.377053690661 -0.392528171754 0.235443229006  0.051931354603 0.207043103916 0.1654375  0.232830921336 -0.0596916830203 0.0
 0.371600217988 -0.385007653528 0.237219751984  0.0524669874842 0.19193165112 0.1654375  0.241441768597 -0.0548849078807 0.0
 0.365675800487 -0.37665997665 0.239023451733  0.0529212669483 0.176387444407 0.1654375  0.249797591737 -0.0471400068362 0.0
 0.359277476838 -0.367444730251 0.240825806078  0.0533078863629 0.160244805836 0.1654375  0.258832984078 -0.0401695958962 0.0
 0.352423435876 -0.357343754833 0.242605849286  0.0536058216039 0.143297637986 0.1654375  0.267873928095 -0.0321868243407 0.0
 0.345082876863 -0.346380759194 0.244346421377  0.0538656262821 0.125594734189 0.1654375  0.280253201952 -0.0232929282314 0.0
 0.337336926053 -0.334501958195 0.24605257343  0.0540883344409 0.107047038139 0.1654375  0.29200060903 -0.0281089345536 0.0
 0.329302470485 -0.321607663296 0.247715640692  0.0543610261191 0.0879923058319 0.1654375  0.303482366308 -0.036716844517 0.0
 0.320969580771 -0.307667182365 0.24934219071  0.0546481338229 0.0676454275567 0.1654375  0.314725038768 -0.0393357583559 0.0
 0.312366107197 -0.292588542612 0.250916071698  0.0549370998981 0.046705490639 0.1654375  0.322116171255 -0.0468209859391 0.0
 0.303471943612 -0.276338952007 0.252421550036  0.0552138434432 0.0247379112452 0.1654375  0.331192432918 -0.0475747847811 0.0
 0.294383125647 -0.258864388074 0.253848650819  0.0554962607885 0.00244698594734 0.1654375  0.339361068414 -0.05936431485 0.0
 0.285087001086 -0.240190955114 0.255175765135  0.0557532154122 -0.0203059124828 0.1654375  0.347318900966 -0.0588637808009 0.0
 0.275405141615 -0.220446022124 0.256369849487  0.0559761375348 -0.043354280267 0.1654375  0.355390041173 -0.0498662916097 0.0
 0.26517774916 -0.199760773086 0.257382763599  0.0561934415226 -0.0668838557228 0.1654375  0.361744976449 -0.0349309445 0.0
 0.254307345672 -0.178284770373 0.258185246115  0.056350108931 -0.0908211904064 0.1654375  0.368373509107 -0.0206344312466 0.0
 0.242752627246 -0.15612989101 0.258762215241  0.0563688330312 -0.11500520193 0.1654375  0.377975552136 -7.52616262173e-05 0.0
 0.230312344133 -0.133501220108 0.259081165622  0.0562578501283 -0.139290916145 0.1654375  0.38843557268 0.0286844012885 0.0
 0.217048004091 -0.110461698804 0.259091384237  0.0558828432391 -0.164352010055 0.1654375  0.389667772988 0.0520039953477 0.0
 0.203197384495 -0.0868938483014 0.258716099505  0.0554703036906 -0.189693039025 0.1566875  0.385928268416 0.055897612907 0.0
 0.189013418639 -0.0626731360249 0.257924207053  0.0548211168076 -0.21527334571 0.1508125  0.380441502181 0.0491454584539 0.0
 0.174568177954 -0.0376929528148 0.25669796299  0.0541840473678 -0.241031010822 0.1459  0.377321594387 0.0516155279931 0.0
 0.159593625198 -0.0119953256503 0.255088158066  0.0536884972331 -0.267195243369 0.15147875  0.385119737979 0.0803343170741 0.0
 0.144000170648 0.0141409900293 0.253121461572  0.0530396341705 -0.293484773676 0.156499625  0.391835036908 0.106181227247 0.0
 0.128264207366 0.040573341155 0.250681564752  0.052302811705 -0.319418509948 0.1610184125  0.386969715035 0.110640027599 0.0
 0.112773064042 0.0671186062574 0.247565990139  0.051586870241 -0.344405171585 0.16508532125  0.365318198077 0.0975589308223 0.0
 0.0977250706642 0.0935146766455 0.243574640851  0.0510147772587 -0.367684656959 0.168745539125  0.329165166148 0.0721107300477 0.0
 0.083135915224 0.119469153113 0.238529019  0.0506694133612 -0.388224619048 0.172039735213  0.274809255594 0.0457885459318 0.0
 0.0687530315117 0.144865452149 0.232307888199  0.0508560291616 -0.405311230783 0.175004511691  0.21437378458 0.032354990484 0.0
 0.0543129199081 0.169718895625 0.224950522458  0.0517159575927 -0.419194848413 0.177672810522  0.163921254607 0.0279570982732 0.0
 0.0397813053136 0.19398692611 0.216505224283  0.0529261982051 -0.429910834983 0.18982427947  0.113059432177 0.0145972858817 0.0
 0.025392930549 0.217721136324 0.20698715173  0.0542710839427 -0.436566557031 0.194385601523  0.0591019738074 -0.00597355381754 0.0
 0.0113078518456 0.240872453739 0.196420087284  0.0555898626093 -0.439340091919 0.198490791371  0.00660086733575 -0.0364531215127 0.0
 -0.00242006921449 0.263318350348 0.184843133024  0.0568156695898 -0.43879062018 0.202185462234  -0.0415592193978 -0.0664488350025 0.0
 -0.0159849343757 0.284746380124 0.172309395768  0.0579439069883 -0.435060484902 0.20551066601  -0.0858123883671 -0.0652398489381 0.0
 -0.0295790104106 0.304790461007 0.158847936064  0.0595040071743 -0.428619718499 0.208503349409  -0.122306907106 -0.0496218469503 0.0
 -0.0428453684644 0.323525653628 0.144594933775  0.0613027171728 -0.420169954589 0.211196764468  -0.161818640638 -0.062061371657 0.0
 -0.0556789407943 0.341024198505 0.129665466098  0.0629604623519 -0.409532177771 0.213620838021  -0.190106473544 -0.073256943893 0.0
 -0.0680663925354 0.357340673167 0.114145172477  0.0646080577352 -0.397476066307 0.215802504219  -0.217080674674 -0.0841876597601 0.0
 -0.080136988307 0.372500909052 0.0980412079759  0.0662826454699 -0.383459606387 0.217766003797  -0.242872607207 -0.0914612014764 0.0
 -0.092000428659 0.386359620914 0.0814147947427  0.068109360914 -0.36836901205 0.219533153418  -0.261539891941 -0.095443286457 0.0
 -0.103553110872 0.398947810548 0.0643192782644  0.0697534048137 -0.352457330879 0.221123588076  -0.285007114868 -0.110138274051 0.0
 -0.114817313932 0.410218095813 0.0468236238987  0.0712330443235 -0.335040509334 0.222554979268  -0.29885488823 -0.12250906203 0.0
 -0.125995035642 0.42003167758 0.0289916641324  0.0725647198822 -0.315205299026 0.223843231341  -0.305863338801 -0.10971114728 0.0
 -0.137314955586 0.428182869868 0.0108524661063  0.0737632278851 -0.294453590754 0.225002658207  -0.318231550375 -0.105030630843 0.0
 -0.148811199591 0.434618636116 -0.00757074192989  0.0748418850877 -0.272617425625 0.226046142387  -0.324817486247 -0.0845788498097 0.0
 -0.160519580598 0.439336817347 -0.0262384103323  0.07581267657 -0.250818356399 0.226985278148  -0.328017555804 -0.0695910502988 0.0
 -0.172526046277 0.44229681942 -0.0451238314826  0.0769420580905 -0.228647430656 0.227830500333  -0.331200648708 -0.0484097230467 0.0
 -0.184869366515 0.443458353704 -0.0641565650226  0.0777584125304 -0.206477425765 0.2285912003  -0.334065432322 -0.0293465285198 0.0
 -0.197369914622 0.442924729781 -0.0833120127453  0.0784403302814 -0.183934666409 0.22927583027  -0.330583131514 -0.0181725594285 0.0
 -0.21006878425 0.44063860302 -0.102555123118  0.0788122821354 -0.161183066418 0.229891997243  -0.332600575939 -0.00640658553696 0.0
 -0.222717093512 0.436702491833 -0.121925509957  0.0791053536106 -0.13900334016 0.224071547519  -0.332295063799 -0.00265481587215 0.0
 -0.235291127277 0.430967313818 -0.141370840271  0.0792857475515 -0.117002708544 0.220208142767  -0.332020102874 0.00414058024498 0.0
 -0.247713845083 0.423393314473 -0.160897214351  0.079323046518 -0.0947516873569 0.22260607849  -0.334196880465 0.00341882991279 0.0
 -0.259855796801 0.413957859837 -0.180468129796  0.0792537921107 -0.0723576305062 0.224764220641  -0.326155980298 0.00960686145142 0.0
 -0.271609206475 0.402738701487 -0.200048658953  0.0791469989379 -0.0502907397408 0.226706548577  -0.318919170147 0.00919318385329 0.0
 -0.2830476481 0.389783266711 -0.219642386248  0.0788980393731 -0.0283156770375 0.228454643719  -0.313618162223 0.0156584808526 0.0
 -0.294306119633 0.375090967338 -0.239271530592  0.0784711078236 -0.00642959150944 0.230027929347  -0.310968467213 0.0257507524254 0.0
 -0.305439613975 0.358629436542 -0.258943241241  0.0779312447068 0.0150788143584 0.231443886413  -0.308583741704 0.0314149934222 0.0
 -0.316569764888 0.340301568966 -0.278624944013  0.0773453234376 0.0359750360062 0.232718247771  -0.303710216018 0.0467692205757 0.0
 -0.327754707417 0.320087932149 -0.298317744525  0.0765567670831 0.0568015177155 0.233865172994  -0.297808891386 0.0588786233045 0.0
 -0.338859944295 0.298051212273 -0.318012970367  0.075560828036 0.0774322631769 0.234897405695  -0.292497699217 0.0680676840509 0.0
 -0.349766531838 0.274253142791 -0.337694390343  0.0745449853391 0.0971903349027 0.235826415125  -0.286808535356 0.0712096335946 0.0
 -0.360463084707 0.248703523474 -0.357355983348  0.0735668096153 0.116422608954 0.236662523613  -0.282294348487 0.0800202941667 0.0
 -0.371073492357 0.221372349502 -0.37701531587  0.0724835835226 0.135973154998 0.236540021251  -0.276413398487 0.0922233929552 0.0
 -0.38179203161 0.192239918647 -0.396670788261  0.0711946515821 0.154892017552 0.233179769126  -0.26445387682 0.110898489557 0.0
 -0.392911638269 0.161123648568 -0.416315917127  0.0695427275533 0.172925769004 0.226530542214  -0.248538792168 0.146509495302 0.0
 -0.404386595307 0.128061752367 -0.435951201182  0.0676919452382 0.190080605514 0.211796237992  -0.241184912951 0.159755981669 0.0
 -0.416060352851 0.0931900993541 -0.455606366611  0.0657066546717 0.206735686861 0.192785364193  -0.231839148929 0.166549614272 0.0
 -0.427773228939 0.0566529618077 -0.47529087485  0.0637142462076 0.222814350177 0.173925577774  -0.226761294642 0.158988669939 0.0
 -0.439414033468 0.0185833473142 -0.495024370553  0.0615848180297 0.23856419484 0.166326769996  -0.22279728639 0.13423510209 0.0
 -0.45117045007 -0.0211380336543 -0.514804590413  0.0594571276896 0.253929455847 0.162112842997  -0.214381194115 0.139307318377 0.0
 -0.463097182881 -0.0625245912485 -0.534639977176  0.0573337804164 0.269182872575 0.151445308697  -0.232867317127 0.129342398505 0.0
 -0.473887960427 -0.105047980398 -0.55446400006  0.0562342396358 0.284449603997 0.131969527827  -0.228292706627 0.0631090133553 0.0
