 0.271777328157 -0.340006339568 0.255833330289  -0.374024096386 0.486160923688 -0.321428571429  0.0435265700483 0.018253968254 0.0
 0.271715522914 -0.340003500213 0.255837949947  -0.372257028112 0.485794094654 -0.323154362416  0.0459420289855 0.0214285714286 0.0
 0.27151134232 -0.3399969553 0.255859207104  -0.36962248996 0.484826507908 -0.323748801534  0.0510144927536 0.0084126984127 0.0
 0.271277872307 -0.339990814625 0.255911496088  -0.35753253012 0.482740934512 -0.324187919463  0.0662077294686 -0.00647619047619 0.0
 0.270716364242 -0.340011735235 0.256021055183  -0.337735903614 0.479432683866 -0.327459443912  0.0847125603865 -0.0119396825397 0.0
 0.269861213304 -0.340062016939 0.256175492791  -0.315983196787 0.475102200373 -0.330691447747  0.0970190821256 -0.0168568253968 0.0
 0.269030947 -0.340143072218 0.256325105125  -0.302188893173 0.470062182994 -0.328231123682  0.107611859903 -0.00858384126984 0.0
 0.268236541044 -0.340271847463 0.256487054633  -0.293227835181 0.464034796855 -0.324770427421  0.123908644928 -0.00590006031746 0.0
 0.267619257629 -0.340434776649 0.256663024317  -0.285484168128 0.457034588563 -0.32021764163  0.139058843237 -0.00665926063492 0.0
 0.267140963275 -0.340626117534 0.256840467607  -0.279077116777 0.449122758788 -0.314298466153  0.151244746353 -0.00892984250794 0.0
 0.266709006965 -0.340836869444 0.256992888551  -0.274676232409 0.440414524042 -0.307341294514  0.159313508432 -0.00621146143175 0.0
 0.266253516953 -0.34106116263 0.257091452044  -0.270554793907 0.431169932544 -0.30136747187  0.165126118942 -0.00217761687587 0.0
 0.265653836013 -0.341289555134 0.257106006848  -0.269817386805 0.421737285913 -0.294456995057  0.166009642313 0.00462744639902 0.0
 0.264823410234 -0.34150055484 0.257038008925  -0.272125607964 0.412063226574 -0.288525197756  0.16825408871 0.0155139081083 0.0
 0.263990442851 -0.341656461171 0.256892741232  -0.276853609417 0.402039596803 -0.279063857271  0.16979099868 0.00943870777368 0.0
 0.263273707786 -0.341740468009 0.256680096677  -0.27885981474 0.391869734182 -0.27102803722  0.172140401227 0.00873293223441 0.0
 0.262643360174 -0.341750135666 0.256393675327  -0.278978652543 0.38151413968 -0.263124658234  0.17425486352 -0.00142607527475 0.0
 0.262065399292 -0.341686139489 0.256020784013  -0.278443036285 0.371057535983 -0.25361468522  0.174225512434 -0.00104537250918 0.0
 0.261562323006 -0.341546297644 0.255565475303  -0.277880660367 0.360311575517 -0.242275268472  0.176131463606 -0.0118138511313 0.0
 0.261330188568 -0.341307575436 0.255038314781  -0.272876530074 0.349389384229 -0.232453302507  0.176880636086 -0.0183308787166 0.0
 0.261254784562 -0.340962016593 0.254465583432  -0.265079640118 0.338025946438 -0.224955815017  0.183835084554 -0.0130850924322 0.0
 0.261218840057 -0.340493464182 0.253863098756  -0.257500190163 0.326042883937 -0.218303953554  0.190094088176 -0.0147130911255 0.0
 0.261205661459 -0.339883917972 0.253233190885  -0.248028082793 0.313411955336 -0.213947191947  0.196210283223 -0.0161782899495 0.0
 0.261060741981 -0.339131444805 0.252563093017  -0.239744150016 0.300492613191 -0.208779701899  0.200748675191 -0.0143223657164 0.0
 0.260827183513 -0.338231546902 0.251857038597  -0.230923148669 0.286952883413 -0.20038974705  0.207248686899 -0.0253504466051 0.0
 0.260851820819 -0.33717890528 0.251128478364  -0.217201114926 0.273035212487 -0.19466045595  0.213581789223 -0.0447995289287 0.0
 0.261092054089 -0.335970685179 0.250379978259  -0.200112328735 0.25887962557 -0.189599971237  0.22218013204 -0.0480179887342 0.0
 0.261446196871 -0.334597835566 0.249608655183  -0.182563746464 0.244485859898 -0.180731057526  0.229435548788 -0.0509146025592 0.0
 0.261790279022 -0.333055397824 0.248829685646  -0.165324239287 0.229775502304 -0.173516053404  0.240313249948 -0.0439977454779 0.0
 0.2620952205 -0.331331424715 0.24803892497  -0.148282578411 0.21401047237 -0.165967899645  0.250103180992 -0.0441217804539 0.0
 0.262369501194 -0.329416608688 0.247228157377  -0.131740264345 0.197855501265 -0.158791052154  0.257947935356 -0.042646110345 0.0
 0.262656904656 -0.327298859414 0.246392497986  -0.114201579276 0.181199243339 -0.150510221148  0.266940581434 -0.0540164199455 0.0
 0.262962142497 -0.324955448816 0.245540191862  -0.0953645538784 0.164236153451 -0.141619314086  0.278415605416 -0.054725889062 0.0
 0.263174784694 -0.322364647215 0.244685853954  -0.0756803073259 0.146136971325 -0.132562847682  0.297438779174 -0.0569517128542 0.0
 0.263266381114 -0.319499995345 0.243772957865  -0.0579644854286 0.127454298307 -0.124412027919  0.302965432658 -0.0859390812514 0.0
 0.263297335741 -0.316360465836 0.242807085167  -0.0420202457211 0.108336687347 -0.117076290132  0.311804155092 -0.097741998523 0.0
 0.263085805819 -0.312931812314 0.241758428695  -0.0276704299843 0.088677292471 -0.110474126123  0.322174464221 -0.102015417718 0.0
 0.262553300459 -0.309194895844 0.240643238167  -0.0147555958212 0.067898865046 -0.104532178516  0.332473926011 -0.101099590232 0.0
 0.261719311202 -0.305128933837 0.239445132702  -0.00313224507446 0.0463478383646 -0.0991844256689  0.341743441623 -0.100275345495 0.0
 0.260462014527 -0.300723190665 0.238138594509  0.00732877059765 0.0244743149768 -0.0943714481068  0.350569097461 -0.0915970172945 0.0
 0.258492827339 -0.295971867773 0.236688052561  0.0167436847025 0.0024548707303 -0.0900397683009  0.355130545202 -0.077437315565 0.0
 0.255433130164 -0.290850797437 0.235010092223  0.0252171073969 -0.0196658343354 -0.0861412564756  0.347158553484 -0.0758046951196 0.0
 0.251205533459 -0.285354969152 0.233122992656  0.0328431878219 -0.0417092935983 -0.0826325958329  0.349162504899 -0.0949702573537 0.0
 0.246434949927 -0.279443480367 0.231042915907  0.0397066602044 -0.0638997209046 -0.0794748012544  0.358212437984 -0.104282755428 0.0
 0.241660138706 -0.273065936504 0.228785270266  0.0458837853486 -0.0871424988292 -0.0766327861337  0.372637570997 -0.115838606869 0.0
 0.236954275784 -0.266214456267 0.226329944785  0.0514431979784 -0.111260229222 -0.0748419907418  0.384654007134 -0.11830236523 0.0
 0.231227591483 -0.258910600567 0.223613161614  0.0564466693452 -0.135858723709 -0.0702580792995  0.388705514633 -0.0729007001355 0.0
 0.223405335458 -0.251150390048 0.220569891339  0.0609497935754 -0.160565171983 -0.0661325590014  0.394284238532 -0.000293169804465 0.0
 0.214082152039 -0.242947273416 0.217148287021  0.0650026053825 -0.185134248626 -0.0624195907331  0.389643254293 0.0126726551125 0.0
 0.204634407308 -0.234272098595 0.213317782808  0.0686501360089 -0.209315092812 -0.0590779192916  0.389331102776 -0.0169279437321 0.0
 0.195036014521 -0.225136105963 0.209095244408  0.0776357248176 -0.233465248093 -0.0560704149943  0.394364176074 0.0389711998475 0.0
 0.18479779835 -0.215550097489 0.204428117459  0.0857227547455 -0.25725703587 -0.0533636611267  0.386333555568 0.0734074131961 0.0
 0.17391788664 -0.205485818902 0.199229073002  0.0930010816806 -0.280317368725 -0.0509275826458  0.366545610639 0.0996381004479 0.0
 0.162454949959 -0.194912352913 0.193472778406  0.0995515759222 -0.302605133927 -0.0487351120131  0.347770276628 0.116896512625 0.0
 0.151014797943 -0.183809652402 0.187166557855  0.10544702074 -0.323451902993 -0.0467618884436  0.322176823845 0.113381464537 0.0
 0.139823059998 -0.172159341575 0.180278518111  0.110752921075 -0.342490620325 -0.0449859872311  0.287548513441 0.0911703022106 0.0
 0.128678818929 -0.15996905144 0.17270603418  0.115528231377 -0.359108297122 -0.0433876761398  0.237542454367 0.0918151767515 0.0
 0.117358807105 -0.147256409968 0.164410345717  0.119826010649 -0.372789325008 -0.0419491961576  0.184324440815 0.0749352463779 0.0
 0.105893015973 -0.134025943771 0.15536211032  0.123694011994 -0.383755205785 -0.0406545641737  0.127732576443 0.0787909280893 0.0
 0.0942371010211 -0.120290087165 0.145610955444  0.127175213204 -0.392301508527 -0.0394893953882  0.0893602849825 0.0965467559153 0.0
 0.0828604330574 -0.106034679969 0.135252072847  0.124685804334 -0.39860404154 -0.0384407434812  0.0533759473055 0.0760190644508 0.0
 0.0720696672079 -0.0912328095246 0.124294311329  0.121802766069 -0.402887181797 -0.0374969567649  0.0176084008842 0.0543695389581 0.0
 0.0616956920225 -0.0759111014253 0.112730593357  0.119930923197 -0.405358882163 -0.0366475487202  -0.0174809416197 0.03171036284 0.0
 0.0515243436491 -0.0600944374439 0.100555808249  0.124912931279 -0.405977783772 -0.03588308148  -0.0514768088104 0.0271901202068 0.0
 0.0414471173832 -0.0438071772128 0.0878200718746  0.12795095542 -0.404640514144 -0.0351950609639  -0.0869040071564 0.000899679614719 0.0
 0.03120932135 -0.0270943509001 0.0745315279778  0.128516502448 -0.400772950793 -0.0345758424993  -0.12410249533 -0.0132379073944 0.0
 0.0204423502912 -0.0100038475805 0.0607269319567  0.127419069071 -0.394315416373 -0.0340185458812  -0.154199492174 -0.0243744341153 0.0
 0.00944620104086 0.00748172033759 0.0464871683524  0.1228169212 -0.385917791387 -0.0335169789249  -0.177422055033 -0.0518576256244 0.0
 -0.00163127334066 0.0253718216134 0.0318771889891  0.115863743136 -0.376447607053 -0.0330655686643  -0.191075984796 -0.052782974173 0.0
 -0.0127857146427 0.0436527492342 0.016928467461  0.108160099746 -0.366415029882 -0.0326592994297  -0.200949062645 -0.0456792799303 0.0
 -0.0241195808128 0.0622852568719 0.00165334527386  0.101066178125 -0.355756027345 -0.0322936571185  -0.209834832709 -0.0392859551119 0.0
 -0.0356155459171 0.0812352860998 -0.0139320347517  0.0883362671399 -0.344208508079 -0.0319645790385  -0.221696760066 -0.0335319627753 0.0
 -0.047363997026 0.100471737819 -0.0298234593525  0.0728632829962 -0.332029704297 -0.0258198948643  -0.237686504349 -0.0362898776089 0.0
 -0.0594988144601 0.119960872141 -0.0460166983593  0.0547608904396 -0.318994092097 -0.0271928430576  -0.249178723479 -0.0260735882607 0.0
 -0.0722805229585 0.139650623059 -0.062536509602  0.0346133154518 -0.304543898114 -0.0283326191546  -0.266768097508 -0.00894241991083 0.0
 -0.0855448101619 0.159495886377 -0.0793367347554  0.0123037911356 -0.288850648479 -0.0336728951106  -0.277284524472 -0.0141592890309 0.0
 -0.0991049687898 0.17946578451 -0.0963994402674  -0.00480289319887 -0.272122839029 -0.0423142345545  -0.293512593764 -0.02996558235 0.0
 -0.112835171155 0.199510682692 -0.113738189486  -0.0201989090999 -0.253531819183 -0.0497079309456  -0.313914957576 -0.0584769606229 0.0
 -0.126793007429 0.219561657275 -0.131311710616  -0.0340553234108 -0.233672834149 -0.0563622576977  -0.324547616408 -0.0555657724971 0.0
 -0.141182980549 0.239555265444 -0.149118214755  -0.0465260962906 -0.213460460831 -0.0623511517745  -0.339914110806 -0.0751679254062 0.0
 -0.156128970945 0.259433068264 -0.167140134257  -0.0577497918824 -0.192148271264 -0.0677411564436  -0.347946854315 -0.0690003392147 0.0
 -0.171916747126 0.279136537443 -0.185332392931  -0.067851117915 -0.170555850776 -0.0725921606459  -0.350345405598 -0.0539257021187 0.0
 -0.188649712509 0.298625137411 -0.203689059363  -0.0769423113444 -0.148723249642 -0.0769580644279  -0.352504101753 -0.034009322383 0.0
 -0.206060480126 0.317875062545 -0.222237281462  -0.0851243854309 -0.126091167627 -0.0808873778317  -0.363142580467 -0.0303702949066 0.0
 -0.224124453437 0.336824708309 -0.241008286812  -0.0924882521087 -0.1024929956 -0.0892176237494  -0.372234119522 -0.0143967574794 0.0
 -0.24282716081 0.355403138869 -0.259970361079  -0.0991157321187 -0.0785364977716 -0.0967148450753  -0.372687036072 -2.05737949812e-05 0.0
 -0.261772431922 0.373597094992 -0.279072767569  -0.105080464128 -0.054365751356 -0.0949292666081  -0.369229926668 0.00815608675912 0.0
 -0.280900933552 0.391393843752 -0.298305322307  -0.110448722936 -0.0305975266925 -0.0896789094583  -0.358872151392 0.0012293669721 0.0
 -0.300159249132 0.408781737828 -0.317639586845  -0.115280155863 -0.00746819677867 -0.0849535880235  -0.353414887944 -0.00500468083622 0.0
 -0.319686269198 0.425740089067 -0.337145838977  -0.119628445498 0.0155972830712 -0.0807007987321  -0.357682094802 0.000495787247399 0.0
 -0.339583641213 0.442215320563 -0.356887865997  -0.123541906169 0.0387857055849 -0.07687328837  -0.364904223486 0.00385890693536 0.0
 -0.360022991414 0.45813862114 -0.376853430725  -0.127064020773 0.0618261920954 -0.073428529044  -0.362708487127 0.014822222591 0.0
 -0.380867095662 0.473492696796 -0.397032064918  -0.130233923916 0.0850221885573 -0.0703282456506  -0.367012517642 0.0262765082684 0.0
 -0.401992793836 0.488257897445 -0.417471433208  -0.133086836746 0.109651065979 -0.0675379905966  -0.376200154766 0.0286488574416 0.0
 -0.423630637058 0.502367501086 -0.43820228006  -0.135654458292 0.134992231556 -0.0721216795523  -0.381087385667 0.0466569875704 0.0
 -0.445747774095 0.51575817462 -0.459224453823  -0.139893028527 0.160000254778 -0.0709737493727  -0.384036618114 0.066038907861 0.0
 -0.467821529981 0.528411092274 -0.48048966667  -0.151498906397 0.184666354743 -0.068790084886  -0.378478366931 0.0723715250114 0.0
 -0.489482211966 0.540334969598 -0.501935691724  -0.16443415632 0.208850329648 -0.0721939143648  -0.363814105117 0.0764835788595 0.0
 -0.510867043043 0.551544548858 -0.523548567988  -0.17294335113 0.232059168835 -0.0821605248459  -0.347234626973 0.0976447447831 0.0
 -0.532602605923 0.562050138753 -0.545349965467  -0.186224116418 0.253951393752 -0.0963078472415  -0.329897637705 0.121451698876 0.0
