 -0.119475583579 0.323999249576 0.103152327459  0.494695407685 0.498544987841 -0.2559408867  0.169549718574 0.257619047619 0.0
 -0.119548901394 0.323993271928 0.103203250425  0.495632614808 0.497653336936 -0.261261083744  0.172739212008 0.26 0.0
 -0.119839426044 0.323968678656 0.103421600196  0.494507966261 0.495344501486 -0.269793103448  0.185928705441 0.263333333333 0.0
 -0.120586611894 0.323905370565 0.103910886055  0.489840674789 0.491922318292 -0.279245320197  0.202677298311 0.279428571429 0.0
 -0.121962243903 0.323786286374 0.104732465277  0.482922211809 0.487795339098 -0.289919802956  0.218313883677 0.305819047619 0.0
 -0.123926208523 0.32360536301 0.105920430018  0.476695595127 0.480399620373 -0.305142600985  0.237452476548 0.312903809524 0.0
 -0.126372756886 0.323358270195 0.107519080022  0.471091640112 0.471109050392 -0.31303031133  0.258992407129 0.304994380952 0.0
 -0.129247741815 0.323034551618 0.109567561426  0.4660480806 0.460984500392 -0.318946984631  0.276126937523 0.299066371429 0.0
 -0.132530810976 0.322621544322 0.112067723176  0.461508877038 0.449751357026 -0.326833566956  0.293236570225 0.30087402 0.0
 -0.136194222191 0.322112043938 0.114985160352  0.457423593833 0.437392135942 -0.332256614201  0.311074264047 0.300119951333 0.0
 -0.140152666024 0.321503886963 0.118286875729  0.453746838948 0.424424740775 -0.33171863751  0.326377719443 0.29229843239 0.0
 -0.144281534333 0.320793709051 0.121971628984  0.450437759552 0.410058867616 -0.325027561936  0.338837508475 0.273354303437 0.0
 -0.148498798087 0.319973480997 0.126034835435  0.447459588096 0.395380054618 -0.317527761408  0.350426553124 0.255114111189 0.0
 -0.152789863798 0.319033126828 0.130463998418  0.444779233785 0.37854172492 -0.306245921228  0.362357631395 0.236316985784 0.0
 -0.157072579986 0.317966391519 0.135246234977  0.442366914905 0.360658236027 -0.294811476888  0.371969898275 0.212256715777 0.0
 -0.161323282394 0.316763871144 0.140344195233  0.440195827913 0.34190165317 -0.282451511465  0.380620938466 0.196554853723 0.0
 -0.165579651104 0.315414605349 0.145725126045  0.43824184962 0.323217161995 -0.267780744555  0.389907812724 0.182423177875 0.0
 -0.16978028353 0.313912135095 0.151384423599  0.436483269157 0.304557023747 -0.250045034632  0.398641234079 0.164942764849 0.0
 -0.173878458354 0.312246872847 0.157320393546  0.43490054674 0.284520532397 -0.231816885848  0.405750844254 0.138496107412 0.0
 -0.177939892939 0.310403566692 0.163495953597  0.433476096564 0.2642112784 -0.217381995293  0.411399024369 0.128979830004 0.0
 -0.182015521555 0.308370678812 0.169874821532  0.432194091406 0.2427176026 -0.199957096256  0.419484262645 0.114462799385 0.0
 -0.186113155082 0.306137936099 0.176446250848  0.431040286764 0.219489208998 -0.178067790572  0.426198125311 0.107349852779 0.0
 -0.190258268892 0.303692373818 0.183192784771  0.430001862587 0.196719293772 -0.157185149445  0.433553922536 0.102138677025 0.0
 -0.194320232482 0.301027487571 0.190093105971  0.429067280827 0.173294729972 -0.139178949772  0.439236053735 0.0867343331323 0.0
 -0.198224063563 0.298135618915 0.197095969052  0.428226157242 0.149409326145 -0.126126079425  0.442661416466 0.0776323283905 0.0
 -0.202007002829 0.295005554822 0.20415214658  0.427469146017 0.12508214657 -0.114969629118  0.447245181011 0.0801548098371 0.0
 -0.205616857135 0.291630454885 0.211209142384  0.426787835914 0.100850478793 -0.105421434679  0.448368692929 0.0764726621868 0.0
 -0.208961789879 0.288010108832 0.21821052829  0.426174656821 0.0759684841423 -0.0990940695364  0.44825415009 0.06958730073 0.0
 -0.212022156787 0.284140191544 0.225100313433  0.425622795637 0.0522574773924 -0.0937935295779  0.447775827013 0.0693428563713 0.0
 -0.214756557985 0.280022921941 0.231814026256  0.425126120572 0.0279251368404 -0.0872496446004  0.444343460072 0.0643609516865 0.0
 -0.217124601882 0.275663671732 0.238316981563  0.424679113014 0.00438458208642 -0.0798823156083  0.440879095303 0.0551153327084 0.0
 -0.219147954966 0.271063630148 0.244601759021  0.424276806211 -0.0188351514532 -0.0717738870032  0.438699253315 0.0527466565804 0.0
 -0.220889376537 0.266225460646 0.250654416735  0.423914730088 -0.0417864106932 -0.0628999465787  0.4354240747 0.0518053242557 0.0
 -0.222348364954 0.261157300829 0.256471726733  0.423588861578 -0.0648540544118 -0.0541252228568  0.432664031208 0.0426247918301 0.0
 -0.223480954551 0.255869012483 0.262034651813  0.423295579919 -0.0876008835018 -0.0477058040194  0.426427646849 0.0260289793138 0.0
 -0.224354248928 0.250371926918 0.267311231736  0.423031626426 -0.11057235419 -0.0445884255879  0.420439666404 0.0182356051919 0.0
 -0.225114995415 0.244670411931 0.272296877957  0.422794068282 -0.133496069865 -0.0410931298271  0.416926656611 0.025507282768 0.0
 -0.225858435386 0.238767436529 0.276971505777  0.422580265952 -0.156734817377 -0.0362724867952  0.410950688887 0.0368136973483 0.0
 -0.226605659111 0.232667993691 0.281287459372  0.422387843855 -0.17870345939 -0.0313427750615  0.404071379848 0.0469894704706 0.0
 -0.227354969603 0.226379817895 0.285191822641  0.422214663969 -0.200771913775 -0.0251326354863  0.39469050828 0.0537667138997 0.0
 -0.228029019392 0.219914507132 0.288644985558  0.42205880207 -0.221572458145 -0.0189523768638  0.38437155126 0.0527233758431 0.0
 -0.228577825093 0.213282295905 0.291615057334  0.421918526362 -0.242001945646 -0.0129960554336  0.373208317335 0.0529748477826 0.0
 -0.229029284928 0.206489445173 0.294062123797  0.421792278224 -0.262469003175 -0.00605901146659  0.36034714789 0.062724982052 0.0
 -0.229405285693 0.199541244584 0.295927810019  0.4216786549 -0.28229438062 0.00274590445839  0.344081663871 0.0750715314658 0.0
 -0.229670158787 0.192443331724 0.297138468626  0.421576393909 -0.300934302191 0.0128378164756  0.325315148515 0.0873739021288 0.0
 -0.229735416832 0.185201478496 0.297609270892  0.421484359017 -0.318743736063 0.0258614239906  0.302984384133 0.0960650833445 0.0
 -0.229426630977 0.177819174583 0.297262211656  0.421401527614 -0.335272091448 0.0398486806063  0.278008647408 0.0872204797719 0.0
 -0.228520345233 0.17029496295 0.29600728744  0.421326979351 -0.350275954987 0.0518460785555  0.245586769534 0.0590222413185 0.0
 -0.226850392423 0.162627802889 0.293718003304  0.421259885914 -0.363482215203 0.0607718155276  0.209465240798 0.0229295409962 0.0
 -0.224340390061 0.154818576593 0.290280774472  0.421199501822 -0.374388384388 0.0644700034329  0.165323594767 -0.0155062702463 0.0
 -0.221071151461 0.146865666317 0.285660626103  0.421145156138 -0.383001558918 0.0644486188532  0.123532323471 -0.0405746908407 0.0
 -0.217201897557 0.138764175431 0.279887965337  0.421096245023 -0.389226801567 0.0622618850467  0.0855449447822 -0.0524219836614 0.0
 -0.212811779718 0.130515353309 0.272990975607  0.421052225019 -0.393762240838 0.0597026916159  0.0479791932683 -0.065465499581 0.0
 -0.207913520778 0.122124671594 0.264986507611  0.421012607016 -0.395581234263 0.055330452011  0.00854149908218 -0.0855379972419 0.0
 -0.20250468091 0.113596118574 0.255913725623  0.420976950813 -0.395043240531 0.0494249930168  -0.0247010185559 -0.102412768946 0.0
 -0.196627327673 0.104924494626 0.245854818514  0.42094486023 -0.392633890809 0.0446026907594  -0.0523678773007 -0.0997429206231 0.0
 -0.190258875502 0.0961108605823 0.234875533659  0.420915978706 -0.388803763009 0.0418389734076  -0.082521333473 -0.0997210095132 0.0
 -0.1832991015 0.0871615530826 0.223052261179  0.420889985334 -0.383107255933 0.0392531056235  -0.10778327142 -0.108034622848 0.0
 -0.17564730112 0.0780776936102 0.210480793211  0.420866591299 -0.374974455225 0.0342657260956  -0.129580929269 -0.130993065325 0.0
 -0.167268746412 0.0688623627819 0.197224258305  0.420845536668 -0.365283953771 0.0235701879688  -0.154639721895 -0.152846139745 0.0
 -0.158338470052 0.0595052016449 0.183358737988  0.420826587499 -0.354650856962 0.0101018391227  -0.172314586479 -0.154656763865 0.0
 -0.148931018809 0.0499962493087 0.168947651856  0.420809533248 -0.343372072266 -0.00418716252356  -0.187096261039 -0.158667277955 0.0
 -0.138940896466 0.0403374644516 0.153989138171  0.420794184422 -0.331350050124 -0.0208896285372  -0.208467310357 -0.180133883493 0.0
 -0.128413648527 0.0305234359418 0.138484077437  0.420780370478 -0.318753683318 -0.0383849021367  -0.229577427352 -0.195882399905 0.0
 -0.117568997783 0.0205324758287 0.122490090879  0.420767937929 -0.305667426037 -0.0532439488688  -0.244824187431 -0.187437017058 0.0
 -0.106572283869 0.0103408458909 0.106079056248  0.420756748635 -0.291491793944 -0.0659274357554  -0.257795802459 -0.161979029638 0.0
 -0.0952404867847 -5.61476050425e-05 0.0892725760535  0.42074667827 -0.27707201201 -0.0808893719828  -0.273034983939 -0.166447793341 0.0
 -0.0833419390101 -0.0106570516401 0.0720473610722  0.420737614941 -0.261784021833 -0.0989856564594  -0.291065444269 -0.195469680673 0.0
 -0.0708889323393 -0.0214759295918 0.0544096282021  0.420729457946 -0.245620075202 -0.115567878991  -0.305416685959 -0.212065569749 0.0
 -0.0579688440459 -0.0325345154204 0.0363918347205  0.42072211665 -0.228701542418 -0.131772667446  -0.319458507044 -0.218668536583 0.0
 -0.0445450100625 -0.0438455065362 0.0179937740389  0.420715509484 -0.210968783475 -0.151283085431  -0.336411343019 -0.232944540068 0.0
 -0.0306265683698 -0.0554227241536 -0.00076871668125  0.420709563034 -0.192982821096 -0.169630638957  -0.345102291268 -0.241031038442 0.0
 -0.0161788582976 -0.0672779542328 -0.0198676446372  0.420704211229 -0.173674676787 -0.18614343713  -0.352548910172 -0.247118410788 0.0
 -0.00115117578132 -0.0794195186512 -0.0392818118665  0.410858719816 -0.153804777333 -0.201004955486  -0.367318409398 -0.256168474471 0.0
 0.0144155789358 -0.0918591261644 -0.0589531319429  0.405278002473 -0.133260424972 -0.214380322006  -0.37760908253 -0.258361150834 0.0
 0.0304050743509 -0.10461034603 -0.0788305370334  0.402036050398 -0.112386017168 -0.226418151875  -0.38255549135 -0.247239321465 0.0
 0.0468395584684 -0.117677526212 -0.0989122117747  0.401180149201 -0.0911875397417 -0.237252198756  -0.390009135461 -0.240801103604 0.0
 0.0637413620633 -0.131064605694 -0.119155012478  0.402659135218 -0.0691299854433 -0.24700284095  -0.394653625292 -0.227863850386 0.0
 0.0809847863202 -0.144780020889 -0.13946456687  0.403990222634 -0.0475219044888 -0.255778418924  -0.393955617359 -0.201934608205 0.0
 0.0984684499379 -0.158826580343 -0.159786871453  0.403501228486 -0.0260211325754 -0.2636764391  -0.392201706655 -0.170264956908 0.0
 0.116347240631 -0.173197193582 -0.180114881572  0.40165532307 -0.00448859510821 -0.270784657259  -0.394187914977 -0.16438131836 0.0
 0.134680077069 -0.187887924359 -0.200384677401  0.399244242497 0.0166739904226 -0.277182053602  -0.390159367381 -0.150752710334 0.0
 0.153368750266 -0.2028999722 -0.220512678251  0.394918693598 0.0379967291809 -0.282939710311  -0.383907032895 -0.126582201205 0.0
 0.172394773548 -0.218227853793 -0.240464004214  0.389526168194 0.0586327493188 -0.288121601349  -0.380343721725 -0.10601921918 0.0
 0.191846997854 -0.233859767176 -0.260216287421  0.38345452607 0.0795018440167 -0.292785303283  -0.377887210716 -0.0970363448809 0.0
 0.211664192675 -0.249789570714 -0.279722550285  0.376959120323 0.0996755450514 -0.296982635024  -0.369672598462 -0.0806184246786 0.0
 0.231707338887 -0.266010829433 -0.298967275838  0.368489075207 0.11941252986 -0.30076023359  -0.361153743869 -0.0503661060202 0.0
 0.251986536932 -0.282510606602 -0.317990960199  0.357304647537 0.138857794032 -0.3041600723  -0.356113416387 -0.0279009239896 0.0
 0.27272167529 -0.299272513191 -0.33684802795  0.344145879128 0.157756802524 -0.307219927139  -0.353640911521 -0.0255394030192 0.0
 0.294161270303 -0.316284471853 -0.355563664873  0.327148348385 0.176995037429 -0.309973796494  -0.351978508924 -0.043652129384 0.0
 0.316474563975 -0.333540558803 -0.374118296892  0.309694994334 0.195775268893 -0.312452278914  -0.349356643023 -0.0682869164456 0.0
 0.339667777912 -0.35104349348 -0.392480311209  0.2940806964 0.2151295172 -0.314682913091  -0.346246494668 -0.0845058438486 0.0
 0.36358069612 -0.36880061279 -0.410629198791  0.281527359656 0.234230318519 -0.316690483851  -0.341946423062 -0.0836266880352 0.0
 0.387993034312 -0.386816224899 -0.428562322296  0.270229356586 0.253062487964 -0.318497297535  -0.337701124095 -0.0697402097079 0.0
 0.412677422274 -0.405092670429 -0.446283184738  0.256780928894 0.271983880346 -0.32012342985  -0.332754651461 -0.0393852363561 0.0
 0.437449950003 -0.423631486003 -0.463787667457  0.240366191206 0.290289815467 -0.321586948934  -0.326989505264 -0.000160998434809 0.0
 0.462192313785 -0.442431045198 -0.481067050727  0.225592927287 0.308940244891 -0.32290411611  -0.319924701079 0.0506170061706 0.0
 0.486882446424 -0.461484551112 -0.498108462194  0.21229698976 0.326873969658 -0.324089566568  -0.312628291009 0.0963172103154 0.0
 0.511608628594 -0.480779481432 -0.514885719523  0.200330645985 0.344405837756 -0.32515647198  -0.30474820112 0.131495013093 0.0
 0.536491219838 -0.500301608331 -0.531364038364  0.189560936588 0.361434181297 -0.326116686851  -0.294466626786 0.15482170226 0.0
