 0.0320052053331 0.24010690693 0.217303428184  -0.460950095969 0.490633820565 -0.15034261242  0.0808659217877 0.0451239669421 0.0
 0.0320304337644 0.240114648436 0.217303558421  -0.457591170825 0.490041582661 -0.154304068522  0.0831005586592 0.0409917355372 0.0
 0.0321574505694 0.240143393868 0.217308779553  -0.453560460653 0.488891129032 -0.157762312634  0.0862290502793 0.0347933884298 0.0
 0.032446859942 0.240200452837 0.217308781152  -0.448733205374 0.487294984879 -0.160339400428  0.0890446927374 0.0234297520661 0.0
 0.0331187657678 0.240302186812 0.2172770639  -0.444724568138 0.485140209173 -0.153879336188  0.0918581005587 -0.00497933884298 0.0
 0.0341525406841 0.240425298099 0.217240429851  -0.440828886756 0.48250156628 -0.140998897216  0.102211396648 -0.0181508264463 0.0
 0.0354439891727 0.240534959441 0.217223517855  -0.436698973129 0.478683995338 -0.122447187366  0.111808692737 -0.0324845041322 0.0
 0.0371107203669 0.240620300551 0.21727259874  -0.431446542226 0.473477768183 -0.0960076078158  0.128546817877 -0.0561286157025 0.0
 0.0392334598595 0.24066864937 0.217451130992  -0.422880582821 0.466618524631 -0.0648244059208  0.150035711508 -0.0765818698347 0.0
 0.0418204964428 0.240668892365 0.21777938096  -0.41334780285 0.459021314305 -0.0323698025878  0.169375715777 -0.0900311208678 0.0
 0.0448153019817 0.240613767446 0.218258610155  -0.402800930435 0.44892021614 -0.00316065958812  0.187340378836 -0.0963503228306 0.0
 0.048251139031 0.240503940368 0.218884808581  -0.391293390174 0.438033612873 0.0231275691116  0.201273938718 -0.102864050878 0.0
 0.0521175031613 0.240328143396 0.219648693041  -0.379401095303 0.426660569126 0.0467869749413  0.214652131438 -0.10789995984 0.0
 0.0563500162337 0.240067035402 0.220541823804  -0.366490736252 0.41467961806 0.0680804401881  0.224457868015 -0.111605831624 0.0
 0.0609235725034 0.239699200086 0.221558204469  -0.351272564738 0.401716822585 0.0872445589102  0.233003701325 -0.116594008793 0.0
 0.065805207985 0.239205485012 0.22268172231  -0.334169300587 0.388116082867 0.10449226576  0.240415621695 -0.120256921963 0.0
 0.0709340075753 0.238564588698 0.223899427872  -0.31642511525 0.374224711475 0.120015201925  0.246527690811 -0.121900651254 0.0
 0.0763440585045 0.237762740526 0.225217497306  -0.297528285107 0.359977265529 0.133985844473  0.254821849104 -0.12668579274 0.0
 0.0820836145382 0.236790930796 0.226634606308  -0.27663438174 0.345094332323 0.146559422767  0.26172793235 -0.129339527516 0.0
 0.088141191669 0.235641042627 0.228120566469  -0.255046759305 0.329740267034 0.157875643231  0.267105418445 -0.132554335095 0.0
 0.0944934521258 0.234311261184 0.229671816682  -0.231395250361 0.313533755452 0.168060241649  0.272224485539 -0.131315430511 0.0
 0.101144902491 0.232798425187 0.23126829807  -0.207709660066 0.297221584544 0.184399827762  0.276552316314 -0.131026862667 0.0
 0.108117773503 0.231104371057 0.232896410372  -0.183705488685 0.280600106533 0.197071194023  0.280168034404 -0.131593597888 0.0
 0.115374868007 0.229223833112 0.234549459291  -0.159078701813 0.26346713721 0.203550370124  0.284818828729 -0.130450767024 0.0
 0.122870693904 0.227152377824 0.23621091317  -0.135235131056 0.246510166433 0.207240300991  0.289842532448 -0.128595772967 0.0
 0.130617692418 0.224893941912 0.237862657317  -0.111856531578 0.229692693136 0.208634043911  0.292687888142 -0.130232063439 0.0
 0.138593555978 0.222444982907 0.239499057111  -0.0879846979977 0.212553438944 0.205819890056  0.299159322791 -0.128398939739 0.0
 0.146712573878 0.219804013684 0.241108568998  -0.0642927541096 0.194740257348 0.200610492056  0.304424954758 -0.125096235848 0.0
 0.154862749864 0.21697177381 0.242666642449  -0.0419623270672 0.176862375766 0.195065502808  0.30860536431 -0.117991570941 0.0
 0.16300103291 0.213955989965 0.244162252157  -0.0208092805409 0.157754389198 0.186755954669  0.313485051343 -0.109944479962 0.0
 0.171121241281 0.210773861432 0.245572168452  -0.00119572292828 0.13874898556 0.177457232863  0.315083473583 -0.104354990644 0.0
 0.179221502808 0.207441217972 0.246880378395  0.0173202025315 0.119646894464 0.166518790091  0.317360042426 -0.100150896538 0.0
 0.187214054919 0.20396786315 0.248081572147  0.0349442283436 0.100646796751 0.155068195878  0.321643591256 -0.0947143192811 0.0
 0.195006944401 0.200363699914 0.249173911059  0.0506139129949 0.0811840576003 0.138981076505  0.324940125985 -0.0889949534687 0.0
 0.202530145142 0.196642589367 0.250139321574  0.0651484909852 0.061311241558 0.120755345728  0.328744996068 -0.0838475242375 0.0
 0.209648945391 0.19281132057 0.250968845575  0.0777017800825 0.0415166849426 0.100176599164  0.33300736797 -0.0742561602435 0.0
 0.216302683377 0.188879444575 0.251638644291  0.0886158631107 0.0215531464886 0.0787649349646  0.336005513854 -0.0681032714919 0.0
 0.222377995131 0.184851920856 0.252122153975  0.09906233822 0.00185965139622 0.0605651009971  0.340659152413 -0.0551276550865 0.0
 0.227725946539 0.180721403071 0.252393037147  0.107168580406 -0.0183405526547 0.0462195116683  0.343171449462 -0.0351851375117 0.0
 0.232378738858 0.176502330295 0.252395489552  0.114320244438 -0.0388140830747 0.038554733949  0.340963243063 -0.0238484419424 0.0
 0.236396871126 0.17222602469 0.252084825406  0.125459237269 -0.0590169741624 0.0316564340016  0.336182561215 -0.0169512010539 0.0
 0.239749949237 0.167912286856 0.251473398949  0.140234810663 -0.0795181245284 0.025447964049  0.335231902859 -0.0140494693783 0.0
 0.242512707826 0.163582255993 0.250582967015  0.155740120383 -0.0999852888901 0.0198603410916  0.334934969556 -0.0172230348372 0.0
 0.244721254595 0.159251928009 0.24941045638  0.171854208153 -0.120207652138 0.01483148043  0.333271081539 -0.0217321363121 0.0
 0.246365999902 0.154934246668 0.247957679178  0.187364564689 -0.140354603658 0.0103055058345  0.333728889586 -0.0257903276396 0.0
 0.247459250554 0.150634376831 0.246221785971  0.201563808796 -0.160553392284 0.00623212869862  0.33386158722 -0.0277898072723 0.0
 0.248002054785 0.146372199302 0.244185131383  0.217606084346 -0.180509015758 0.0025660892763  0.332305037437 -0.0147133058839 0.0
 0.247826657037 0.142141567393 0.241889492186  0.239961598752 -0.201562574867 -0.000733346203797  0.345429282296 0.00614645445653 0.0
 0.24698153004 0.137947157686 0.239358159135  0.265215918724 -0.223440465566 -0.00370283813588  0.354447806581 0.0125235445481 0.0
 0.245716311848 0.133791687846 0.236537651483  0.291927532226 -0.245512119614 -0.00637538087475  0.358374534302 0.00256044629161 0.0
 0.244425198601 0.129664469697 0.233384674083  0.316639769406 -0.267682555838 -0.00878066933974  0.358556633945 -0.028720391726 0.0
 0.243576753398 0.125527696651 0.229873032444  0.338880782869 -0.289047238763 -0.0109454289582  0.353971920271 -0.0742285178426 0.0
 0.243641929021 0.121352142513 0.225940216508  0.358897694985 -0.309466229604 -0.0147138410945  0.342024448914 -0.128408971844 0.0
 0.24466152463 0.11712162267 0.221487455614  0.376912915889 -0.328643472571 -0.0181054120172  0.32428848447 -0.173039149039 0.0
 0.245933922268 0.112792352898 0.216406579081  0.393126614703 -0.346501529548 -0.0211578258476  0.298828909766 -0.189239366367 0.0
 0.246359411512 0.108305756985 0.210575285955  0.407718943636 -0.362787994537 -0.023904998295  0.264462778566 -0.170761710722 0.0
 0.245083564837 0.103619791467 0.203886162417  0.420852039676 -0.377086690043 -0.0263774534976  0.222080746519 -0.130991324774 0.0
 0.241861281248 0.0987410412451 0.196277284706  0.432671826111 -0.389243570434 -0.0286026631799  0.177233007063 -0.0960244237012 0.0
 0.236774252541 0.0936929122345 0.187749740401  0.443309633903 -0.39935310956 -0.0306053518941  0.135752723116 -0.0637277664551 0.0
 0.230051333701 0.0884934485344 0.17830812339  0.452883660916 -0.407216815741 -0.0324077717368  0.0942305234304 -0.0363136674955 0.0
 0.222054049947 0.0831710154763 0.167974377132  0.461500285227 -0.412983667433 -0.0340299495952  0.0537879180147 -0.0215583338038 0.0
 0.213147826756 0.0777444882383 0.156775529223  0.469255247108 -0.416321515407 -0.0354899096678  0.0143169474423 -0.0148901037292 0.0
 0.203591504657 0.0722154448106 0.144727915633  0.4762347128 -0.417025931407 -0.0466539807995  -0.0265141886427 -0.012194481786 0.0
 0.193537052863 0.0665721000058 0.131848063038  0.482516231923 -0.415467365484 -0.0549885827196  -0.0638208703371 -0.0139006534422 0.0
 0.183083941797 0.0607810239748 0.118190197819  0.488169599134 -0.411153869863 -0.0663441141693  -0.103821464868 -0.0203948856186 0.0
 0.172180869406 0.0548051502753 0.103786309298  0.493257629624 -0.404808266143 -0.077955955429  -0.135632055811 -0.0229339094534 0.0
 0.160708799994 0.0485858980992 0.0886886917449  0.497836857064 -0.396104531262 -0.0955800601002  -0.172362146319 -0.0210867994998 0.0
 0.148446720814 0.0420656471985 0.0729313675284  0.501958161761 -0.385404486402 -0.105767236103  -0.197877328335 -0.00620126004571 0.0
 0.135331960976 0.0352013931876 0.0565706184529  0.505667335988 -0.372668347238 -0.117291154891  -0.228382891591 -0.0035480761899 0.0
 0.121302273935 0.0279549027215 0.0396459302983  0.509005592792 -0.358780166748 -0.12487895589  -0.25108929517 0.00793069837124 0.0
 0.106054079407 0.0202643506742 0.022263148648  0.512010023916 -0.344207971646 -0.135348233749  -0.266497125429 0.0256996120052 0.0
 0.0898399433934 0.0121516317209 0.00442546271174  0.514714011927 -0.326972532344 -0.144770583821  -0.293492664283 0.015245353284 0.0
 0.0726236404621 0.00356620301923 -0.0138060342648  0.517147601138 -0.308386040198 -0.153464831649  -0.307453453721 0.0289770163027 0.0
 0.0544813462326 -0.00551706382959 -0.0323453510419  0.519337831427 -0.288898620654 -0.155936335636  -0.31862151617 0.0380297278956 0.0
 0.0354512294352 -0.0151213161037 -0.0511354085684  0.521309038687 -0.268612967258 -0.158160689225  -0.328952101983 0.0494829534531 0.0
 0.0155911069549 -0.0252689998462 -0.0701596593626  0.523083125222 -0.247690808637 -0.160376740216  -0.33685298117 0.057311517612 0.0
 -0.00493075418508 -0.0359728459431 -0.0894168619226  0.524679803103 -0.225578355798 -0.159480393818  -0.347595057355 0.0693159030408 0.0
 -0.0260721036312 -0.0472740273491 -0.108875235918  0.526116813195 -0.202923872032 -0.150857836235  -0.355586948267 0.0784669573649 0.0
 -0.0477339140476 -0.0591880783385 -0.128516367155  0.527410122279 -0.180543909224 -0.143204600791  -0.363896968524 0.0858764599755 0.0
 -0.069971201464 -0.0717495741999 -0.148352680382  0.528574100454 -0.158108595923 -0.138672149277  -0.372213975583 0.09667724373 0.0
 -0.0927565488745 -0.0849937845843 -0.168410216758  0.529621680812 -0.134520896613 -0.126777097091  -0.38360989646 0.109703734233 0.0
 -0.11612214487 -0.0989822080803 -0.188679133761  0.530564503134 -0.11099862046 -0.115536218217  -0.39386622525 0.121427575686 0.0
 -0.139814967394 -0.113762085209 -0.209142977923  0.531413043223 -0.0872769086153 -0.0995307762665  -0.402258932334 0.127020355307 0.0
 -0.163770963983 -0.129370977876 -0.229769051261  0.532176729304 -0.063098486907 -0.0872672061345  -0.410650357536 0.131227410686 0.0
 -0.187919896719 -0.145829229725 -0.250552333233  0.532864046777 -0.0387736432566 -0.0809409137866  -0.415968003347 0.132534421683 0.0
 -0.211652707441 -0.163126769271 -0.271466801407  0.533482632502 -0.0149974634068 -0.0700009979968  -0.416005281224 0.103958665465 0.0
 -0.234362310849 -0.181272040201 -0.29247443521  0.534039359655 0.00921107829682 -0.0525533607239  -0.418832127404 0.0749346997452 0.0
 -0.256241255171 -0.200315399392 -0.313460223643  0.534540414093 0.0331787053462 -0.0407048768999  -0.411599752652 0.063689163655 0.0
 -0.27767434823 -0.220267190687 -0.334379823  0.534991363086 0.0562301644486 -0.0343238967045  -0.405090615376 0.0626590902647 0.0
 -0.298952122968 -0.24112945672 -0.355231308822  0.535397217181 0.0785515784473 -0.0278315498606  -0.397277084564 0.0757816109903 0.0
 -0.320268285543 -0.262884229826 -0.375993286232  0.535762485866 0.100568774433 -0.0272346903778  -0.389965577225 0.0908976647673 0.0
 -0.341686841197 -0.285512588838 -0.396695400967  0.536091227682 0.122154664127 -0.0325861678068  -0.387016505536 0.108634344572 0.0
 -0.363325620766 -0.309016807538 -0.417372222424  0.536387095317 0.144013920497 -0.0393296923538  -0.38324502258 0.127076695238 0.0
 -0.38534774751 -0.333408996286 -0.438013818595  0.536653376189 0.165986898407 -0.0492532541676  -0.378174710266 0.152765719929 0.0
 -0.407821619668 -0.358682909009 -0.458603625872  0.536893028973 0.188118929332 -0.0674992349607  -0.371376792312 0.173406503308 0.0
 -0.430666018725 -0.384798077282 -0.479135778631  0.537108716479 0.210085388213 -0.0907728660685  -0.3635826885 0.190330315787 0.0
 -0.453624442258 -0.411708871203 -0.499582987715  0.537302835234 0.231587812094 -0.116644187599  -0.350422743673 0.196470837928 0.0
 -0.476463663367 -0.439378502063 -0.51991740538  0.537477542113 0.252552896812 -0.149136085755  -0.338578793328 0.203650200416 0.0
 -0.499196060781 -0.467780250838 -0.540137961908  0.537634778305 0.272662652493 -0.184053312298  -0.32205331623 0.212590965498 0.0
 -0.521570874611 -0.496848895787 -0.560223669591  0.537776290878 0.291908105994 -0.221367467149  -0.314722286283 0.203282282172 0.0
