 0.431520167607 -0.275321200954 0.228277444969  -0.31787654321 0.485130004883 0.00467205750225  0.133626373626 -0.317244897959 0.0
 0.431496971687 -0.27531778811 0.228295786486  -0.31787654321 0.484196166992 0.0052111410602  0.135091575092 -0.300918367347 0.0
 0.431218525603 -0.275363062073 0.228365201198  -0.31787654321 0.481988525391 0.00893081761006  0.145201465201 -0.27806122449 0.0
 0.430564457257 -0.275543809408 0.228529895571  -0.31787654321 0.478823669434 0.0138957771788  0.1543003663 -0.261571428571 0.0
 0.429582809426 -0.275912360855 0.228806148074  -0.31787654321 0.474754595947 0.0217784366577  0.166152380952 -0.253873469388 0.0
 0.428123067457 -0.276635671652 0.229204890013  -0.31787654321 0.4696825177 0.0286931356694  0.177185494505 -0.23368 0.0
 0.426067184371 -0.277829822076 0.229720832928  -0.31787654321 0.462517549622 0.0361742264151  0.186748996337 -0.207342612245 0.0
 0.423445481832 -0.279576437798 0.230344947985  -0.31787654321 0.454634752179 0.0452432368374  0.197553950183 -0.184659371429 0.0
 0.420275188353 -0.281957722699 0.231070379556  -0.31787654321 0.446350048934 0.0547530551123  0.208377309744 -0.160162822041 0.0
 0.416667204849 -0.284967801591 0.231869801882  -0.31787654321 0.437105485935 0.0671753237251  0.216653131883 -0.144238376571 0.0
 0.412724767162 -0.28857425563 0.232702395338  -0.31787654321 0.427460916345 0.0841055900947  0.220072067779 -0.128885967486 0.0
 0.408450992193 -0.292766010762 0.233553918609  -0.310222222222 0.417578411137 0.103565651031  0.224248011184 -0.110987166656 0.0
 0.40395520315 -0.297507712681 0.234415809524  -0.306625514403 0.407384107621 0.125841610636  0.226541158784 -0.102021103051 0.0
 0.399362934168 -0.302742525813 0.235308935847  -0.30355308642 0.396591802816 0.149843253706  0.232267995286 -0.0939516458073 0.0
 0.394681572731 -0.308449383098 0.236273212943  -0.30292781893 0.384998845679 0.177284804346  0.246579657296 -0.0815870934715 0.0
 0.389762366042 -0.31466743062 0.237375870831  -0.307467958848 0.371812498708 0.202790825259  0.2638557575 -0.0520916494304 0.0
 0.384693283423 -0.321280000506 0.238587724549  -0.316410051852 0.35813814581 0.228351814611  0.27390974219 -0.0439130967323 0.0
 0.379657044056 -0.328107570197 0.239874916252  -0.32511637177 0.343377614921 0.256567846088  0.279295324748 -0.0457360727733 0.0
 0.374735757825 -0.335023662322 0.241198642185  -0.329330660519 0.328201047276 0.286903873698  0.280479345386 -0.0596216491695 0.0
 0.369792650898 -0.34199650387 0.242557598453  -0.328679075948 0.31282094499 0.315284465664  0.284475366892 -0.0598737699668 0.0
 0.364636040884 -0.349006907635 0.243941688034  -0.325952732139 0.296867036526 0.34154577651  0.289903288078 -0.062141495011 0.0
 0.359286867089 -0.355980801697 0.245333908253  -0.321029886909 0.280891087268 0.365899734348  0.293689516047 -0.0641824475507 0.0
 0.353865201235 -0.362821482737 0.246737264118  -0.311907968177 0.264492469264 0.385661962171  0.29892862305 -0.0731621619793 0.0
 0.348465664681 -0.369438991816 0.248148637115  -0.299253796874 0.247652414232 0.400123618605  0.304010119719 -0.0822643131283 0.0
 0.343158886023 -0.375746889571 0.249564684177  -0.283338293729 0.230360134235 0.412060942279  0.312612770751 -0.0884154328359 0.0
 0.337979463924 -0.381695114564 0.250996569015  -0.264240678348 0.211867394737 0.417952781564  0.322552958878 -0.0970126650625 0.0
 0.333068814131 -0.38723883408 0.25244024394  -0.242772989114 0.19289238622 0.418673226678  0.332231728924 -0.109852214883 0.0
 0.328618027422 -0.392299587044 0.253888952746  -0.215880052343 0.17293401918 0.419321627281  0.341308922332 -0.131611891354 0.0
 0.324631730662 -0.396816663153 0.255341210174  -0.187396573857 0.152682670485 0.419905187823  0.349112096033 -0.145073151198 0.0
 0.320973996315 -0.400736327355 0.256763039037  -0.158304653097 0.132259191034 0.420430392311  0.355768651997 -0.156167876894 0.0
 0.317452901842 -0.404008687886 0.258127219684  -0.130228920298 0.111711311481 0.42090307635  0.359561750167 -0.155949048389 0.0
 0.31390659138 -0.406575102682 0.259386500886  -0.103973106457 0.0912223702747 0.421328491986  0.358579934125 -0.153711286407 0.0
 0.310159468577 -0.408419755535 0.260490829101  -0.0796844377869 0.0709390614699 0.421711366058  0.354765896757 -0.149656484297 0.0
 0.306166205429 -0.409497598891 0.261413664615  -0.057989245037 0.0514145522955 0.422055952722  0.353164764956 -0.144986754235 0.0
 0.301907002074 -0.409784695104 0.262134891447  -0.0401919666239 0.0317672987262 0.422366080721  0.350258544871 -0.138743180852 0.0
 0.29733399269 -0.4092472122 0.262620425301  -0.023845197945 0.0125222705137 0.422645195919  0.347276646428 -0.129042332154 0.0
 0.292426026699 -0.407836663415 0.262859509073  -0.0111907193028 -0.0061105107369 0.422896399598  0.342395135631 -0.120311568327 0.0
 0.287176227386 -0.40544541521 0.262839614514  -0.00185930169348 -0.0250650724562 0.423122482908  0.337635475548 -0.116535513535 0.0
 0.281511592211 -0.40194071154 0.262565112187  0.0045636655129 -0.0438148518317 0.423325957888  0.338113686235 -0.104973798916 0.0
 0.2753172271 -0.397258544578 0.262037706143  0.0100974224184 -0.0626061571758 0.423509085369  0.34184077915 -0.0904866231061 0.0
 0.268481798471 -0.391398852641 0.261229022046  0.0171354168021 -0.0815691132356 0.423673900103  0.341898459477 -0.0754073485506 0.0
 0.260898718449 -0.384371229844 0.260136056996  0.0260210520766 -0.100637726814 0.423822233363  0.346345976166 -0.0577543687976 0.0
 0.25254945474 -0.376159006695 0.258749809351  0.0322074242352 -0.119740397004 0.423955733297  0.347784638623 -0.0520707686525 0.0
 0.24332137646 -0.366793291135 0.257056936488  0.030532360824 -0.139166686893 0.424075883238  0.348713134468 -0.0296085897465 0.0
 0.233249936637 -0.356289801493 0.255037948788  0.029024803754 -0.158383746231 0.424184018185  0.355409586589 -0.0195967103637 0.0
 0.22252302678 -0.344587379135 0.252677864709  0.0276680023909 -0.177729880886 0.424281339637  0.358505990567 -0.0105860189191 0.0
 0.211102124784 -0.331699191788 0.249956879805  0.0264468811642 -0.197405806371 0.424368928943  0.362391655247 0.00262564419728 0.0
 0.19901629174 -0.317625173274 0.246873422097  0.0253478720601 -0.217409061183 0.424447759319  0.367353954923 0.00941410018571 0.0
 0.186354463168 -0.302351102591 0.243411398473  0.0243587638664 -0.237603152624 0.424518706658  0.372918925731 0.0236869758814 0.0
 0.173159245615 -0.285904147271 0.239557986214  0.0234685664921 -0.258438967732 0.424582559263  0.381590403122 0.0365325640076 0.0
 0.159428715348 -0.268253517329 0.235299806175  0.0226673888553 -0.280145302893 0.424640026607  0.38866213204 0.0664609402599 0.0
 0.145160207689 -0.249478157769 0.230549404191  0.0219463289821 -0.302043065084 0.424691747217  0.385136578177 0.0882944380706 0.0
 0.130841358576 -0.229852303833 0.22516051852  0.0212973750962 -0.323325758087 0.424738295765  0.351560649297 0.0752915248758 0.0
 0.116652203341 -0.209695554471 0.218921686502  0.0207133165989 -0.342126177884 0.424780189459  0.291671983635 0.0421603315719 0.0
 0.102182967381 -0.189241286383 0.211731750872  0.0201876639514 -0.357325364295 0.424817893784  0.231911378678 0.0439749106596 0.0
 0.0873537707696 -0.168514317656 0.203618566683  0.0197145765686 -0.369564202377 0.424851827676  0.176295332385 0.0333631338794 0.0
 0.0727015695181 -0.147318316837 0.194634253954  0.0192887979241 -0.378564996495 0.424882368179  0.121845286326 0.00952682049142 0.0
 0.0584657714692 -0.125559393437 0.184821328568  0.018905597144 -0.384669861591 0.424909854631  0.0746717467045 -0.00682382074139 0.0
 0.0445797936247 -0.103234114957 0.174222233104  0.018560716442 -0.388076837835 0.424934592439  0.0325818614113 -0.010314908055 0.0
 0.0310053745115 -0.0803692081559 0.162887393792  0.0182503238101 -0.389598927 0.424956856465  -0.00456643461993 -0.0195793356169 0.0
 0.0179897264212 -0.0569198813488 0.150856110482  0.0179709704414 -0.389229305296 0.424976894089  -0.0412966043448 -0.025876504096 0.0
 0.00549425145664 -0.0329174129008 0.13819544359  0.0124520626977 -0.387022866466 0.424994927951  -0.0736211563645 -0.0325643638905 0.0
 -0.00661113236895 -0.00841062515428 0.12493475604  0.0134109716543 -0.383077843003 0.425011158426  -0.102346952816 -0.0273589479096 0.0
 -0.0184021760272 0.0165190005059 0.111090294127  0.0208583518551 -0.377189675402 0.425025765854  -0.130031671454 -0.0298169306696 0.0
 -0.0300788243158 0.0417045373154 0.0966899745574  0.0322523520605 -0.36982733628 0.425038912539  -0.166669529949 -0.017743400868 0.0
 -0.0418871731714 0.0669421287406 0.0817593415456  0.0358402855788 -0.360887998648 0.425050744555  -0.189020891973 -0.0201425301689 0.0
 -0.0535499581262 0.0923223236872 0.0663206140233  0.0390694257452 -0.349998356498 0.42506139337  -0.214631623288 -0.0325058281725 0.0
 -0.0652557691891 0.117734935866 0.0504825176083  0.0516875860513 -0.338085862157 0.425070977304  -0.235117178908 -0.0446532045389 0.0
 -0.076950923583 0.143178188851 0.0342369215706  0.066583024977 -0.325374871156 0.425079602844  -0.256850882263 -0.0555858432687 0.0
 -0.0888136459207 0.168506235585 0.0175947133596  0.0859148459361 -0.311804852302 0.42508736583  -0.272015610886 -0.0501190956765 0.0
 -0.100976903977 0.193597866764 0.000593886006981  0.108498669984 -0.297724159552 0.425094352517  -0.290792071776 -0.0564235126395 0.0
 -0.113501629726 0.218409357385 -0.0167300246793  0.130717115743 -0.28263454389 0.425100640536  -0.302928981814 -0.0529138144367 0.0
 -0.126631594383 0.24282784434 -0.0343583762737  0.155734293058 -0.266679622216 0.425106299753  -0.316782603779 -0.0436326370747 0.0
 -0.140387053057 0.266808832491 -0.0522445806551  0.179319711489 -0.250318239584 0.425111393048  -0.325587859885 -0.0311979447958 0.0
 -0.154700652761 0.290269110237 -0.0703991725277  0.201122719764 -0.233389626075 0.425115977014  -0.341571198439 -0.0230679462346 0.0
 -0.169407235761 0.313081745915 -0.0888222733818  0.224449130915 -0.215706364151 0.425120102583  -0.35265949984 -0.0188121720193 0.0
 -0.184455704547 0.335068037241 -0.107471639967  0.246019032638 -0.196519944045 0.425123815595  -0.360441168904 -0.0098799344092 0.0
 -0.199879000853 0.356038745801 -0.126372007122  0.263538940074 -0.175962371027 0.425127157306  -0.37843368205 -0.00490214504991 0.0
 -0.215499652963 0.375767778366 -0.145519777901  0.278566116025 -0.154451522108 0.425130164846  -0.392429141684 0.00774113067957 0.0
 -0.231121896609 0.394071798862 -0.164830768263  0.291925965328 -0.132699179956 0.425132871632  -0.399164249493 0.01095681353 0.0
 -0.246795834743 0.410809639081 -0.184243556978  0.301809912005 -0.110509767331 0.425135307739  -0.404859546156 0.0230346015647 0.0
 -0.262407664977 0.425944038801 -0.203734907886  0.309388591587 -0.0881711319065 0.425137500235  -0.405956009123 0.0277821618164 0.0
 -0.278004826728 0.439401622587 -0.223233512613  0.313657962881 -0.0659057154932 0.425139473482  -0.405111323961 0.0402182313491 0.0
 -0.293576944853 0.451206324555 -0.242715348013  0.313961302395 -0.0440846141588 0.425141249405  -0.399955502921 0.053451510255 0.0
 -0.30884822405 0.461436224541 -0.262179335815  0.310448299728 -0.0220713553796 0.425142847735  -0.392384861053 0.0551573796376 0.0
 -0.3236871474 0.470106464917 -0.281569979771  0.304241329837 -0.000117088493985 0.425144286231  -0.382274580076 0.0638355192249 0.0
 -0.338039876975 0.477259887019 -0.300912817953  0.296432834713 0.0212897009218 0.425145580879  -0.377937231959 0.0716458448534 0.0
 -0.351650522555 0.482957713777 -0.320278696915  0.289487493629 0.0423197274117 0.418228507068  -0.375865120484 0.0725526889395 0.0
 -0.364678327121 0.487023348085 -0.339666083441  0.277310760727 0.063126634065 0.41919092141  -0.372168718326 0.0845933384129 0.0
 -0.377124051632 0.489381527486 -0.359071368888  0.265857873955 0.0834275570843 0.420506330617  -0.369940857483 0.0831850249798 0.0
 -0.388984904561 0.49002540442 -0.37848497234  0.257854802609 0.104585350692 0.421510504384  -0.366104280892 0.0890604000328 0.0
 -0.400480999566 0.488925886042 -0.397897387147  0.246372203006 0.125543868846 0.42331273337  -0.360819860129 0.102511502887 0.0
 -0.411751383102 0.486098739867 -0.417282593948  0.235050209043 0.146310832059 0.419364209359  -0.358627984006 0.122780760761 0.0
 -0.423135200531 0.481450494439 -0.436675826115  0.220909797192 0.166838257154 0.407005506303  -0.358486797327 0.16347207244 0.0
 -0.434658098638 0.474871364203 -0.456145100163  0.208183426526 0.188401318645 0.389503518117  -0.364953135909 0.179686089686 0.0
 -0.445973917126 0.466366953834 -0.47568627403  0.196729692927 0.210231169691 0.368899976727  -0.358684928545 0.183054215411 0.0
 -0.456989259554 0.455923258681 -0.495259734683  0.186421332688 0.23195933446 0.341192368992  -0.35084573972 0.185065120401 0.0
 -0.467043270764 0.44374028635 -0.514788382942  0.177143808473 0.253412876112 0.31625552203  -0.339394865382 0.119527996116 0.0
 -0.476322898173 0.429912119791 -0.534290338957  0.168794036679 0.27444835852 0.293812359764  -0.338979188367 0.118707849565 0.0
 -0.485538591595 0.41446994105 -0.553789301891  0.161279242065 0.294881757531 0.273613513724  -0.314062954512 0.11490849318 0.0
