 -0.373415175921 0.266808451691 0.1857153161  -0.087887724384 0.487954320376 -0.473106343284  0.110662824207 -0.171794871795 0.0
 -0.373388279575 0.266797459021 0.185711093401  -0.0876340729178 0.487527234464 -0.474505597015  0.107204610951 -0.167948717949 0.0
 -0.373289498481 0.266781508527 0.185715217928  -0.0873054409633 0.486616736816 -0.474085820896  0.107550432277 -0.168333333333 0.0
 -0.373083778327 0.266769997003 0.185776233169  -0.086979011038 0.485134996286 -0.470443097015  0.112760806916 -0.172525641026 0.0
 -0.372753272868 0.26675435015 0.185947188828  -0.086609964879 0.482613016836 -0.463153451493  0.120620172911 -0.175016666667 0.0
 -0.372286986764 0.266720491269 0.186261488361  -0.086166328186 0.479136253404 -0.453514412313  0.131151815562 -0.174694487179 0.0
 -0.371691739641 0.266631947257 0.186743115044  -0.085725244481 0.474472132892 -0.441854202425  0.142359400576 -0.166712217949 0.0
 -0.370942014427 0.266470192197 0.187389810553  -0.0854314021602 0.469017925297 -0.426509267257  0.154751702594 -0.159528175641 0.0
 -0.370007957546 0.266215268494 0.188202751941  -0.0852561401915 0.462171777729 -0.407195094263  0.164463852219 -0.149216383718 0.0
 -0.368860955186 0.265848952853 0.189181831031  -0.0851792384034 0.45397384977 -0.38318920424  0.175222077948 -0.142499873551 0.0
 -0.367493960221 0.265344821786 0.190327860079  -0.0851824986415 0.444881181307 -0.355800321129  0.186921772171 -0.136455014401 0.0
 -0.365898948261 0.26468033034 0.19163890135  -0.0851826454771 0.434865643023 -0.327978684539  0.196586943657 -0.13357874373 0.0
 -0.364059531729 0.263833906 0.193100785904  -0.0851855650079 0.423840022024 -0.297808614592  0.206726520184 -0.129708048845 0.0
 -0.361965577701 0.26277900306 0.194717448197  -0.0851435945256 0.411948654137 -0.268510029252  0.218157614564 -0.13391673114 0.0
 -0.359593302054 0.261510041562 0.196488169562  -0.0849608773966 0.399216217542 -0.242234586029  0.227869230629 -0.138986596487 0.0
 -0.356945523603 0.260015671823 0.198410907345  -0.0846514882856 0.385844422478 -0.218959821456  0.238338791716 -0.142267424018 0.0
 -0.354036899176 0.2582821678 0.200483341537  -0.0842754798294 0.371674377358 -0.196799846773  0.248625950008 -0.142656066232 0.0
 -0.350866970723 0.256304409708 0.202705125718  -0.0838116401751 0.356711631377 -0.17648273523  0.258748945786 -0.144287895506 0.0
 -0.347441058966 0.254071838146 0.20506517875  -0.0833022009876 0.341450161233 -0.156611513946  0.269012379737 -0.144474490571 0.0
 -0.343761695501 0.251584274959 0.207552087377  -0.0826903998876 0.325220408789 -0.136208758073  0.27738491698 -0.147206528693 0.0
 -0.339856250996 0.248833828476 0.210156815606  -0.0820784565651 0.309004322354 -0.113928367341  0.287225676002 -0.141973055311 0.0
 -0.335738045789 0.245826276397 0.212875352056  -0.0814217871825 0.29130882946 -0.088372284338  0.297235096875 -0.142391134395 0.0
 -0.331397902265 0.242581705659 0.215691628228  -0.0807109274518 0.272968922003 -0.0600546454565  0.304514469031 -0.147895610699 0.0
 -0.326850202355 0.239105917484 0.218599539128  -0.0799819575743 0.254717523737 -0.0304642928511  0.315388670543 -0.152849639373 0.0
 -0.322066010888 0.235422258377 0.221600221968  -0.0791140438996 0.235103595082 0.000737920016085  0.324887267466 -0.170128778 0.0
 -0.317060330494 0.231528433806 0.224683832893  -0.0781768283824 0.214684285339 0.029286329507  0.336317849077 -0.174141541225 0.0
 -0.311816642433 0.227443701217 0.227810206408  -0.0771633043133 0.193818666906 0.0552597487951  0.345452634774 -0.190573540949 0.0
 -0.306323375085 0.223178041691 0.230934799013  -0.0760476540024 0.172334732872 0.0762104530201  0.351368466398 -0.202798238136 0.0
 -0.300571312499 0.218739557506 0.233996469076  -0.0749041997851 0.150938038491 0.0921742957778  0.354963608231 -0.215082516887 0.0
 -0.294541391598 0.214145148115 0.23694386088  -0.0736827618559 0.129434170269 0.104862649782  0.356181944814 -0.232548624172 0.0
 -0.288233761392 0.209403103586 0.239740535446  -0.0724190123734 0.108223793599 0.112364257938  0.354684787796 -0.246986069447 0.0
 -0.28166460219 0.204523790823 0.242364164773  -0.0710753718117 0.0870547318918 0.116597048562  0.354490084233 -0.267672077887 0.0
 -0.274837692287 0.199544612287 0.24482782514  -0.0696375302488 0.0657185951721 0.112850589975  0.354603035464 -0.278597177791 0.0
 -0.267823497438 0.19446316286 0.247136476004  -0.0682542767222 0.0441144875737 0.103788478738  0.357586535952 -0.274327203602 0.0
 -0.260631840062 0.189325466331 0.249291951857  -0.0669480262157 0.022232068279 0.0893825786258  0.360559870829 -0.275612431959 0.0
 -0.253260346317 0.184160118948 0.251295184553  -0.0657919124112 0.000476737162931 0.068674731211  0.365829532161 -0.269076829789 0.0
 -0.245743086754 0.178975830508 0.253108561059  -0.0646204031859 -0.0218265072392 0.0488249819705  0.374030440617 -0.252938377579 0.0
 -0.238107722253 0.173780584316 0.254709605416  -0.0635325963382 -0.0443505289589 0.0296542375048  0.377376676094 -0.234567616745 0.0
 -0.230367241453 0.168591009915 0.256060232462  -0.0626176798864 -0.0671537157263 0.00848265703788  0.377794628081 -0.219315983275 0.0
 -0.222565472339 0.163409514775 0.257129685697  -0.0617691686711 -0.0896139445498 -0.011318034039  0.378747153746 -0.194051051614 0.0
 -0.214740684494 0.158239114209 0.257912171496  -0.0610640435311 -0.111493166584 -0.0294185067545  0.379316242406 -0.167466459273 0.0
 -0.20689134509 0.153104268814 0.258395574884  -0.0605019027525 -0.134105981641 -0.0453357978701  0.378963868886 -0.142258274885 0.0
 -0.199001038582 0.148018289354 0.258581830574  -0.0600768100355 -0.156450582784 -0.0597546434563  0.380664023784 -0.127263216627 0.0
 -0.191033193998 0.142990761122 0.258457033263  -0.0598977052389 -0.178250498509 -0.0747838432897  0.380176872126 -0.112485612913 0.0
 -0.182965363373 0.137995991182 0.257991569395  -0.0602493886117 -0.200160593496 -0.091575048513  0.378585697882 -0.0991857695703 0.0
 -0.174762032724 0.133030724347 0.257146157496  -0.0609756483234 -0.222355539346 -0.108179670527  0.3774418255 -0.0769595003056 0.0
 -0.166454996783 0.128077409986 0.255895851235  -0.0618439102276 -0.244113610071 -0.120791740788  0.37439504929 -0.0415712425827 0.0
 -0.15808899335 0.123128605402 0.254216249333  -0.0628037381813 -0.265478493183 -0.127012007008  0.371364766263 -0.000747451657781 0.0
 -0.149692092758 0.11818727232 0.252063122561  -0.0638543377159 -0.286303817918 -0.126826664516  0.361432900588 0.044968319149 0.0
 -0.141304838583 0.113231423635 0.249380411659  -0.0648946481744 -0.30642071268 -0.118730751796  0.350188745976 0.0950868718495 0.0
 -0.132910097842 0.108259664692 0.246097020325  -0.0657919042846 -0.325745279194 -0.102955624377  0.332864395874 0.132501261588 0.0
 -0.124430395862 0.103273558995 0.242147402409  -0.0667276542062 -0.34405345739 -0.0809221888053  0.308050578765 0.143097289275 0.0
 -0.115770134563 0.0982790662648 0.237488894204  -0.0679294009943 -0.360852679613 -0.058573440074  0.280242639044 0.120582432142 0.0
 -0.106854756876 0.0932924855804 0.232029527048  -0.0694597410822 -0.375792479738 -0.0415379244248  0.241094455831 0.0836523940564 0.0
 -0.0976649794269 0.08829587965 0.225685035298  -0.0709429675538 -0.388173679895 -0.0328290946689  0.19404552898 0.0465692059328 0.0
 -0.0882098524197 0.0832860745636 0.218438902875  -0.072169163607 -0.397441295812 -0.0339463717692  0.148531465996 0.0183225417498 0.0
 -0.0785494968912 0.0782752751125 0.210301046857  -0.0732086303436 -0.405348874575 -0.0364444584728  0.103534227177 0.0095672106517 0.0
 -0.0687237720545 0.0732855270829 0.201335920917  -0.0738375387442 -0.409346111405 -0.0432636320285  0.0627485278022 -0.00728694631091 0.0
 -0.0586944093997 0.0683687139493 0.191573217797  -0.0744676660159 -0.41141478078 -0.0540650673332  0.0243122917367 -0.040404405526 0.0
 -0.0484793680684 0.0635247666971 0.181062849759  -0.0749093485168 -0.411636325727 -0.0681706874655  -0.0108566895984 -0.0484152470247 0.0
 -0.0381192953603 0.0587219937735 0.16984366817  -0.0752706268438 -0.4102573552 -0.0821717157339  -0.0419324039239 -0.0517788505273 0.0
 -0.0276289514171 0.0539350515498 0.15793686557  -0.0753281889783 -0.407264610519 -0.0933733874441  -0.071341469007 -0.0394214782951 0.0
 -0.0170145743885 0.0491174665912 0.145335495918  -0.0752545628556 -0.402868986308 -0.100563100938  -0.108760636227 -0.0231716381579 0.0
 -0.00627202264035 0.0442304585528 0.132019319624  -0.0751437012851 -0.396300891837 -0.104515186367  -0.151947973181 -0.00854678203441 0.0
 0.0046132458176 0.0392358041597 0.11803541666  -0.0747902744056 -0.387406195077 -0.101822063253  -0.183900149926 -0.00307671921559 0.0
 0.0156850065664 0.0341205603017 0.103448798696  -0.0743383960341 -0.37629995289 -0.0963198942409  -0.212945293435 -0.0148203293453 0.0
 0.0269683799184 0.0288728580053 0.0883308495478  -0.0739679414234 -0.363512802365 -0.094259733175  -0.239662291469 -0.0317998348723 0.0
 0.0384476983893 0.0234686464753 0.0727330189855  -0.0736540439251 -0.348600058895 -0.0974429016485  -0.259384823129 -0.0445172872825 0.0
 0.0500945148287 0.0178852318738 0.0566968520225  -0.0733743235553 -0.332535608836 -0.102173424917  -0.271371412862 -0.0444245329132 0.0
 0.061880646584 0.0120980683555 0.0402464313837  -0.07326194416 -0.316536380708 -0.110442089888  -0.288211216821 -0.048187207827 0.0
 0.0737615913854 0.00607548477672 0.0233708230064  -0.0732918095054 -0.298887508668 -0.116204783884  -0.297026982747 -0.0297787434546 0.0
 0.0857276847174 -0.000221093581017 0.00608746645813  -0.0734719941474 -0.280261508482 -0.120365089078  -0.313030336345 -0.0375700998784 0.0
 0.097770386281 -0.00684618361274 -0.0115880471089  -0.073726143824 -0.261467902819 -0.122430259274  -0.323975141328 -0.0291977052751 0.0
 0.109904361511 -0.0138563869129 -0.0296587151137  -0.0740830979554 -0.24126076344 -0.126154584093  -0.33555457244 -0.0357651142348 0.0
 0.122159774098 -0.0213192772634 -0.0481419065228  -0.0744517421123 -0.220555150082 -0.126054983893  -0.357215253524 -0.0519321925549 0.0
 0.134572705431 -0.0293218810049 -0.0670200394036  -0.0746859635974 -0.199289496426 -0.118689224309  -0.365470673417 -0.0549441015046 0.0
 0.147087015857 -0.0379820615102 -0.0861954530438  -0.0749497231302 -0.177860237301 -0.105810040684  -0.373188735758 -0.0371419990464 0.0
 0.159674694247 -0.0473663905509 -0.10566364463  -0.0753069639959 -0.156271353952 -0.0929128052728  -0.382152282932 -0.0147098504238 0.0
 0.172344256618 -0.0575410737481 -0.125393260147  -0.0756925904862 -0.134928756809 -0.0813052934022  -0.387337631007 0.0118893397468 0.0
 0.185074946828 -0.0685733403437 -0.145312202998  -0.0762152591888 -0.113814006902 -0.0708585327187  -0.392292628714 0.0512132262849 0.0
 0.197916483004 -0.0804777168852 -0.165409450615  -0.0770340833647 -0.0915549756098 -0.0614564481035  -0.399057602153 0.0648098523744 0.0
 0.210899712895 -0.0932894965398 -0.185643365301  -0.0781835571778 -0.0670281608911 -0.0529945719499  -0.398806020612 0.0911493799574 0.0
 0.224063096944 -0.107007637161 -0.205966915668  -0.0794717350758 -0.0425648223955 -0.0453788834116  -0.398867781664 0.0994703393976 0.0
 0.237414065663 -0.121632989734 -0.226364850319  -0.080753739849 -0.0190684911834 -0.0385247637272  -0.396617891105 0.112087408022 0.0
 0.250992192831 -0.137150999672 -0.246814239587  -0.0822420295947 0.00433123983638 -0.0323560560112  -0.394304805165 0.109340205681 0.0
 0.264837698019 -0.153548469227 -0.267316266512  -0.0836790486221 0.0270993414036 -0.0268042190668  -0.395969425513 0.101739518446 0.0
 0.278951828857 -0.170840138603 -0.287812973261  -0.0851897812891 0.049589890056 -0.0218075658168  -0.389110235123 0.112847617884 0.0
 0.293284661135 -0.189045165943 -0.308272329558  -0.0867083212782 0.0714345034273 -0.0173105778919  -0.383513332648 0.131819266352 0.0
 0.30785015003 -0.208138212752 -0.328714645095  -0.0883035723258 0.0931991367686 -0.0132632887594  -0.379052489297 0.142483493563 0.0
 0.322649363824 -0.228112785639 -0.349161490414  -0.0899706507047 0.114328529851 -0.00962072854016  -0.378207759099 0.159773605745 0.0
 0.337647626945 -0.248989236733 -0.369615167275  -0.0917302474695 0.135604206205 -0.00634242434286  -0.374565657541 0.183027014401 0.0
 0.352834408739 -0.270781234055 -0.390062798649  -0.0936149214626 0.15644208962 -0.00339195056529  -0.370423212824 0.203955082192 0.0
 0.368202394524 -0.293493753436 -0.410476319475  -0.0953111280565 0.177114976474 -0.000736524165479  -0.361507692695 0.224072394486 0.0
 0.383727560446 -0.317129403935 -0.430832500275  -0.0968377139909 0.197428918292 0.00165335959435  -0.352907355702 0.251152334524 0.0
 0.399405578087 -0.341659617537 -0.451135617259  -0.0982116413319 0.21689368925 0.0038042549782  -0.344590683532 0.270396075431 0.0
 0.415254710189 -0.367040025537 -0.471394133665  -0.0994481759388 0.236695964296 0.012363195152  -0.336529309703 0.27745903199 0.0
 0.431289349908 -0.393232780878 -0.4915967983  -0.100561057085 0.255706424812 0.0172677338458  -0.324086753373 0.272277231355 0.0
 0.447490862513 -0.420214616636 -0.511711699554  -0.101562650117 0.274276596889 0.0168310724015  -0.307124763915 0.275305918476 0.0
 0.46376964795 -0.447981406114 -0.531709187023  -0.102464083845 0.291577768594 0.011587330833  -0.285230731327 0.295980454834 0.0
 0.480051165563 -0.476502420333 -0.55159537336  -0.103275374201 0.307773977869 -0.000594723145833  -0.267831577503 0.310741383709 0.0
