-0.43 -1.11 -2.65 0.0 0.0 0.0 -0.23 -0.03 0.0 2 1
0.04 -0.94 -1.96 270.71 83.16 14.29 -0.3 0.04 0.0 13 1
0.04 -0.94 -1.96 270.71 83.16 14.29 -0.29 0.05 0.0 16 1
0.46 -0.8 -0.5 270.33 83.78 14.29 -0.09 0.0 0.0 32 1
0.1 -0.95 -1.9 270.07 84.03 14.31 -0.03 -0.04 0.0 40 1
-0.04 -1.09 -2.75 270.12 84.19 14.36 -0.03 -0.04 0.0 48 1
-0.08 -1.29 -3.01 270.13 84.24 14.37 -0.12 -0.05 0.0 51 1
-0.14 -1.62 -3.01 270.13 84.24 14.37 -0.16 -0.05 0.0 54 1
-0.01 -1.59 -2.94 270.27 84.52 14.39 -0.25 -0.01 0.0 63 1
0.59 -0.87 -0.68 269.81 87.47 14.73 -0.4 -0.16 0.0 90 1
0.5 -0.91 -0.7 269.84 87.84 14.87 -0.4 -0.18 0.0 97 1
0.46 -0.88 -0.75 269.83 87.96 14.92 -0.4 -0.19 0.0 100 1
0.18 -0.91 -0.53 270.52 90.03 15.97 -0.68 -0.3 0.0 117 1
0.14 -0.76 -0.76 270.87 90.7 16.3 -0.68 -0.3 0.0 121 1
0.24 -0.78 -0.74 271.25 91.06 16.48 -0.66 -0.3 0.0 129 1
0.21 -0.84 -0.8 271.38 91.39 16.65 -0.64 -0.3 0.0 135 1
-0.48 -1.28 -1.68 271.38 91.39 16.65 -0.61 -0.28 0.0 141 1
-0.48 -1.28 -1.68 271.38 91.39 16.65 -0.63 -0.26 0.0 142 1
-0.76 -1.25 -3.21 272.08 93.03 17.29 -0.85 -0.16 0.0 152 1
-0.18 -1.03 -2.17 272.08 93.03 17.29 -1.11 -0.1 0.0 157 1
-0.0 -0.87 -1.76 272.08 93.03 17.29 -1.16 -0.09 0.0 159 1
0.36 -0.66 0.2 272.81 95.12 17.54 -1.07 -0.21 0.0 175 1
-0.63 -0.81 -0.2 274.25 101.69 20.56 -0.77 -0.51 0.0 216 1
-0.61 -0.79 -0.21 274.25 101.69 20.56 -0.77 -0.51 0.0 218 1
-0.55 -0.65 0.14 274.15 103.89 21.9 -0.71 -0.49 0.0 241 1
-0.16 -0.54 -0.79 274.63 105.56 23.2 -0.66 -0.47 0.0 266 1
-0.28 -0.69 -1.07 274.87 106.28 23.77 -0.64 -0.46 0.0 278 1
-0.24 -0.74 -1.12 274.87 106.28 23.77 -0.65 -0.46 0.0 280 1
-0.24 -0.74 -1.12 274.87 106.28 23.77 -0.67 -0.46 0.0 281 1
-0.31 -0.87 -1.13 274.87 106.28 23.77 -0.69 -0.45 0.0 283 1
-0.35 -0.95 -1.12 274.87 106.28 23.77 -0.69 -0.45 0.0 285 1
-0.35 -0.95 -1.12 274.87 106.28 23.77 -0.69 -0.45 0.0 287 1
-0.35 -1.0 -1.19 274.87 106.28 23.77 -0.78 -0.43 0.0 292 1
-0.29 -0.94 -1.26 274.94 107.92 24.78 -0.81 -0.42 0.0 297 1
-0.22 -0.76 -0.06 275.93 110.98 26.69 -0.88 -0.49 0.0 325 1
-0.23 -0.74 -0.27 275.93 110.98 26.69 -0.84 -0.48 0.0 327 1
-0.16 -0.82 -0.61 276.33 112.01 27.47 -0.74 -0.44 0.0 337 1
0.1 -0.44 -0.72 276.33 112.83 27.96 -0.67 -0.41 0.0 343 1
-0.22 -0.82 -0.42 276.18 114.89 29.14 -0.89 -0.49 0.0 366 1
-0.22 -0.64 0.26 276.33 116.32 30.04 -0.66 -0.43 0.0 379 1
-0.19 -0.65 -1.02 276.45 117.73 31.12 -0.54 -0.44 0.0 392 1
-0.27 -0.71 -1.37 276.45 117.73 31.12 -0.55 -0.44 0.0 395 1
-0.46 -0.94 -1.81 276.61 118.3 31.71 -0.64 -0.4 0.0 404 1
-0.36 -0.85 -1.75 276.74 118.98 32.26 -0.67 -0.36 0.0 408 1
-0.06 -0.71 -0.54 276.02 122.23 33.16 -0.67 -0.32 0.0 441 1
-0.06 -0.71 -0.54 275.96 122.67 33.3 -0.67 -0.32 0.0 445 1
-0.07 -0.82 -0.69 275.96 122.67 33.3 -0.68 -0.32 0.0 449 1
0.16 -0.52 -0.91 275.54 125.5 34.29 -0.69 -0.36 0.0 477 1
0.16 -0.52 -0.91 275.54 125.5 34.29 -0.69 -0.37 0.0 479 1
0.09 -0.52 -0.98 275.54 125.5 34.29 -0.69 -0.37 0.0 481 1
0.09 -0.52 -0.98 275.54 125.5 34.29 -0.69 -0.37 0.0 483 1
-0.12 -0.59 -0.75 274.92 127.29 34.72 -0.72 -0.38 0.0 492 1
-0.09 -0.66 -0.59 274.19 128.95 35.01 -0.69 -0.38 0.0 507 1
-0.09 -0.66 -0.59 274.19 128.95 35.01 -0.69 -0.38 0.0 508 1
-0.38 -0.63 -0.62 273.11 132.4 35.79 -0.72 -0.35 0.0 539 1
-0.24 -0.69 -0.74 272.61 133.7 36.01 -0.66 -0.32 0.0 551 1
-0.24 -0.69 -0.74 272.61 133.7 36.01 -0.66 -0.32 0.0 554 1
-0.09 -0.59 -0.75 271.99 135.01 36.08 -0.65 -0.31 0.0 566 1
-0.44 -0.53 -0.49 271.4 136.6 36.25 -0.75 -0.33 0.0 578 1
-0.59 -0.6 -0.52 271.4 136.6 36.25 -0.75 -0.33 0.0 581 1
0.81 -0.11 -0.73 270.9 143.05 37.32 -0.65 -0.1 0.0 636 1
0.78 -0.11 -0.78 270.86 143.26 37.32 -0.65 -0.1 0.0 640 1
0.72 -0.03 -0.92 270.64 144.2 37.4 -0.71 -0.21 0.0 649 1
-0.55 -0.52 0.07 268.22 150.41 38.19 -0.62 -0.28 0.0 699 1
-0.54 -0.58 -1.27 267.86 151.74 38.61 -0.47 -0.15 0.0 719 1
-0.47 -0.75 -1.65 267.71 152.4 38.65 -0.48 -0.12 0.0 726 1
1.38 0.12 -0.99 267.26 153.74 38.0 -0.67 -0.09 0.0 743 1
1.27 0.11 0.03 266.45 155.58 37.3 -0.69 -0.28 0.0 755 1
1.02 0.01 0.24 266.45 155.58 37.3 -0.66 -0.35 0.0 758 1
0.91 -0.15 0.19 266.0 156.4 37.19 -0.61 -0.42 0.0 763 1
0.38 -0.35 0.09 266.0 156.4 37.19 -0.59 -0.44 0.0 765 1
-0.27 -0.58 0.05 265.02 157.98 37.21 -0.55 -0.45 0.0 777 1
-0.49 -0.6 -1.01 263.74 160.37 37.77 -0.46 -0.33 0.0 807 1
0.16 -0.21 -0.8 263.36 161.16 37.89 -0.56 -0.28 0.0 817 1
0.1 -0.12 -0.81 263.09 161.79 37.94 -0.55 -0.31 0.0 823 1
-0.71 -0.56 -0.39 261.38 164.96 38.09 -0.52 -0.38 0.0 840 1
-0.66 -0.6 -0.36 261.05 165.6 38.22 -0.5 -0.34 0.0 843 1
-0.13 -0.2 -0.9 260.46 166.88 38.42 -0.41 -0.24 0.0 858 1
-0.07 -0.06 -1.15 260.24 167.42 38.48 -0.46 -0.34 0.0 868 1
-0.98 -0.56 -0.6 259.34 169.17 38.8 -0.57 -0.35 0.0 884 1
-0.98 -0.56 -0.6 259.34 169.17 38.8 -0.56 -0.33 0.0 885 1
-1.09 -0.61 -0.45 259.34 169.17 38.8 -0.54 -0.31 0.0 887 1
-0.88 0.16 0.4 257.75 172.63 38.89 -0.44 -0.21 0.0 923 1
-0.71 0.3 1.34 257.16 173.9 38.83 -0.33 -0.18 0.0 942 1
-1.37 0.28 1.42 256.75 174.73 38.61 -0.31 -0.2 0.0 955 1
-1.37 0.28 1.42 256.75 174.73 38.61 -0.31 -0.2 0.0 957 1
-1.64 0.1 2.38 256.37 175.56 38.48 -0.18 -0.04 0.0 968 1
-1.55 0.17 2.47 256.37 175.56 38.48 -0.08 -0.01 0.0 972 1
-1.12 0.45 1.7 256.37 175.56 38.48 0.1 0.02 0.0 979 1
-1.23 0.21 1.86 256.45 174.94 37.5 0.3 0.14 0.0 1019 1
-1.23 0.21 1.86 256.45 174.94 37.5 0.36 0.15 0.0 1021 1
-1.07 -0.01 1.46 256.62 174.44 37.22 0.41 0.16 0.0 1030 1
-0.98 -0.01 1.44 256.62 174.44 37.22 0.43 0.17 0.0 1032 1
-1.4 -0.77 -1.9 257.35 172.03 36.3 0.49 0.25 0.0 1064 1
-0.92 -0.67 -0.94 257.62 170.95 35.4 0.5 0.33 0.0 1069 1
0.08 -0.04 0.56 257.68 170.76 35.1 0.58 0.41 0.0 1078 1
-0.44 -0.92 -0.04 258.47 168.1 32.0 0.56 0.22 0.0 1104 1
0.11 -0.38 -0.28 259.42 165.66 31.79 0.61 0.25 0.0 1126 1
0.13 -0.43 -0.21 259.42 165.66 31.79 0.6 0.23 0.0 1129 1
-0.03 -0.63 -0.26 260.0 164.31 31.91 0.64 0.23 0.0 1138 1
-0.03 -0.63 -0.26 260.0 164.31 31.91 0.64 0.23 0.0 1140 1
-0.02 -0.69 -0.27 260.08 164.1 31.92 0.66 0.26 0.0 1145 1
-0.02 -0.66 -0.33 260.08 164.1 31.92 0.67 0.27 0.0 1147 1
0.37 -0.36 -0.54 260.77 162.41 31.98 0.68 0.27 0.0 1155 1
0.37 -0.36 -0.54 260.77 162.41 31.98 0.68 0.26 0.0 1160 1
0.39 -0.27 -0.78 261.07 161.69 32.03 0.63 0.2 0.0 1166 1
0.1 -0.62 -0.34 261.38 160.83 32.14 0.57 0.14 0.0 1181 1
-0.2 -0.89 -0.54 262.13 157.94 32.11 0.69 0.14 0.0 1210 1
-0.19 -0.9 -0.71 262.13 157.94 32.11 0.7 0.15 0.0 1212 1
0.12 -0.61 -0.89 262.62 156.24 32.26 0.69 0.24 0.0 1226 1
0.44 -0.28 -1.1 263.16 154.77 32.16 0.74 0.25 0.0 1239 1
0.3 -0.65 -1.14 263.64 152.64 31.73 0.66 0.22 0.0 1267 1
-0.48 -0.95 0.11 264.09 150.04 30.79 0.53 0.2 0.0 1295 1
-0.48 -0.95 0.11 264.06 149.67 30.46 0.53 0.2 0.0 1299 1
-0.02 -0.82 0.36 264.06 149.67 30.46 0.7 0.27 0.0 1302 1
0.25 -0.47 -0.13 264.01 149.13 29.88 0.83 0.29 0.0 1307 1
0.36 -0.4 -0.46 263.97 148.46 29.33 0.86 0.27 0.0 1312 1
0.5 -0.06 -1.1 263.97 148.46 29.33 0.82 0.25 0.0 1314 1
-0.12 -0.72 0.49 264.26 146.93 28.99 0.57 0.25 0.0 1335 1
-0.12 -0.72 0.49 264.49 145.9 28.55 0.64 0.28 0.0 1338 1
0.12 -0.27 0.16 265.5 142.19 27.9 0.77 0.33 0.0 1373 1
0.04 -0.09 -1.15 265.63 140.4 27.08 0.77 0.19 0.0 1391 1
-0.52 -0.71 -0.4 266.11 139.29 27.19 0.52 0.23 0.0 1407 1
0.16 -0.26 -0.8 267.01 136.26 26.38 0.57 0.22 0.0 1434 1
0.1 -0.31 0.08 267.01 136.26 26.38 0.46 0.19 0.0 1441 1
0.03 -0.28 0.27 267.23 135.6 26.25 0.45 0.18 0.0 1445 1
0.03 -0.28 0.27 267.23 135.6 26.25 0.5 0.17 0.0 1449 1
-0.19 -0.73 0.43 267.3 135.12 26.09 0.69 0.23 0.0 1457 1
0.05 -0.53 0.1 267.3 135.12 26.09 0.84 0.28 0.0 1462 1
0.33 -0.16 -1.22 267.2 132.93 25.06 0.73 0.17 0.0 1477 1
0.17 -0.17 -1.3 267.2 132.93 25.06 0.57 0.11 0.0 1482 1
-0.25 -0.12 -1.0 267.39 132.13 25.01 0.49 0.08 0.0 1488 1
-0.75 -0.56 0.03 267.62 131.69 25.1 0.39 0.14 0.0 1498 1
-0.55 -0.88 0.44 267.62 131.69 25.1 0.45 0.18 0.0 1500 1
-0.39 -1.03 0.47 267.8 131.14 25.0 0.54 0.22 0.0 1504 1
0.38 -0.87 0.31 267.75 130.78 24.76 0.83 0.33 0.0 1511 1
0.4 -0.38 -0.79 267.15 128.21 23.38 0.61 0.01 0.0 1539 1
-0.16 -0.28 0.33 265.9 126.51 22.38 0.79 0.03 0.0 1566 1
-0.34 -0.27 0.11 265.9 126.51 22.38 0.79 0.03 0.0 1568 1
-0.34 -0.27 0.11 265.9 126.51 22.38 0.79 0.03 0.0 1570 1
-0.34 -0.27 0.11 265.77 126.32 22.28 0.79 -0.01 0.0 1573 1
-0.81 -0.49 -0.47 265.77 126.32 22.28 0.79 -0.01 0.0 1575 1
-0.91 -0.67 -0.66 265.77 126.32 22.28 0.76 -0.01 0.0 1577 1
-0.94 -0.83 -0.86 265.48 125.54 22.05 0.73 -0.0 0.0 1584 1
-0.84 -1.03 -0.76 265.48 125.54 22.05 0.64 0.03 0.0 1586 1
-0.31 -0.43 -0.1 265.73 123.8 21.94 0.69 0.2 0.0 1603 1
-0.12 -0.22 0.01 265.76 123.59 21.89 0.8 0.22 0.0 1608 1
0.19 -0.54 -0.58 265.79 121.96 21.4 0.89 0.22 0.0 1620 1
0.32 -0.56 -0.65 265.79 121.96 21.4 0.87 0.22 0.0 1622 1
0.32 -0.56 -0.65 265.79 121.96 21.4 0.87 0.22 0.0 1624 1
0.32 -0.56 -0.65 265.79 121.96 21.4 0.85 0.21 0.0 1625 1
0.63 -0.53 -0.84 265.99 120.42 21.1 0.73 0.18 0.0 1630 1
0.28 -0.67 0.12 266.6 117.83 21.18 0.81 -0.05 0.0 1655 1
0.05 -0.91 -0.59 266.59 116.83 21.25 0.93 -0.06 0.0 1663 1
-0.16 -0.63 -0.6 266.6 115.53 21.33 0.8 -0.06 0.0 1679 1
-0.16 -0.63 -0.6 266.74 114.58 21.46 0.79 -0.06 0.0 1684 1
-0.62 -0.86 -1.46 266.94 113.83 21.58 0.88 0.02 0.0 1693 1
0.48 -0.32 -0.24 267.48 109.63 21.08 0.79 0.23 0.0 1727 1
0.87 -0.31 -0.4 267.5 108.68 20.83 0.95 0.21 0.0 1736 1
-0.11 -0.37 -0.47 267.58 104.56 20.29 0.95 0.2 0.0 1776 1
0.35 -0.19 -0.84 267.36 103.87 20.08 0.98 0.2 0.0 1784 1
0.27 -0.36 -1.87 267.07 102.37 19.71 0.84 0.13 0.0 1792 1
0.25 -0.39 -2.05 267.07 102.37 19.71 0.84 0.13 0.0 1794 1
0.25 -0.39 -2.05 267.07 102.14 19.67 0.77 0.12 0.0 1797 1
0.23 -0.44 -1.47 267.18 101.34 19.56 0.5 0.12 0.0 1807 1
0.26 -0.38 -0.98 267.18 101.34 19.56 0.47 0.12 0.0 1810 1
0.24 -0.37 0.1 267.23 100.35 19.34 0.57 0.13 0.0 1816 1
0.12 -0.4 0.57 267.16 100.21 19.29 0.82 0.12 0.0 1825 1
0.12 -0.4 0.57 267.16 100.21 19.29 0.82 0.12 0.0 1826 1
-0.35 -0.5 -1.65 267.58 95.7 18.38 0.83 0.35 0.0 1862 1
-0.27 -0.48 -1.16 267.83 94.0 17.69 0.76 0.39 0.0 1870 1
-0.18 -0.49 -1.13 267.88 93.37 17.36 0.75 0.42 0.0 1877 1
-0.02 -0.32 -1.07 268.0 92.53 16.87 0.71 0.44 0.0 1885 1
0.53 -0.01 -1.62 268.29 90.43 15.66 0.84 0.38 0.0 1915 1
0.64 -0.06 -1.98 268.29 90.43 15.66 0.84 0.38 0.0 1917 1
0.48 0.1 -1.74 267.7 88.71 14.83 0.53 0.22 0.0 1936 1
0.4 -0.09 -1.28 267.6 88.59 14.77 0.44 0.15 0.0 1940 1
0.48 -0.08 -2.01 266.28 87.01 13.93 0.33 0.18 0.0 1974 1
0.27 -0.37 -2.16 265.8 86.49 13.64 0.08 0.01 0.0 1999 1
0.27 -0.37 -2.16 265.8 86.49 13.64 0.08 0.01 0.0 2000 1
-0.05 -0.28 -0.72 265.5 86.48 13.59 0.09 0.13 0.0 2009 1
0.48 0.21 -0.68 264.68 86.49 13.35 0.13 0.09 0.0 2030 1
0.38 0.06 -0.6 264.42 86.42 13.31 0.07 0.02 0.0 2044 1
0.38 0.06 -0.6 264.42 86.42 13.31 0.04 0.01 0.0 2046 1
0.37 0.04 -0.69 264.42 86.42 13.31 0.04 0.01 0.0 2048 1
0.37 0.04 -0.69 264.42 86.42 13.31 0.04 0.01 0.0 2050 1
0.23 0.13 -1.11 264.57 86.36 13.3 -0.05 0.01 0.0 2059 1
0.01 0.06 -1.61 264.74 86.64 13.27 -0.27 0.02 0.0 2073 1
-0.68 -0.89 -0.99 261.03 90.01 13.12 -0.28 -0.05 0.0 12 2
-0.62 -0.75 -0.9 260.98 90.55 13.0 -0.31 0.02 0.0 17 2
-0.26 -0.5 -0.53 260.95 90.9 12.89 -0.29 0.08 0.0 23 2
0.08 -0.18 -0.53 260.91 91.31 12.74 -0.26 0.11 0.0 31 2
0.15 0.05 -0.71 260.72 92.68 12.51 -0.41 0.06 0.0 65 2
0.26 0.0 -0.65 260.37 93.64 12.38 -0.42 0.05 0.0 71 2
0.37 -0.09 -0.36 260.07 94.47 12.32 -0.48 0.01 0.0 80 2
0.31 -0.15 -0.18 260.0 95.06 12.31 -0.53 -0.01 0.0 88 2
0.18 -0.29 -0.46 260.44 97.85 12.79 -0.51 -0.07 0.0 134 2
0.25 -0.21 -0.47 260.44 97.85 12.79 -0.51 -0.06 0.0 137 2
0.27 -0.21 -0.67 260.44 97.85 12.79 -0.53 -0.07 0.0 139 2
0.26 -0.3 -0.58 260.83 99.37 13.12 -0.61 -0.1 0.0 151 2
0.28 -0.41 -0.56 261.17 100.1 13.34 -0.69 -0.13 0.0 162 2
0.16 -0.44 -0.37 261.44 100.71 13.53 -0.72 -0.15 0.0 166 2
0.16 -0.52 -0.49 261.65 101.31 13.71 -0.71 -0.15 0.0 169 2
-0.0 -0.52 -0.42 261.65 101.31 13.71 -0.69 -0.14 0.0 173 2
0.01 -0.52 -0.32 261.65 101.31 13.71 -0.69 -0.13 0.0 176 2
0.14 -0.57 -0.47 261.88 102.5 13.97 -0.66 -0.1 0.0 187 2
0.19 -0.58 -0.52 261.99 103.27 14.11 -0.66 -0.08 0.0 193 2
0.19 -0.58 -0.52 261.99 103.27 14.11 -0.66 -0.08 0.0 195 2
0.4 -0.53 -0.69 261.99 103.27 14.11 -0.69 -0.08 0.0 197 2
0.49 -0.52 -0.83 261.99 103.27 14.11 -0.7 -0.09 0.0 199 2
0.45 -0.54 -0.92 262.12 104.11 14.29 -0.7 -0.09 0.0 206 2
0.1 -0.61 -0.04 262.5 107.16 15.0 -0.86 -0.15 0.0 231 2
0.1 -0.61 -0.04 262.5 107.16 15.0 -0.85 -0.13 0.0 235 2
0.34 -0.27 0.2 262.6 109.45 15.39 -0.87 -0.14 0.0 259 2
-0.14 -0.61 1.36 262.73 112.6 16.22 -0.79 -0.27 0.0 281 2
-0.14 -0.61 1.36 262.73 112.6 16.22 -0.79 -0.27 0.0 283 2
-0.14 -0.61 1.36 262.72 112.8 16.29 -0.79 -0.27 0.0 286 2
-0.14 -0.61 1.36 262.72 112.8 16.29 -0.77 -0.26 0.0 288 2
-0.31 -0.49 1.06 262.72 113.64 16.58 -0.72 -0.2 0.0 300 2
-0.27 -0.47 0.74 262.91 114.3 16.86 -0.69 -0.18 0.0 306 2
-0.33 -0.53 0.05 263.17 115.24 17.14 -0.67 -0.15 0.0 316 2
-0.12 -0.33 0.07 262.0 117.15 16.69 -0.41 -0.06 0.0 339 2
-0.72 -0.6 -0.32 261.04 118.48 16.33 -0.68 -0.13 0.0 344 2
0.36 -0.07 -0.1 259.4 120.6 15.29 -0.4 0.07 0.0 372 2
0.29 -0.48 0.24 258.35 121.6 14.58 -0.89 -0.15 0.0 387 2
0.1 -0.63 0.46 258.14 122.83 14.63 -0.85 -0.15 0.0 394 2
0.1 -0.63 0.46 258.14 122.83 14.63 -0.85 -0.15 0.0 396 2
0.03 -0.66 0.35 257.92 124.06 14.72 -0.8 -0.12 0.0 404 2
0.22 -0.47 0.79 257.92 124.06 14.72 -0.79 -0.11 0.0 408 2
0.22 -0.47 0.79 257.92 124.06 14.72 -0.78 -0.11 0.0 410 2
0.24 -0.4 0.88 257.92 124.06 14.72 -0.78 -0.11 0.0 412 2
0.09 -0.47 0.9 257.5 125.7 14.71 -0.75 -0.13 0.0 419 2
0.5 -0.63 0.53 257.66 127.28 15.2 -0.78 -0.17 0.0 440 2
0.91 -0.46 0.24 257.86 127.87 15.54 -0.78 -0.2 0.0 448 2
0.38 -0.71 0.1 257.94 129.74 16.38 -0.68 -0.28 0.0 470 2
0.21 -0.78 0.25 257.57 130.61 16.48 -0.68 -0.27 0.0 479 2
0.21 -0.78 0.25 257.57 130.61 16.48 -0.68 -0.27 0.0 481 2
0.04 -0.68 0.18 257.57 130.61 16.48 -0.77 -0.26 0.0 486 2
0.08 -0.68 0.51 257.26 131.7 16.7 -0.8 -0.24 0.0 493 2
0.01 -0.61 1.1 257.2 132.81 17.06 -0.73 -0.21 0.0 503 2
0.31 -0.52 0.99 257.25 133.56 17.38 -0.6 -0.23 0.0 513 2
0.47 -0.52 -0.29 257.66 135.24 18.81 -0.62 -0.31 0.0 535 2
0.87 -0.6 -0.14 257.76 135.76 19.28 -0.56 -0.31 0.0 540 2
-0.09 -0.61 -1.19 257.41 136.58 19.64 -0.43 -0.38 0.0 550 2
-0.84 -0.35 -1.36 257.1 137.18 19.83 -0.73 -0.41 0.0 559 2
-1.05 -0.94 0.79 256.95 137.71 20.0 -1.02 -0.38 0.0 565 2
-0.35 -1.12 1.76 256.64 138.86 20.18 -0.27 -0.05 0.0 577 2
-0.24 -0.62 0.13 255.86 139.81 19.52 -0.23 -0.02 0.0 587 2
-0.14 -0.5 -0.01 255.72 139.92 19.36 -0.36 -0.04 0.0 591 2
-0.17 -0.55 -0.01 255.44 140.27 19.09 -0.52 -0.07 0.0 596 2
0.06 -0.59 -0.08 255.4 140.42 19.05 -0.64 -0.08 0.0 601 2
0.15 -0.66 -0.12 255.4 140.42 19.05 -0.67 -0.09 0.0 603 2
0.15 -0.66 -0.12 255.4 140.42 19.05 -0.67 -0.09 0.0 605 2
0.19 -0.65 -0.15 255.34 140.95 19.08 -0.67 -0.08 0.0 609 2
0.29 -0.71 -0.14 255.29 141.52 19.12 -0.63 -0.08 0.0 615 2
0.29 -0.71 -0.14 255.29 141.52 19.12 -0.56 -0.08 0.0 617 2
0.33 -0.66 -0.2 255.29 141.52 19.12 -0.56 -0.08 0.0 619 2
0.36 -0.6 -0.16 254.97 142.26 18.86 -0.49 -0.08 0.0 626 2
0.3 -0.63 -0.2 254.71 142.6 18.61 -0.45 -0.1 0.0 632 2
0.3 -0.63 -0.2 254.57 142.77 18.48 -0.49 -0.13 0.0 636 2
0.15 -0.6 -0.38 254.57 142.77 18.48 -0.49 -0.13 0.0 638 2
0.21 -0.84 0.84 253.39 144.84 17.58 -0.7 -0.14 0.0 661 2
0.43 -0.89 0.53 253.22 145.28 17.46 -0.62 -0.13 0.0 665 2
0.44 -0.89 0.38 253.12 145.5 17.39 -0.59 -0.14 0.0 669 2
0.39 -0.81 0.12 253.12 145.5 17.39 -0.57 -0.15 0.0 671 2
0.18 -0.82 0.08 252.03 150.48 18.22 -0.74 -0.22 0.0 721 2
0.11 -0.91 -0.0 252.03 150.48 18.22 -0.69 -0.21 0.0 724 2
0.19 -0.91 -0.0 251.99 150.91 18.39 -0.69 -0.21 0.0 730 2
-0.06 -0.8 0.13 251.17 153.85 18.85 -0.82 -0.33 0.0 766 2
0.05 -0.78 0.41 250.33 156.58 19.09 -0.77 -0.31 0.0 787 2
-0.07 -0.63 0.41 250.1 157.29 19.18 -0.82 -0.33 0.0 792 2
-0.53 -0.88 0.75 249.9 158.05 19.42 -0.87 -0.33 0.0 801 2
-0.49 -1.03 0.68 249.71 158.82 19.68 -0.8 -0.27 0.0 810 2
-0.18 -0.71 0.5 248.99 161.39 19.73 -0.77 -0.25 0.0 838 2
-0.44 -0.88 1.49 248.78 162.82 20.17 -0.72 -0.15 0.0 852 2
-0.14 -0.71 1.57 248.75 163.03 20.23 -0.61 -0.11 0.0 856 2
-0.18 -0.69 0.53 248.63 165.12 21.35 -0.56 -0.15 0.0 885 2
-0.24 -0.61 0.03 248.57 165.84 21.78 -0.43 -0.13 0.0 896 2
-0.24 -0.61 0.03 248.52 166.09 21.86 -0.46 -0.13 0.0 901 2
-0.41 -0.32 -0.04 248.42 166.5 21.98 -0.49 -0.14 0.0 905 2
-0.41 -0.32 -0.04 248.42 166.5 21.98 -0.52 -0.16 0.0 908 2
-0.69 -0.73 0.58 248.3 167.12 22.16 -0.51 -0.14 0.0 916 2
-0.19 -0.44 0.81 248.11 168.08 22.09 -0.37 -0.06 0.0 934 2
0.3 -0.47 0.41 247.85 170.43 22.24 -0.34 -0.05 0.0 985 2
0.75 -0.5 -0.56 247.71 171.66 22.59 -0.32 -0.12 0.0 1017 2
0.6 -0.45 -0.81 247.68 171.94 22.82 -0.36 -0.15 0.0 1025 2
0.23 -0.53 -0.96 247.49 172.56 23.19 -0.41 -0.21 0.0 1037 2
0.04 -0.62 -0.92 247.49 172.56 23.19 -0.4 -0.22 0.0 1042 2
-0.02 -0.67 -0.71 247.11 173.4 23.19 -0.44 -0.23 0.0 1049 2
-0.42 -0.67 0.91 246.9 173.86 23.07 -0.49 -0.23 0.0 1059 2
-0.41 -0.73 1.21 246.62 174.51 22.91 -0.48 -0.22 0.0 1064 2
-0.87 -0.63 0.6 246.29 175.32 22.93 -0.39 -0.15 0.0 1076 2
-0.55 -0.33 0.72 246.04 176.16 23.01 -0.37 -0.08 0.0 1096 2
-0.41 -0.4 0.9 246.04 176.16 23.01 -0.36 -0.07 0.0 1098 2
-0.54 -0.29 1.28 245.87 176.91 22.76 -0.35 -0.08 0.0 1111 2
-0.7 -0.23 1.41 245.87 176.91 22.76 -0.41 -0.08 0.0 1114 2
-0.79 -0.23 2.51 245.71 177.98 22.9 -0.3 -0.04 0.0 1132 2
-0.79 -0.23 2.51 245.71 177.98 22.9 -0.3 -0.04 0.0 1134 2
-0.7 -0.14 2.55 245.69 178.21 22.9 -0.16 -0.0 0.0 1140 2
-0.37 0.07 2.5 245.7 178.35 22.91 -0.07 0.01 0.0 1150 2
-0.18 0.28 1.89 245.7 178.4 23.08 -0.01 -0.08 0.0 1164 2
-0.53 0.11 1.74 245.7 178.4 23.08 -0.01 -0.08 0.0 1166 2
-1.17 0.01 2.7 245.57 178.21 23.35 0.27 0.04 0.0 1206 2
-1.07 -0.1 2.35 245.61 177.94 23.48 0.4 0.05 0.0 1217 2
-0.54 -0.33 1.87 245.72 177.21 23.83 0.48 0.05 0.0 1228 2
-0.44 -0.28 1.94 245.79 176.78 24.01 0.49 0.04 0.0 1232 2
-0.35 0.01 2.15 245.84 176.19 24.46 0.52 -0.04 0.0 1244 2
-0.35 0.01 2.15 245.84 176.19 24.46 0.52 -0.04 0.0 1247 2
-1.77 -0.86 0.25 245.77 175.38 25.98 0.45 0.02 0.0 1261 2
0.22 -0.75 -0.12 246.44 173.36 27.22 0.82 0.44 0.0 1282 2
0.78 -0.33 -0.87 247.12 171.89 27.03 0.49 0.28 0.0 1289 2
0.29 -0.92 0.53 248.12 170.02 27.55 0.62 0.31 0.0 1304 2
0.53 -0.93 0.41 248.12 170.02 27.55 0.66 0.32 0.0 1306 2
0.54 -0.86 0.31 248.42 169.33 27.47 0.69 0.32 0.0 1309 2
0.17 -0.75 -0.4 249.08 167.66 27.69 0.56 0.17 0.0 1330 2
-0.02 -0.88 0.02 249.74 166.2 28.27 0.61 0.27 0.0 1347 2
0.26 -0.64 0.31 250.01 165.54 28.23 0.67 0.28 0.0 1353 2
-0.08 -0.76 -0.31 252.16 160.42 29.11 0.47 0.11 0.0 1405 2
-0.3 -0.73 0.55 253.08 158.64 30.2 0.72 0.24 0.0 1425 2
-0.18 -0.84 0.02 253.94 156.79 30.75 0.78 0.25 0.0 1431 2
-0.2 -0.91 -0.96 254.33 155.9 31.03 0.75 0.25 0.0 1438 2
-0.3 -1.01 -1.42 254.94 154.7 31.46 0.69 0.26 0.0 1444 2
-0.0 -0.98 -1.06 256.35 152.36 31.58 0.5 0.41 0.0 1469 2
-0.06 -0.75 -0.22 256.35 152.36 31.58 0.47 0.43 0.0 1473 2
0.46 -0.69 -0.07 257.21 150.12 29.94 0.76 0.48 0.0 1494 2
0.55 -0.39 -0.64 257.96 148.46 29.44 0.7 0.41 0.0 1503 2
0.54 -0.35 -0.74 257.96 148.46 29.44 0.7 0.41 0.0 1505 2
-0.21 -0.74 0.03 258.59 147.23 29.34 0.51 0.3 0.0 1515 2
-0.21 -0.74 0.03 258.83 146.81 29.33 0.51 0.32 0.0 1520 2
-0.44 -0.85 0.7 258.83 146.81 29.33 0.54 0.34 0.0 1523 2
-0.34 -0.78 0.64 259.27 145.98 29.2 0.65 0.4 0.0 1527 2
0.06 -0.39 -0.05 260.16 143.71 28.44 0.77 0.41 0.0 1546 2
-0.46 -0.66 0.11 261.03 141.91 28.14 0.49 0.35 0.0 1569 2
-0.15 -0.78 0.96 262.29 138.38 26.62 0.62 0.34 0.0 1599 2
-0.22 -0.58 -0.66 263.89 134.36 25.83 0.68 0.31 0.0 1641 2
0.15 -0.83 -0.27 264.15 133.84 25.8 0.57 0.31 0.0 1648 2
0.84 -0.01 -0.5 264.93 131.98 25.49 0.61 0.2 0.0 1668 2
0.67 0.43 -0.01 265.0 131.34 25.39 0.44 -0.03 0.0 1676 2
-1.33 -1.4 0.63 264.97 130.6 25.57 0.53 -0.11 0.0 1693 2
-1.25 -1.3 -1.37 265.44 129.33 25.82 0.69 0.25 0.0 1704 2
-0.33 -1.21 -1.31 266.24 128.08 25.75 0.52 0.49 0.0 1719 2
0.36 -0.9 -0.74 266.24 128.08 25.75 0.51 0.53 0.0 1721 2
0.75 -0.59 0.03 267.67 125.43 24.6 0.62 0.35 0.0 1752 2
0.66 -0.58 -0.1 268.05 124.57 24.36 0.63 0.34 0.0 1758 2
0.66 -0.58 -0.1 268.05 124.57 24.36 0.63 0.34 0.0 1760 2
0.68 -0.73 -0.22 268.33 123.92 24.2 0.6 0.32 0.0 1767 2
0.68 -0.73 -0.22 268.33 123.92 24.2 0.56 0.31 0.0 1769 2
0.75 -0.59 0.22 268.6 123.31 24.05 0.54 0.29 0.0 1773 2
-0.33 -0.18 0.26 269.15 121.58 23.6 0.66 0.25 0.0 1794 2
-0.31 -0.28 0.28 269.23 121.17 23.48 0.68 0.26 0.0 1800 2
-0.14 -0.66 0.24 269.36 120.54 23.28 0.56 0.31 0.0 1810 2
0.15 -0.21 0.82 269.88 118.5 22.46 0.85 0.39 0.0 1822 2
0.15 -0.21 0.82 269.88 118.5 22.46 0.85 0.39 0.0 1824 2
0.15 -0.21 0.82 269.88 118.5 22.46 0.99 0.39 0.0 1826 2
0.24 -0.23 0.99 270.19 115.05 21.07 0.57 0.19 0.0 1854 2
0.1 -0.23 1.08 270.19 115.05 21.07 0.64 0.18 0.0 1857 2
-0.18 -0.62 -1.51 270.22 112.96 20.48 0.97 0.22 0.0 1872 2
0.94 0.09 -0.6 269.46 110.31 19.21 0.92 0.37 0.0 1897 2
0.54 -0.04 0.23 266.75 107.8 16.97 0.5 0.11 0.0 1910 2
0.66 -0.33 0.76 266.23 107.07 16.63 0.57 0.11 0.0 1918 2
0.68 -0.01 0.02 266.23 107.07 16.63 0.77 0.12 0.0 1926 2
-0.2 -0.1 -0.99 264.96 104.65 16.04 0.62 -0.07 0.0 1944 2
0.58 -0.25 0.36 263.2 101.95 15.52 0.58 0.06 0.0 1973 2
0.6 0.12 0.32 263.2 101.95 15.52 0.61 -0.03 0.0 1979 2
-0.35 -0.16 -1.68 263.32 98.82 15.61 0.64 -0.05 0.0 1992 2
0.06 0.11 -1.86 263.16 97.61 15.62 0.38 0.02 0.0 2005 2
0.43 0.08 -0.28 262.41 96.74 15.51 0.32 -0.02 0.0 2021 2
0.29 0.02 -0.22 262.41 96.74 15.51 0.39 -0.02 0.0 2024 2
-0.03 0.15 -0.99 262.41 96.74 15.51 0.39 -0.01 0.0 2029 2
-0.05 0.22 -1.03 261.92 94.69 15.5 0.33 0.08 0.0 2044 2
0.17 0.33 -0.73 261.92 94.69 15.5 0.33 0.08 0.0 2050 2
0.32 0.43 -0.1 259.66 93.85 15.16 0.48 -0.07 0.0 2074 2
-0.02 0.52 0.17 259.66 93.85 15.16 0.48 -0.07 0.0 2076 2
-0.02 0.52 0.17 259.66 93.85 15.16 0.48 -0.07 0.0 2078 2
-0.0 0.22 -1.02 259.9 92.36 15.44 0.42 0.02 0.0 2101 2
-0.0 0.22 -1.02 259.9 92.36 15.44 0.41 0.02 0.0 2103 2
0.51 0.35 -0.78 259.93 91.68 15.43 0.39 0.02 0.0 2107 2
0.47 0.47 -1.25 259.91 91.32 15.45 0.3 -0.05 0.0 2119 2
-0.14 0.53 -2.98 259.91 91.32 15.45 0.3 -0.05 0.0 2122 2
-0.11 -0.35 -0.34 259.79 91.16 15.56 -0.02 -0.04 0.0 2132 2
0.45 0.36 -0.23 258.49 91.38 15.54 0.17 0.04 0.0 2152 2
-0.04 -0.03 -0.34 257.57 91.19 15.66 0.14 -0.11 0.0 2172 2
-0.04 -0.03 -0.34 257.57 91.16 15.69 0.14 -0.1 0.0 2175 2
-0.07 -0.07 -1.02 257.61 91.05 15.77 0.08 -0.06 0.0 2182 2
0.07 0.21 -1.49 257.61 91.05 15.77 0.04 -0.04 0.0 2184 2
-0.12 -0.01 -2.35 257.78 91.01 15.82 -0.05 -0.04 0.0 2190 2
-0.12 -0.01 -2.35 257.78 91.01 15.82 -0.05 -0.04 0.0 2193 2
-0.35 -1.0 -3.6 255.99 94.85 15.42 -0.41 0.23 0.0 12 3
0.21 -0.69 -3.69 256.18 95.41 15.15 -0.5 0.24 0.0 19 3
0.21 -0.69 -3.69 256.23 96.13 14.93 -0.62 0.17 0.0 26 3
0.51 -0.61 -3.67 256.23 96.13 14.93 -0.66 0.15 0.0 30 3
0.68 -1.02 -2.73 256.24 98.33 14.77 -1.06 -0.07 0.0 55 3
0.54 -1.16 -1.27 256.39 101.72 15.05 -1.17 -0.11 0.0 66 3
0.89 -0.93 -0.17 256.66 107.0 15.63 -1.25 -0.13 0.0 75 3
0.89 -0.89 -0.03 256.66 107.0 15.63 -1.25 -0.17 0.0 79 3
0.81 -0.91 0.23 256.8 108.38 15.85 -1.25 -0.19 0.0 86 3
-0.1 -1.49 0.72 257.0 117.6 18.3 -1.27 -0.37 0.0 99 3
-0.16 -1.21 0.74 257.08 121.39 19.45 -1.18 -0.31 0.0 120 3
-0.21 -1.1 0.31 257.09 121.39 19.45 -1.14 -0.29 0.0 125 3
-0.18 -1.12 0.32 257.09 121.39 19.45 -1.14 -0.29 0.0 128 3
-0.18 -1.12 0.32 257.09 121.39 19.45 -1.12 -0.29 0.0 131 3
0.03 -1.0 0.43 257.07 123.64 20.06 -1.12 -0.3 0.0 137 3
0.03 -1.0 0.43 257.07 123.64 20.06 -1.13 -0.32 0.0 141 3
-0.17 -0.95 0.25 256.85 125.96 20.67 -1.2 -0.37 0.0 146 3
0.04 -1.13 0.55 255.9 133.24 21.96 -1.05 -0.23 0.0 190 3
-0.01 -1.11 0.69 255.9 133.24 21.96 -1.0 -0.21 0.0 196 3
-0.01 -1.11 0.69 255.9 133.24 21.96 -1.0 -0.21 0.0 198 3
-0.01 -1.11 0.69 255.9 133.24 21.96 -1.0 -0.21 0.0 200 3
-0.44 -1.31 0.61 255.2 138.24 22.62 -1.06 -0.21 0.0 234 3
-0.41 -1.21 0.93 255.16 139.41 22.83 -0.93 -0.11 0.0 251 3
-0.19 -0.95 0.97 255.12 140.21 22.87 -0.86 -0.09 0.0 256 3
0.37 -0.86 0.51 254.96 141.66 22.84 -0.83 -0.12 0.0 269 3
0.13 -0.9 0.09 254.87 142.9 23.04 -0.91 -0.2 0.0 283 3
-0.1 -0.9 0.02 252.79 150.96 23.07 -0.8 -0.22 0.0 346 3
-0.31 -1.0 -0.13 252.58 151.75 23.05 -0.87 -0.25 0.0 351 3
-0.02 -0.9 0.1 251.58 155.69 22.47 -0.78 -0.16 0.0 385 3
-0.13 -1.03 -0.32 250.96 158.29 22.28 -0.71 -0.21 0.0 408 3
-0.47 -1.16 -0.13 250.62 159.45 22.13 -0.81 -0.2 0.0 421 3
-0.47 -1.16 -0.13 250.62 159.45 22.13 -0.84 -0.17 0.0 423 3
-0.65 -1.24 0.06 250.47 160.19 22.12 -0.85 -0.16 0.0 430 3
-0.11 -0.46 1.13 249.25 170.26 20.94 -0.71 -0.06 0.0 489 3
-0.11 -0.46 1.13 249.25 170.26 20.94 -0.71 -0.06 0.0 490 3
-0.09 -0.67 0.88 249.25 170.26 20.94 -0.63 -0.08 0.0 494 3
-0.11 -0.82 0.88 249.11 171.39 20.82 -0.63 -0.08 0.0 500 3
-0.12 -0.56 -0.09 249.05 172.36 20.74 -0.53 -0.03 0.0 517 3
0.26 -0.49 0.37 248.94 174.34 20.48 -0.62 -0.08 0.0 537 3
0.14 -0.37 0.16 248.84 175.06 20.36 -0.59 -0.11 0.0 546 3
0.14 -0.37 0.16 248.84 175.06 20.36 -0.6 -0.14 0.0 549 3
-0.79 -0.57 1.37 248.43 177.03 20.32 -0.74 -0.13 0.0 567 3
-0.72 -0.3 2.52 248.37 177.69 20.38 -0.7 -0.05 0.0 574 3
-0.46 0.06 4.09 248.34 179.06 20.41 -0.44 -0.02 0.0 590 3
-0.46 0.14 3.76 248.34 179.28 20.46 -0.31 -0.04 0.0 595 3
-0.46 0.14 3.76 248.33 179.38 20.51 -0.31 -0.04 0.0 598 3
-0.65 0.19 3.53 248.33 179.38 20.51 -0.27 -0.05 0.0 600 3
-0.89 0.06 3.18 248.3 179.63 20.73 -0.24 -0.06 0.0 604 3
-0.89 0.06 3.18 248.3 179.63 20.73 -0.24 -0.06 0.0 606 3
-0.9 -0.11 3.32 248.25 179.92 21.09 -0.19 -0.03 0.0 611 3
-0.91 -0.18 3.38 248.25 179.92 21.09 -0.19 -0.03 0.0 613 3
-0.83 -0.06 3.64 248.25 -180.0 21.18 -0.07 0.03 0.0 619 3
-0.68 0.03 3.76 248.26 -179.97 21.21 0.03 0.07 0.0 624 3
-1.01 -0.24 2.98 248.39 179.46 21.31 0.3 -0.03 0.0 653 3
-1.07 -0.55 2.64 248.39 179.07 21.51 0.39 0.03 0.0 667 3
-0.22 -0.59 1.65 248.66 177.95 21.76 0.63 0.17 0.0 687 3
-0.33 -0.54 1.23 248.88 177.14 21.91 0.64 0.17 0.0 694 3
-0.2 -0.58 1.04 248.88 177.14 21.91 0.64 0.17 0.0 696 3
-0.2 -0.58 1.04 248.88 177.14 21.91 0.66 0.18 0.0 698 3
0.92 -0.47 0.33 249.67 174.25 22.25 0.99 0.14 0.0 721 3
0.5 -0.61 -0.61 249.8 172.82 22.31 0.71 -0.08 0.0 733 3
-0.14 -1.25 -0.18 249.74 171.38 22.68 0.71 -0.03 0.0 740 3
0.18 -1.03 -0.09 249.77 170.71 22.73 0.79 0.05 0.0 749 3
0.18 -1.03 -0.09 249.77 170.71 22.73 0.8 0.04 0.0 752 3
0.07 -1.15 0.56 250.19 163.88 23.28 0.77 0.13 0.0 802 3
0.07 -1.04 0.52 250.19 163.88 23.28 0.81 0.15 0.0 805 3
0.57 -0.83 0.0 251.36 159.38 24.15 0.81 0.19 0.0 834 3
0.43 -0.6 0.35 251.66 158.31 24.31 0.76 0.12 0.0 843 3
0.43 -0.6 0.35 251.83 157.58 24.4 0.75 0.07 0.0 847 3
-0.41 -1.44 0.29 252.37 154.77 24.85 0.82 0.23 0.0 876 3
0.43 -0.87 -0.14 253.63 151.4 25.18 1.09 0.22 0.0 900 3
0.71 -0.67 -0.44 254.07 149.71 25.22 1.09 0.18 0.0 919 3
0.45 -0.95 -0.42 255.65 143.75 24.92 0.82 0.08 0.0 926 3
0.1 -0.94 -0.3 255.65 143.75 24.92 0.82 0.08 0.0 928 3
0.91 -0.9 2.02 256.66 140.33 25.04 1.17 0.3 0.0 956 3
0.99 -0.8 1.78 256.74 139.59 24.89 1.27 0.27 0.0 959 3
1.13 -0.69 1.48 256.8 139.18 24.82 1.29 0.24 0.0 964 3
0.42 -0.79 0.61 257.01 137.67 24.74 1.09 0.04 0.0 973 3
-0.25 -1.7 1.56 257.94 134.54 25.27 1.1 0.17 0.0 994 3
-0.12 -1.75 1.45 258.02 134.18 25.24 1.34 0.26 0.0 999 3
0.17 -1.47 1.14 258.02 134.18 25.24 1.41 0.27 0.0 1001 3
0.63 -1.06 0.16 258.14 132.99 25.03 1.49 0.24 0.0 1008 3
0.05 -0.9 -0.64 258.17 131.3 24.66 1.38 0.14 0.0 1014 3
-0.8 -1.43 -0.26 258.39 128.95 24.52 1.13 0.15 0.0 1026 3
0.14 -1.98 -0.18 258.66 126.43 24.18 1.37 0.33 0.0 1039 3
0.84 -0.76 -1.45 258.47 123.63 23.25 1.35 0.18 0.0 1054 3
0.12 -0.98 -1.58 258.41 122.54 23.07 1.13 0.04 0.0 1059 3
-1.03 -1.51 -0.63 258.45 121.3 23.01 0.96 0.05 0.0 1069 3
-0.58 -2.35 0.36 258.43 120.48 22.83 1.25 0.38 0.0 1077 3
1.44 -0.68 -0.84 258.32 119.85 22.56 1.51 0.43 0.0 1088 3
1.61 -0.43 -1.11 258.32 119.85 22.56 1.51 0.43 0.0 1093 3
1.61 -0.43 -1.11 258.32 119.85 22.56 1.32 0.21 0.0 1095 3
-0.23 -1.12 -1.07 258.32 119.85 22.56 0.93 0.01 0.0 1099 3
-0.81 -1.47 0.0 257.49 114.66 20.97 0.94 0.18 0.0 1110 3
-0.13 -1.19 0.6 257.19 113.6 20.56 1.42 0.37 0.0 1115 3
-0.16 -0.7 -1.35 255.15 107.79 18.8 1.33 0.16 0.0 1140 3
-0.16 -0.7 -1.35 255.15 107.79 18.8 1.33 0.16 0.0 1141 3
-0.9 -1.2 -2.34 254.11 105.61 18.17 1.0 0.08 0.0 1152 3
-0.94 -1.36 -1.65 254.11 105.61 18.17 0.88 0.13 0.0 1155 3
-0.7 -1.25 -1.19 254.11 105.61 18.17 0.85 0.21 0.0 1158 3
-0.36 -0.82 -0.6 254.11 105.61 18.17 0.87 0.24 0.0 1162 3
-0.27 -0.6 -1.02 252.35 102.45 17.06 1.0 0.2 0.0 1171 3
-0.27 -0.6 -1.02 252.35 102.45 17.06 0.99 0.2 0.0 1172 3
0.09 -0.46 -1.68 251.07 99.82 16.14 0.93 0.21 0.0 1178 3
0.18 -0.52 -2.69 250.79 98.46 15.8 0.83 0.13 0.0 1186 3
-0.08 -0.8 -2.82 250.44 97.74 15.61 0.72 0.15 0.0 1192 3
0.19 -0.22 -1.19 249.41 96.92 15.19 0.67 0.17 0.0 1204 3
0.05 -0.48 -0.83 249.41 96.92 15.19 0.67 0.17 0.0 1206 3
-0.17 -0.71 -0.51 249.41 96.92 15.19 0.7 0.16 0.0 1208 3
-0.17 -0.71 -0.51 249.41 96.92 15.19 0.75 0.17 0.0 1210 3
-0.63 -0.43 -1.71 248.12 95.86 14.7 1.05 0.21 0.0 1218 3
-0.26 -0.37 -2.19 247.54 94.62 14.34 0.99 0.31 0.0 1226 3
0.29 -0.08 -2.48 246.48 92.93 13.5 0.87 0.36 0.0 1243 3
0.28 -0.11 -2.61 246.48 92.93 13.5 0.87 0.36 0.0 1245 3
0.52 -0.07 -2.85 245.72 92.42 13.17 0.79 0.37 0.0 1251 3
0.74 0.01 -2.8 245.46 92.27 13.06 0.72 0.36 0.0 1256 3
1.16 0.43 -2.63 244.57 91.84 12.68 0.39 0.27 0.0 1266 3
0.01 -0.03 -1.95 244.35 91.81 12.49 -0.06 0.02 0.0 1283 3
0.61 -0.19 0.61 244.35 91.81 12.49 -0.0 0.04 0.0 1285 3
0.64 -0.18 0.6 244.35 91.81 12.49 0.06 0.05 0.0 1287 3
0.12 0.12 -0.7 243.86 91.85 12.46 0.06 -0.04 0.0 1301 3
0.12 0.12 -0.7 243.86 91.85 12.46 0.06 -0.04 0.0 1302 3
-0.18 -0.12 -1.25 244.67 91.78 12.58 -0.11 0.0 0.0 1318 3
-0.34 0.02 -1.48 245.0 91.82 12.59 -0.13 0.03 0.0 1323 3
-0.91 -0.94 -0.99 245.0 91.82 12.59 -0.47 0.07 0.0 4 4
-0.65 -0.79 -0.28 247.14 92.07 15.15 -0.32 0.12 0.0 10 4
-0.58 -0.5 -1.46 247.14 92.07 15.15 -0.14 0.12 0.0 15 4
-1.29 -0.84 -3.23 247.87 92.56 14.85 -0.29 0.03 0.0 26 4
0.55 -0.66 -1.8 249.87 95.11 13.82 -0.72 0.35 0.0 64 4
0.49 -1.23 -1.41 250.8 97.52 13.21 -0.89 0.07 0.0 83 4
0.73 -1.5 -1.89 252.35 100.78 13.35 -1.17 -0.01 0.0 106 4
0.75 -1.35 -1.66 252.35 100.78 13.35 -1.25 -0.05 0.0 110 4
0.89 -1.36 -1.23 254.82 105.79 14.14 -1.32 -0.16 0.0 122 4
0.52 -1.51 -0.63 255.18 106.86 14.39 -1.51 -0.26 0.0 129 4
0.52 -1.51 -0.63 255.18 106.86 14.39 -1.52 -0.27 0.0 130 4
0.34 -1.71 -0.55 255.18 106.86 14.39 -1.52 -0.27 0.0 132 4
0.46 -1.62 0.43 256.29 110.83 15.5 -1.49 -0.23 0.0 139 4
0.51 -1.55 0.46 256.51 111.99 15.8 -1.45 -0.23 0.0 147 4
0.72 -1.39 0.77 256.51 111.99 15.8 -1.43 -0.24 0.0 149 4
0.98 -1.32 0.13 257.01 114.63 16.58 -1.39 -0.32 0.0 163 4
0.96 -1.32 -0.03 257.01 114.63 16.58 -1.42 -0.37 0.0 165 4
0.41 -1.34 -0.03 257.4 116.94 17.46 -1.48 -0.41 0.0 176 4
0.36 -1.64 1.01 257.37 120.19 18.48 -1.37 -0.43 0.0 193 4
0.36 -1.64 1.01 257.37 120.19 18.48 -1.36 -0.44 0.0 195 4
0.53 -1.48 0.97 257.37 120.19 18.48 -1.36 -0.44 0.0 197 4
0.22 -1.52 0.56 257.33 121.3 18.87 -1.35 -0.49 0.0 205 4
-0.24 -1.68 -0.23 257.55 123.9 20.11 -1.37 -0.47 0.0 221 4
-0.13 -1.88 -0.37 257.55 123.9 20.11 -1.36 -0.45 0.0 223 4
-0.16 -1.71 -0.38 257.6 125.8 20.88 -1.33 -0.41 0.0 230 4
-0.27 -1.84 0.9 256.78 130.82 22.02 -1.49 -0.46 0.0 248 4
-0.16 -1.51 1.08 256.24 133.69 22.58 -1.29 -0.41 0.0 263 4
-0.24 -1.5 0.26 255.88 136.33 23.27 -1.28 -0.4 0.0 273 4
-0.23 -1.4 0.4 255.4 138.61 23.67 -1.25 -0.4 0.0 294 4
-0.73 -1.57 1.01 254.73 141.82 24.24 -1.26 -0.36 0.0 302 4
-0.58 -1.7 1.16 254.36 143.41 24.4 -1.21 -0.34 0.0 307 4
-0.87 -1.54 -0.38 252.85 148.72 24.6 -1.21 -0.36 0.0 343 4
-0.87 -1.54 -0.38 252.76 149.09 24.65 -1.21 -0.32 0.0 347 4
-0.62 -1.5 0.03 252.12 151.7 24.55 -1.15 -0.19 0.0 366 4
-0.57 -1.49 -0.04 252.12 151.7 24.55 -1.15 -0.18 0.0 369 4
-0.33 -1.54 0.17 251.6 154.2 24.14 -1.19 -0.15 0.0 381 4
-0.25 -1.59 0.32 251.37 155.28 23.95 -1.18 -0.13 0.0 388 4
-0.07 -1.61 0.6 251.37 155.28 23.95 -1.18 -0.12 0.0 391 4
-0.66 -1.49 -0.66 250.58 162.28 23.78 -1.04 -0.22 0.0 433 4
-0.21 -1.24 0.19 250.21 165.13 23.99 -1.11 -0.12 0.0 446 4
-0.15 -1.22 0.33 250.17 165.45 23.93 -1.1 -0.12 0.0 449 4
0.01 -1.29 0.81 250.17 165.45 23.93 -1.07 -0.11 0.0 453 4
-0.49 -1.01 0.62 249.41 170.43 23.14 -0.98 -0.17 0.0 487 4
-0.9 -0.89 0.49 249.29 171.29 23.29 -0.99 -0.14 0.0 493 4
-0.76 -0.97 0.7 249.21 172.97 23.43 -0.89 -0.01 0.0 507 4
-0.32 -0.54 1.41 249.2 174.2 23.23 -0.86 -0.06 0.0 522 4
-0.27 -0.16 1.66 249.17 175.17 23.28 -0.88 -0.11 0.0 526 4
-0.42 -0.35 1.97 249.17 175.17 23.28 -0.86 -0.15 0.0 529 4
-0.42 -0.35 1.97 249.08 175.94 23.47 -0.85 -0.15 0.0 532 4
-0.67 -0.38 2.23 249.01 176.46 23.61 -0.78 -0.14 0.0 535 4
-1.02 -0.37 2.07 249.01 176.46 23.61 -0.76 -0.13 0.0 538 4
-0.97 -0.22 2.54 248.84 177.63 23.85 -0.71 -0.08 0.0 548 4
-1.13 -0.12 3.07 248.76 178.45 23.93 -0.68 -0.07 0.0 553 4
-0.9 0.22 3.09 248.63 179.95 24.31 -0.42 -0.05 0.0 572 4
-1.0 0.21 3.64 248.55 -179.52 24.54 -0.4 -0.04 0.0 576 4
-1.51 0.26 4.3 248.47 -178.73 25.1 0.03 0.03 0.0 598 4
-1.56 0.15 4.05 248.47 -178.71 25.19 0.11 0.06 0.0 603 4
-1.45 0.22 4.07 248.52 -178.81 25.47 0.21 0.1 0.0 608 4
-1.11 0.25 3.91 248.59 -178.95 25.56 0.35 0.13 0.0 615 4
-0.93 0.27 3.53 248.74 -179.39 25.62 0.43 0.12 0.0 618 4
-1.07 0.25 3.2 248.78 -179.53 25.62 0.49 0.09 0.0 628 4
-1.22 -0.28 3.46 248.99 179.39 25.73 0.64 0.15 0.0 636 4
-1.25 -0.28 3.5 249.11 178.86 25.7 0.77 0.18 0.0 640 4
-0.65 -0.54 2.68 249.4 177.57 25.42 1.04 0.23 0.0 651 4
-0.57 -0.54 2.26 249.4 177.57 25.42 1.09 0.22 0.0 653 4
-0.69 -0.92 -0.02 249.93 174.86 25.28 0.92 0.18 0.0 666 4
-0.73 -0.9 1.82 250.44 172.89 25.42 0.88 0.26 0.0 679 4
0.34 -1.04 0.3 251.17 170.24 24.98 1.27 0.31 0.0 696 4
0.19 -1.04 -0.45 251.56 168.64 25.04 1.14 0.25 0.0 703 4
-0.43 -1.97 0.32 253.41 161.29 25.84 0.98 0.16 0.0 748 4
0.33 -1.78 0.88 253.89 159.56 26.0 1.11 0.32 0.0 756 4
0.65 -1.2 0.09 254.42 157.64 25.84 1.3 0.28 0.0 768 4
0.51 -1.16 -0.31 254.42 157.64 25.84 1.27 0.24 0.0 771 4
0.21 -1.26 -0.25 254.91 155.61 25.86 1.15 0.18 0.0 776 4
-0.14 -2.25 1.07 255.38 153.94 26.2 1.0 0.12 0.0 792 4
0.5 -1.59 1.21 255.71 152.58 26.17 1.21 0.32 0.0 797 4
0.48 -1.38 -1.13 256.09 149.64 25.42 1.4 0.14 0.0 816 4
-0.06 -1.9 -1.64 256.52 146.74 25.49 1.2 0.08 0.0 824 4
-0.53 -2.21 -0.85 256.69 146.04 25.59 1.02 0.1 0.0 830 4
0.53 -1.57 -0.91 257.02 143.58 25.08 1.55 0.3 0.0 847 4
0.53 -1.57 -0.91 257.02 143.58 25.08 1.54 0.27 0.0 849 4
0.53 -1.57 -0.91 257.02 143.58 25.08 1.54 0.27 0.0 851 4
-0.39 -2.04 -1.86 257.07 139.54 24.02 1.07 0.16 0.0 866 4
0.34 -1.19 -1.74 257.67 134.67 23.14 1.15 0.16 0.0 890 4
-0.04 -1.33 -1.72 257.67 134.67 23.14 1.05 0.13 0.0 892 4
-0.25 -1.65 -0.54 257.77 132.6 22.8 0.89 0.17 0.0 905 4
0.55 -1.0 0.52 257.92 130.92 22.43 1.05 0.22 0.0 916 4
-0.33 -0.92 -0.04 257.95 128.46 22.06 1.0 -0.0 0.0 934 4
-0.37 -1.49 0.24 258.18 126.11 22.07 1.15 0.18 0.0 952 4
-0.37 -1.49 0.24 258.18 126.11 22.07 1.15 0.18 0.0 954 4
-0.26 -1.35 -0.0 258.24 125.48 22.01 1.15 0.18 0.0 958 4
0.05 -0.93 -0.81 258.24 125.48 22.01 1.23 0.2 0.0 961 4
-0.57 -1.07 -0.38 258.55 120.77 21.3 0.76 0.14 0.0 993 4
-0.9 -1.28 0.87 258.55 115.1 20.29 0.69 0.19 0.0 1043 4
-0.5 -1.11 1.24 258.55 115.1 20.29 0.85 0.29 0.0 1045 4
0.19 -0.61 1.22 258.45 113.63 19.71 1.0 0.31 0.0 1054 4
0.07 -0.62 -0.27 258.4 112.11 19.27 1.04 0.19 0.0 1068 4
0.04 -0.69 -0.3 258.57 110.27 18.98 1.01 0.17 0.0 1074 4
-0.09 -1.23 -0.44 258.52 109.4 18.82 1.07 0.19 0.0 1080 4
-0.02 -1.19 -0.4 258.52 109.4 18.82 1.07 0.19 0.0 1084 4
0.04 -0.88 -0.9 258.38 108.52 18.6 1.08 0.23 0.0 1088 4
-0.04 -0.67 -0.75 258.01 106.04 17.87 1.02 0.29 0.0 1100 4
0.55 -0.76 -1.14 257.44 104.46 17.25 1.13 0.32 0.0 1110 4
0.97 -0.38 -2.34 256.64 102.76 16.58 1.0 0.18 0.0 1120 4
0.61 -0.49 -2.71 256.43 102.22 16.43 0.88 0.13 0.0 1127 4
0.61 -0.49 -2.71 256.43 102.22 16.43 0.88 0.13 0.0 1129 4
0.1 -0.36 -2.46 254.51 98.83 15.32 0.66 0.08 0.0 1159 4
-0.4 -0.65 -1.09 252.05 96.69 14.52 0.48 0.13 0.0 1183 4
0.11 -0.18 0.3 249.66 95.84 13.69 0.64 0.21 0.0 1210 4
0.27 0.29 -0.43 248.19 94.99 13.15 0.5 0.15 0.0 1222 4
0.51 0.34 -0.14 247.85 94.53 12.99 0.53 0.06 0.0 1228 4
0.88 0.13 -0.66 247.47 93.69 12.88 0.69 0.04 0.0 1234 4
0.88 0.13 -0.66 247.47 93.69 12.88 0.71 0.01 0.0 1237 4
0.63 0.11 -2.19 246.98 92.52 12.94 0.61 -0.08 0.0 1248 4
-0.17 -0.38 -0.63 246.6 91.91 13.17 0.15 0.18 0.0 1265 4
-0.0 -0.08 -0.31 245.19 91.98 13.03 0.26 0.23 0.0 1268 4
1.04 0.22 -1.68 243.57 91.68 12.57 0.16 0.04 0.0 1286 4
0.91 -0.06 -1.39 243.57 91.68 12.57 0.16 0.04 0.0 1291 4
0.92 0.0 -1.15 243.24 91.56 12.66 -0.03 -0.13 0.0 1304 4
0.72 -0.04 -2.13 243.21 91.6 12.81 -0.16 -0.16 0.0 1309 4
0.72 -0.04 -2.13 243.21 91.6 12.81 -0.16 -0.16 0.0 1311 4
0.72 -0.04 -2.13 243.21 91.6 12.81 -0.16 -0.16 0.0 1314 4
-0.45 0.25 0.56 243.26 92.87 13.13 -0.33 -0.03 0.0 1331 4
-0.55 -0.53 -0.8 273.98 87.55 19.21 -0.17 0.08 0.0 7 5
-0.19 -0.2 -0.53 273.97 87.62 19.18 -0.17 0.08 0.0 14 5
-0.19 -0.2 -0.53 273.97 87.62 19.18 -0.17 0.08 0.0 16 5
-0.19 -0.2 -0.53 273.97 87.62 19.18 -0.17 0.08 0.0 18 5
-0.19 -0.2 -0.53 273.64 88.22 18.84 -0.17 0.08 0.0 21 5
-0.19 -0.2 -0.53 273.64 88.22 18.84 -0.07 0.14 0.0 28 5
-0.19 -0.2 -0.53 273.64 88.22 18.84 -0.01 0.15 0.0 30 5
0.02 -0.15 -0.5 273.64 88.22 18.84 -0.03 0.15 0.0 49 5
0.27 -0.37 -0.34 269.92 91.88 17.98 -0.22 0.07 0.0 87 5
0.45 -0.24 -0.56 269.76 92.36 17.93 -0.22 0.07 0.0 91 5
0.72 -0.14 -0.73 269.62 92.68 17.94 -0.27 0.02 0.0 105 5
0.53 -0.16 -1.08 269.37 94.01 18.3 -0.52 -0.16 0.0 126 5
0.53 -0.16 -1.08 269.37 94.01 18.3 -0.52 -0.16 0.0 128 5
0.35 -0.34 -0.79 269.28 95.34 18.76 -0.6 -0.19 0.0 138 5
0.28 -0.34 -0.33 269.29 95.95 18.95 -0.67 -0.19 0.0 146 5
0.3 -0.29 0.13 269.38 96.69 19.2 -0.64 -0.18 0.0 155 5
0.5 -0.13 0.15 269.26 99.85 20.37 -0.66 -0.23 0.0 189 5
0.59 -0.1 0.14 269.26 99.85 20.37 -0.66 -0.26 0.0 192 5
0.34 -0.25 0.14 269.08 100.99 20.91 -0.61 -0.33 0.0 202 5
-0.04 -0.48 -0.15 268.74 101.98 21.3 -0.64 -0.32 0.0 207 5
-0.11 -0.5 0.07 268.48 103.01 21.59 -0.72 -0.27 0.0 215 5
-0.11 -0.5 0.07 268.48 103.01 21.59 -0.72 -0.27 0.0 217 5
0.03 -0.33 -0.25 268.45 103.9 21.85 -0.81 -0.25 0.0 227 5
0.14 -0.26 -0.15 268.44 104.38 21.99 -0.94 -0.3 0.0 236 5
0.13 -0.41 0.41 268.47 106.47 22.68 -0.93 -0.32 0.0 247 5
0.13 -0.41 0.41 268.47 106.47 22.68 -0.93 -0.32 0.0 249 5
0.1 -0.37 0.74 268.43 107.18 22.93 -0.81 -0.32 0.0 260 5
0.04 -0.38 0.76 268.32 108.05 23.25 -0.8 -0.32 0.0 264 5
0.01 -0.4 0.37 268.21 109.28 23.72 -0.78 -0.32 0.0 277 5
0.07 -0.37 0.26 268.21 109.28 23.72 -0.78 -0.32 0.0 282 5
0.12 -0.41 0.24 268.12 110.59 24.21 -0.79 -0.32 0.0 291 5
0.01 -0.34 0.07 268.02 111.27 24.45 -0.78 -0.33 0.0 299 5
0.06 -0.34 0.07 267.92 111.74 24.6 -0.81 -0.34 0.0 305 5
0.04 -0.29 0.15 267.92 111.74 24.6 -0.81 -0.34 0.0 307 5
-0.12 -0.45 0.26 267.76 112.68 24.92 -0.84 -0.35 0.0 312 5
-0.12 -0.45 0.26 267.76 112.68 24.92 -0.84 -0.35 0.0 314 5
-0.12 -0.45 0.26 267.76 112.68 24.92 -0.87 -0.36 0.0 317 5
-0.33 -0.68 0.65 267.9 114.71 25.64 -0.85 -0.28 0.0 332 5
0.2 -0.28 0.68 267.88 116.07 26.09 -0.72 -0.27 0.0 341 5
0.22 -0.29 0.1 267.57 117.77 26.69 -0.7 -0.34 0.0 356 5
0.21 -0.28 0.15 267.5 118.22 26.87 -0.75 -0.37 0.0 361 5
0.17 -0.35 0.47 267.32 119.16 27.26 -0.77 -0.37 0.0 367 5
0.17 -0.35 0.47 267.32 119.16 27.26 -0.78 -0.39 0.0 369 5
-0.09 -0.39 0.38 267.23 119.63 27.47 -0.78 -0.4 0.0 378 5
-0.09 -0.39 0.38 267.1 120.59 27.9 -0.79 -0.39 0.0 387 5
-0.2 -0.54 0.39 267.1 120.59 27.9 -0.79 -0.39 0.0 392 5
0.07 -0.46 0.48 266.82 122.48 28.7 -0.74 -0.33 0.0 407 5
-0.07 -0.54 -0.06 266.07 124.97 29.63 -0.72 -0.45 0.0 430 5
-0.58 -0.75 0.09 265.77 126.59 30.41 -0.76 -0.37 0.0 445 5
-0.38 -0.58 0.24 265.69 127.28 30.72 -0.74 -0.32 0.0 454 5
-0.2 -0.51 0.53 265.24 129.77 31.62 -0.71 -0.37 0.0 471 5
-0.2 -0.51 0.53 265.24 129.77 31.62 -0.67 -0.37 0.0 476 5
-0.49 -0.7 0.33 264.51 132.59 32.64 -0.66 -0.29 0.0 507 5
0.04 -0.43 -0.08 264.3 133.98 33.18 -0.62 -0.37 0.0 528 5
-0.45 -0.54 0.64 263.09 137.07 33.96 -0.63 -0.27 0.0 548 5
-0.14 -0.66 -0.43 262.2 139.83 34.52 -0.51 -0.24 0.0 584 5
0.22 -0.5 0.12 261.47 142.29 34.74 -0.67 -0.2 0.0 602 5
0.22 -0.53 0.43 261.11 143.24 34.7 -0.63 -0.22 0.0 607 5
-0.21 -0.69 -0.02 259.96 145.93 34.88 -0.7 -0.31 0.0 632 5
-0.6 -0.57 0.45 258.78 149.05 35.15 -0.61 -0.28 0.0 664 5
-0.6 -0.73 0.39 258.39 150.34 35.37 -0.6 -0.27 0.0 669 5
-0.25 -0.69 -0.08 257.69 152.11 35.48 -0.55 -0.23 0.0 694 5
-0.25 -0.69 -0.08 257.69 152.11 35.48 -0.58 -0.23 0.0 696 5
-0.35 -0.73 0.08 257.35 153.08 35.59 -0.63 -0.23 0.0 702 5
-0.35 -0.73 0.08 257.35 153.08 35.59 -0.63 -0.23 0.0 704 5
-0.27 -0.58 0.41 257.35 153.08 35.59 -0.63 -0.21 0.0 708 5
-0.24 -0.61 0.44 257.35 153.08 35.59 -0.63 -0.21 0.0 710 5
-0.16 -0.53 0.44 257.09 154.47 35.92 -0.57 -0.21 0.0 717 5
-0.15 -0.64 -0.12 257.03 154.66 35.96 -0.51 -0.23 0.0 721 5
-0.18 -0.64 -0.15 257.03 154.66 35.96 -0.51 -0.24 0.0 723 5
0.23 -0.5 -0.01 256.76 155.57 36.12 -0.49 -0.19 0.0 731 5
0.11 -0.45 -0.23 256.76 155.57 36.12 -0.58 -0.26 0.0 735 5
0.62 -0.49 0.27 255.26 160.39 36.6 -0.53 -0.21 0.0 744 5
-0.33 -0.94 0.59 254.14 162.92 36.57 -0.58 -0.32 0.0 768 5
-0.33 -0.94 0.59 254.14 162.92 36.57 -0.58 -0.32 0.0 770 5
-0.33 -0.94 0.59 252.82 165.72 36.66 -0.37 -0.2 0.0 775 5
0.1 -0.71 0.01 252.82 165.72 36.66 -0.39 -0.2 0.0 779 5
-0.1 -0.64 0.44 250.29 171.08 36.66 -0.44 -0.28 0.0 829 5
-0.27 -0.83 0.15 249.17 173.34 36.91 -0.49 -0.22 0.0 849 5
-0.27 -0.83 0.15 249.17 173.34 36.91 -0.49 -0.22 0.0 851 5
0.1 -0.6 0.1 248.85 174.19 36.72 -0.42 -0.18 0.0 863 5
0.28 -0.52 0.06 248.78 174.34 36.66 -0.42 -0.19 0.0 867 5
0.22 -0.48 0.15 248.64 174.67 36.56 -0.44 -0.21 0.0 875 5
0.14 -0.51 0.09 248.64 174.67 36.56 -0.47 -0.26 0.0 878 5
-0.04 -0.5 -0.09 248.17 175.74 36.53 -0.49 -0.27 0.0 885 5
-0.05 -0.6 -0.38 247.72 176.68 36.6 -0.48 -0.29 0.0 895 5
-0.79 -0.66 0.83 246.56 179.06 36.04 -0.52 -0.29 0.0 931 5
-0.93 -0.57 0.79 246.45 179.28 36.01 -0.52 -0.29 0.0 936 5
-1.05 -0.61 1.28 245.92 -179.45 35.84 -0.42 -0.2 0.0 948 5
-1.05 -0.61 1.28 245.92 -179.45 35.84 -0.37 -0.16 0.0 950 5
-0.94 -0.48 1.07 245.74 -178.92 35.71 -0.33 -0.13 0.0 954 5
-0.63 -0.09 0.96 245.49 -178.0 35.51 -0.36 -0.14 0.0 974 5
-2.07 -0.38 3.53 245.0 -176.79 35.1 -0.21 -0.22 0.0 998 5
-2.28 -0.55 3.7 244.72 -176.36 34.93 -0.15 -0.2 0.0 1002 5
-2.93 -1.07 3.23 244.46 -176.1 35.0 0.21 0.11 0.0 1019 5
-2.09 -0.71 2.05 244.46 -176.13 35.04 0.29 0.18 0.0 1023 5
-1.15 -0.28 1.7 245.17 -177.35 34.94 0.33 0.25 0.0 1039 5
-0.41 -0.25 1.16 246.84 179.98 34.68 0.47 0.33 0.0 1070 5
-0.39 -0.12 0.87 246.84 179.98 34.68 0.47 0.31 0.0 1073 5
-0.49 -0.21 0.9 246.84 179.98 34.68 0.47 0.3 0.0 1075 5
-0.97 -0.48 0.65 247.5 178.81 34.52 0.48 0.27 0.0 1082 5
-0.79 -0.77 0.92 248.3 177.25 33.66 0.67 0.44 0.0 1098 5
-0.79 -0.77 0.92 248.3 177.25 33.66 0.67 0.44 0.0 1100 5
-0.66 -0.69 1.02 248.3 177.25 33.66 0.7 0.46 0.0 1103 5
-0.54 -0.63 0.95 248.3 177.25 33.66 0.75 0.49 0.0 1105 5
-0.41 -0.6 0.85 248.3 177.25 33.66 0.75 0.49 0.0 1107 5
-0.41 -0.6 0.85 248.88 176.14 32.89 0.77 0.51 0.0 1111 5
0.78 -0.5 -0.34 250.03 173.98 31.76 0.82 0.5 0.0 1128 5
0.87 -0.49 -0.39 250.03 173.98 31.76 0.83 0.48 0.0 1131 5
0.57 -0.38 -0.3 250.97 171.83 30.53 0.79 0.34 0.0 1144 5
0.26 -0.53 -0.42 251.14 171.29 30.2 0.77 0.32 0.0 1148 5
0.16 -0.97 -0.17 251.76 169.57 29.38 0.66 0.34 0.0 1168 5
0.72 -0.27 -0.74 252.72 167.35 28.82 0.59 0.3 0.0 1184 5
0.64 -0.38 0.4 253.01 166.74 28.84 0.46 0.18 0.0 1193 5
0.24 -0.75 0.56 253.4 165.88 29.0 0.6 0.11 0.0 1199 5
-0.0 -0.91 0.02 253.67 164.88 29.12 0.65 0.11 0.0 1209 5
-0.2 -0.52 -0.11 253.86 164.25 29.25 0.56 0.15 0.0 1213 5
-0.2 -0.52 -0.11 254.02 163.84 29.38 0.53 0.17 0.0 1218 5
-0.2 -0.52 -0.11 254.02 163.84 29.38 0.53 0.17 0.0 1220 5
-0.09 -0.85 -0.21 254.55 162.38 29.49 0.71 0.24 0.0 1232 5
-0.09 -0.85 -0.21 254.55 162.38 29.49 0.71 0.24 0.0 1235 5
0.27 -0.47 -0.14 254.86 161.41 29.37 0.66 0.23 0.0 1243 5
-0.1 -0.4 0.14 254.95 161.16 29.36 0.5 0.16 0.0 1248 5
-0.43 -0.65 0.56 255.44 159.94 29.59 0.49 0.17 0.0 1256 5
-0.43 -0.65 0.56 255.44 159.94 29.59 0.49 0.17 0.0 1257 5
-0.62 -0.9 0.75 255.44 159.94 29.59 0.5 0.18 0.0 1260 5
-0.37 -0.94 0.82 255.44 159.94 29.59 0.72 0.28 0.0 1263 5
0.36 -0.67 -0.77 256.19 157.88 29.46 0.95 0.35 0.0 1275 5
0.36 -0.67 -0.77 256.19 157.88 29.46 0.95 0.35 0.0 1276 5
0.63 -0.33 -1.67 256.97 155.59 29.17 0.56 0.21 0.0 1288 5
0.54 -0.35 -0.69 257.32 154.86 29.26 0.44 0.14 0.0 1294 5
0.12 -0.83 0.51 257.32 154.86 29.26 0.57 0.15 0.0 1300 5
0.12 -0.81 0.04 257.32 154.86 29.26 0.73 0.18 0.0 1303 5
0.12 -0.81 0.04 257.66 153.57 29.06 0.73 0.18 0.0 1307 5
0.12 -0.81 0.04 257.66 153.57 29.06 0.77 0.19 0.0 1309 5
0.1 -0.33 -0.61 257.79 152.84 28.95 0.74 0.18 0.0 1315 5
0.09 -0.31 -0.85 257.79 152.84 28.95 0.74 0.18 0.0 1318 5
0.02 -0.37 -1.02 258.01 152.13 28.98 0.59 0.15 0.0 1322 5
0.02 -0.37 -1.02 258.01 152.13 28.98 0.59 0.15 0.0 1324 5
-0.32 -0.68 -0.7 258.1 151.91 29.04 0.43 0.13 0.0 1330 5
-0.11 -0.82 0.52 258.76 150.67 29.36 0.59 0.24 0.0 1339 5
0.39 -0.49 0.13 259.01 149.63 29.04 0.85 0.26 0.0 1349 5
-0.05 -0.42 -1.37 259.55 147.57 28.86 0.47 0.16 0.0 1366 5
-0.06 -0.52 -1.01 259.55 147.57 28.86 0.41 0.16 0.0 1370 5
-0.07 -0.6 1.06 260.51 145.86 29.18 0.62 0.21 0.0 1385 5
-0.13 -0.55 1.12 260.51 145.86 29.18 0.62 0.21 0.0 1387 5
-0.11 -0.35 0.64 260.65 145.24 29.0 0.74 0.23 0.0 1393 5
-0.14 -0.55 -0.09 260.92 144.25 28.85 0.69 0.21 0.0 1405 5
-0.06 -0.64 -0.0 261.34 143.28 28.92 0.55 0.21 0.0 1412 5
0.08 -0.83 0.96 261.73 142.6 29.04 0.59 0.24 0.0 1419 5
0.09 -0.56 1.1 262.11 141.91 29.11 0.66 0.26 0.0 1424 5
-0.07 -0.3 -0.69 263.09 139.45 29.12 0.85 0.23 0.0 1444 5
0.07 -0.31 -1.1 263.55 138.31 29.19 0.69 0.23 0.0 1452 5
0.07 -0.31 -1.1 263.69 138.03 29.22 0.64 0.23 0.0 1456 5
0.48 -0.69 0.17 264.2 137.12 29.31 0.56 0.26 0.0 1469 5
0.59 -0.59 0.39 264.54 136.48 29.32 0.65 0.26 0.0 1476 5
0.26 -0.39 -0.16 265.03 134.91 29.06 0.74 0.13 0.0 1493 5
0.01 -0.53 -0.47 265.17 134.2 28.97 0.74 0.13 0.0 1498 5
-0.53 -0.75 -0.59 265.49 133.06 28.99 0.65 0.1 0.0 1507 5
-0.62 -0.87 -0.1 265.88 132.24 29.05 0.54 0.2 0.0 1515 5
-0.62 -0.87 -0.1 265.88 132.24 29.05 0.54 0.2 0.0 1517 5
-0.28 -0.81 0.01 266.31 130.98 28.76 0.74 0.32 0.0 1527 5
-0.19 -0.66 -0.34 266.34 130.75 28.66 0.74 0.32 0.0 1530 5
0.21 -0.04 -0.28 266.48 129.53 28.1 0.67 0.33 0.0 1541 5
0.08 -0.08 -0.13 266.74 128.62 27.83 0.59 0.29 0.0 1548 5
-0.07 -0.73 1.03 267.55 126.77 27.5 0.71 0.3 0.0 1569 5
0.05 -0.63 0.81 267.64 126.13 27.26 0.76 0.31 0.0 1574 5
0.11 -0.44 0.12 267.64 126.13 27.26 0.85 0.33 0.0 1576 5
0.06 -0.35 -0.09 267.8 124.84 26.79 0.84 0.32 0.0 1581 5
0.0 -0.47 -0.29 267.91 124.35 26.64 0.67 0.32 0.0 1592 5
0.2 -0.8 0.39 268.54 122.54 26.12 0.7 0.36 0.0 1606 5
0.25 -0.61 0.02 268.74 121.6 25.74 0.75 0.37 0.0 1614 5
-0.03 -0.18 -0.09 269.38 119.25 24.92 0.51 0.3 0.0 1635 5
0.39 -0.4 0.81 269.93 117.76 24.34 0.73 0.4 0.0 1650 5
0.39 -0.4 0.81 269.93 117.76 24.34 0.73 0.4 0.0 1652 5
0.68 -0.08 0.46 270.01 116.83 23.87 0.83 0.39 0.0 1659 5
0.38 -0.33 -0.3 270.13 114.7 23.07 0.8 0.29 0.0 1674 5
1.44 0.49 0.7 269.72 111.85 21.85 1.0 0.15 0.0 1699 5
0.5 0.38 -0.19 269.45 111.37 21.66 1.05 0.05 0.0 1706 5
-0.31 -0.09 -0.61 268.96 110.38 21.47 0.93 -0.09 0.0 1712 5
-0.89 -1.0 -0.94 268.59 108.06 21.21 0.79 0.27 0.0 1728 5
-0.63 -0.92 -0.75 268.59 108.06 21.21 0.8 0.42 0.0 1730 5
0.9 0.54 0.23 268.38 107.2 20.69 0.88 0.4 0.0 1737 5
0.9 0.54 0.23 268.38 107.2 20.69 0.88 0.4 0.0 1739 5
-0.04 -0.28 -0.25 267.24 102.45 18.93 0.93 0.23 0.0 1766 5
-0.09 -0.01 -1.25 267.24 102.45 18.93 0.93 0.23 0.0 1768 5
-0.26 0.2 -1.71 266.98 101.79 18.68 0.85 0.21 0.0 1775 5
-0.26 0.2 -1.71 266.98 101.79 18.68 0.82 0.21 0.0 1777 5
-0.24 -0.16 -0.92 266.22 100.39 18.05 0.54 0.28 0.0 1792 5
-0.04 -0.11 -0.76 265.94 100.0 17.77 0.54 0.28 0.0 1796 5
0.39 -0.24 0.06 265.67 99.64 17.48 0.58 0.32 0.0 1804 5
0.53 -0.07 0.06 265.38 99.11 17.08 0.61 0.32 0.0 1808 5
0.68 0.1 -0.91 264.7 97.5 16.17 0.69 0.28 0.0 1827 5
0.59 0.02 -0.25 260.44 94.13 14.45 0.67 0.1 0.0 1864 5
0.56 0.04 0.19 260.44 94.13 14.45 0.7 0.09 0.0 1869 5
-0.75 -0.51 -1.5 259.59 92.58 14.25 0.77 0.19 0.0 1879 5
-0.75 -0.51 -1.5 259.59 92.58 14.25 0.74 0.22 0.0 1881 5
-0.75 -0.51 -1.5 259.59 92.58 14.25 0.7 0.27 0.0 1883 5
-0.64 0.11 -3.02 258.67 91.2 13.72 0.49 0.28 0.0 1891 5
-0.24 -0.16 -1.2 258.67 91.2 13.72 0.49 0.28 0.0 1893 5
-0.28 0.02 -1.58 257.6 90.45 13.14 0.46 0.29 0.0 1897 5
-0.06 0.16 -1.52 257.25 90.3 12.96 0.41 0.3 0.0 1902 5
-0.06 0.16 -1.52 256.74 90.1 12.71 0.41 0.3 0.0 1908 5
0.42 0.47 -1.49 256.74 90.1 12.71 0.29 0.25 0.0 1917 5
0.41 0.34 -1.89 255.55 89.72 12.15 0.21 0.14 0.0 1930 5
0.0 0.02 -1.76 255.01 89.71 12.03 -0.11 0.05 0.0 1944 5
-0.21 -0.86 -3.59 0.0 0.0 0.0 -0.42 -0.06 0.0 2 6
0.1 -0.82 -2.28 273.32 90.15 4.52 -0.66 -0.01 0.0 11 6
0.59 -1.2 -2.49 273.42 94.38 4.58 -0.75 0.03 0.0 25 6
0.95 -0.82 -1.72 273.42 94.38 4.58 -0.95 -0.17 0.0 29 6
0.23 -1.37 -1.19 273.89 99.85 5.65 -1.13 -0.27 0.0 56 6
0.31 -1.24 -0.56 273.96 100.82 5.9 -1.16 -0.23 0.0 66 6
0.45 -1.18 -0.36 274.05 102.13 6.2 -1.12 -0.22 0.0 73 6
0.95 -0.54 0.31 274.76 107.0 7.74 -0.99 -0.39 0.0 105 6
0.56 -0.44 0.88 274.82 108.14 8.27 -1.06 -0.46 0.0 120 6
0.56 -0.44 0.88 274.82 108.14 8.27 -1.13 -0.5 0.0 122 6
0.19 -1.0 2.23 274.35 111.97 9.93 -0.92 -0.44 0.0 142 6
0.29 -0.84 1.99 274.35 111.97 9.93 -0.83 -0.36 0.0 144 6
0.71 -0.32 1.16 274.19 112.92 10.33 -0.75 -0.32 0.0 153 6
0.79 -0.23 0.95 274.09 113.57 10.6 -0.7 -0.33 0.0 158 6
0.88 -0.32 0.48 274.09 113.57 10.6 -0.69 -0.34 0.0 160 6
0.95 -0.33 -0.28 274.01 114.18 10.87 -0.69 -0.35 0.0 166 6
1.01 -0.4 -0.45 273.89 115.0 11.26 -0.72 -0.38 0.0 169 6
1.01 -0.4 -0.45 273.89 115.0 11.26 -0.75 -0.41 0.0 171 6
1.06 -0.56 -0.51 273.86 115.44 11.49 -0.76 -0.44 0.0 174 6
1.03 -0.55 -0.56 273.86 115.44 11.49 -0.76 -0.44 0.0 176 6
0.76 -0.58 -0.78 273.68 116.6 12.13 -0.81 -0.52 0.0 184 6
0.54 -0.67 -0.53 273.68 116.6 12.13 -0.81 -0.52 0.0 187 6
-0.21 -1.19 -0.14 273.25 118.91 13.51 -0.88 -0.61 0.0 202 6
-0.51 -1.29 -0.2 273.25 118.91 13.51 -0.85 -0.59 0.0 206 6
-0.64 -1.2 -0.92 272.96 120.62 14.46 -0.78 -0.42 0.0 219 6
-0.54 -1.13 -1.1 272.96 120.62 14.46 -0.79 -0.38 0.0 221 6
-0.47 -1.13 -1.07 272.78 121.59 14.84 -0.86 -0.34 0.0 225 6
-0.29 -0.93 -0.93 272.71 122.6 15.18 -0.91 -0.33 0.0 230 6
-0.26 -0.91 -0.55 272.65 123.69 15.55 -0.94 -0.34 0.0 239 6
-0.28 -1.13 -0.53 272.45 124.78 15.85 -0.79 -0.32 0.0 246 6
-0.28 -1.1 -0.48 272.06 125.99 16.08 -0.76 -0.28 0.0 256 6
-0.22 -0.92 -0.64 272.06 125.99 16.08 -0.79 -0.27 0.0 259 6
-0.22 -0.92 -0.64 272.06 125.99 16.08 -0.79 -0.27 0.0 261 6
-0.29 -0.9 -0.65 271.82 127.66 16.51 -0.88 -0.28 0.0 269 6
-0.41 -1.07 -0.65 271.8 128.15 16.68 -0.92 -0.28 0.0 273 6
-0.27 -1.13 -0.37 271.87 129.45 17.08 -0.79 -0.2 0.0 289 6
-0.12 -1.11 -0.47 271.25 132.98 17.74 -1.0 -0.3 0.0 313 6
-0.08 -1.23 -0.32 271.25 132.98 17.74 -1.0 -0.29 0.0 318 6
0.3 -0.64 0.16 270.81 135.29 18.07 -0.88 -0.28 0.0 333 6
0.18 -0.7 0.05 270.38 136.93 18.24 -0.91 -0.33 0.0 340 6
-0.51 -1.32 0.47 269.6 140.75 19.2 -0.94 -0.32 0.0 370 6
-0.46 -1.21 0.82 269.6 140.75 19.2 -0.91 -0.28 0.0 372 6
-0.16 -0.88 0.89 269.42 141.56 19.28 -0.81 -0.21 0.0 383 6
-0.0 -0.71 0.63 269.1 143.27 19.51 -0.78 -0.2 0.0 389 6
0.09 -0.44 0.57 269.01 144.16 19.73 -0.74 -0.2 0.0 397 6
0.05 -0.37 0.38 269.01 144.16 19.73 -0.71 -0.2 0.0 401 6
0.05 -0.37 0.38 269.01 144.16 19.73 -0.7 -0.2 0.0 403 6
0.09 -0.34 0.25 269.01 144.16 19.73 -0.7 -0.2 0.0 405 6
0.2 -0.61 -0.7 268.99 145.39 20.22 -0.73 -0.25 0.0 415 6
0.26 -0.52 -0.75 269.08 146.19 20.71 -0.74 -0.26 0.0 419 6
0.56 -0.24 -0.96 269.09 146.82 21.08 -0.76 -0.31 0.0 427 6
0.03 -0.72 -0.71 268.67 148.59 21.82 -0.87 -0.45 0.0 443 6
-0.32 -1.0 0.38 268.13 150.33 22.26 -0.86 -0.41 0.0 453 6
-0.32 -1.0 0.38 268.13 150.33 22.26 -0.86 -0.41 0.0 455 6
-0.18 -0.81 -0.27 267.53 152.13 22.62 -0.72 -0.33 0.0 470 6
-0.18 -0.81 -0.27 267.53 152.13 22.62 -0.72 -0.33 0.0 472 6
-0.18 -0.81 -0.27 267.45 152.37 22.68 -0.72 -0.33 0.0 475 6
0.06 -0.89 -0.86 267.27 153.04 22.88 -0.76 -0.31 0.0 482 6
0.49 -0.8 -0.33 265.93 157.59 23.41 -0.85 -0.36 0.0 524 6
0.48 -1.15 -0.87 264.75 161.12 23.65 -0.81 -0.31 0.0 543 6
0.44 -0.8 -0.77 264.56 161.67 23.6 -0.79 -0.31 0.0 547 6
0.33 -0.73 -0.65 264.46 161.91 23.57 -0.82 -0.33 0.0 552 6
0.17 -0.56 -0.23 264.08 163.01 23.5 -0.92 -0.39 0.0 562 6
-0.35 -0.64 0.06 264.08 163.01 23.5 -0.92 -0.39 0.0 564 6
-0.54 -0.72 0.29 263.65 164.2 23.56 -0.94 -0.4 0.0 568 6
-0.54 -0.72 0.29 263.65 164.2 23.56 -0.94 -0.39 0.0 571 6
-1.21 -1.22 0.94 263.33 165.13 23.65 -0.84 -0.32 0.0 580 6
-1.21 -1.22 0.94 263.33 165.13 23.65 -0.8 -0.28 0.0 581 6
-1.58 -1.41 1.26 263.33 165.13 23.65 -0.8 -0.28 0.0 583 6
-1.58 -1.41 1.26 262.98 166.21 23.69 -0.75 -0.24 0.0 586 6
-1.41 -1.32 1.04 262.78 167.07 23.58 -0.63 -0.1 0.0 591 6
-1.41 -1.32 1.04 262.78 167.07 23.58 -0.57 -0.02 0.0 596 6
0.5 -0.39 -0.25 262.8 168.63 22.97 -0.63 -0.0 0.0 617 6
0.87 -0.16 0.25 262.8 169.57 22.81 -0.7 -0.09 0.0 624 6
0.9 -0.38 0.64 262.62 170.42 22.68 -0.65 -0.24 0.0 634 6
-0.38 -0.75 -0.18 261.56 172.95 22.88 -0.65 -0.33 0.0 655 6
-0.08 -0.54 -0.23 261.29 173.61 22.96 -0.63 -0.29 0.0 662 6
-0.11 -0.45 -0.23 260.96 174.42 22.92 -0.62 -0.31 0.0 671 6
-0.1 -0.33 0.13 260.88 174.63 22.91 -0.64 -0.31 0.0 676 6
-0.59 -0.38 1.16 260.06 176.62 23.1 -0.63 -0.31 0.0 694 6
-0.58 -0.3 1.01 259.73 177.52 23.13 -0.48 -0.24 0.0 703 6
-0.58 -0.3 1.01 259.73 177.52 23.13 -0.48 -0.24 0.0 705 6
-0.23 -0.02 1.39 259.47 178.14 23.12 -0.45 -0.2 0.0 710 6
-0.33 0.45 1.58 259.29 178.58 23.09 -0.39 -0.2 0.0 719 6
-0.37 0.65 1.32 259.09 179.0 23.06 -0.37 -0.21 0.0 726 6
-0.77 -0.24 2.07 258.62 179.78 22.9 -0.33 -0.27 0.0 739 6
-0.93 -0.41 2.14 258.14 -179.45 22.77 -0.11 -0.04 0.0 756 6
-0.38 0.0 1.9 258.09 -179.33 22.74 -0.05 -0.02 0.0 768 6
-0.17 0.33 2.68 257.85 -179.25 22.53 0.08 -0.19 0.0 786 6
-0.36 0.41 2.58 257.64 -179.24 22.68 0.09 -0.25 0.0 794 6
-1.19 0.08 2.23 257.39 -179.22 22.93 0.11 -0.27 0.0 803 6
-1.4 -0.39 2.39 257.12 -179.27 23.28 0.21 -0.16 0.0 810 6
-0.65 0.31 2.28 256.92 -179.98 23.36 0.52 -0.04 0.0 825 6
-0.65 0.31 2.28 256.92 -179.98 23.36 0.52 -0.04 0.0 826 6
0.12 0.93 0.49 256.67 179.21 23.56 0.45 -0.27 0.0 836 6
-0.14 0.12 -0.11 256.28 178.9 23.66 0.3 -0.36 0.0 848 6
-0.11 -0.3 0.72 255.97 178.77 23.57 0.31 -0.36 0.0 853 6
-1.14 -0.23 1.37 255.14 178.21 23.05 0.56 -0.4 0.0 870 6
-1.27 -0.89 2.08 254.69 177.7 22.88 0.7 -0.31 0.0 878 6
-1.27 -1.15 1.73 254.44 177.16 22.79 0.91 -0.19 0.0 885 6
-0.17 -0.24 0.2 255.01 171.49 23.32 0.93 0.28 0.0 931 6
-0.49 -1.46 0.51 255.68 169.25 23.36 0.95 0.34 0.0 954 6
-0.05 -1.17 0.19 256.37 167.38 23.58 1.03 0.39 0.0 963 6
-0.26 -1.09 0.22 258.31 161.66 23.76 1.06 0.42 0.0 1003 6
-0.43 -0.39 1.19 259.28 158.72 23.24 0.74 0.21 0.0 1023 6
-0.8 -2.09 2.37 259.59 157.93 23.3 1.01 0.32 0.0 1031 6
-0.51 -2.12 0.8 260.59 155.36 23.33 1.28 0.47 0.0 1042 6
-0.13 -0.85 -1.59 262.0 152.12 23.41 1.1 0.51 0.0 1056 6
-0.13 -2.29 0.29 262.58 151.0 23.46 1.01 0.61 0.0 1070 6
-0.13 -2.29 0.29 262.58 151.0 23.46 1.16 0.69 0.0 1072 6
-0.13 -2.29 0.29 262.58 151.0 23.46 1.16 0.69 0.0 1073 6
1.07 -1.09 -0.49 264.29 146.64 21.92 1.4 0.7 0.0 1084 6
0.7 -0.43 -0.85 265.29 144.04 21.31 1.03 0.5 0.0 1096 6
0.47 -1.29 0.15 265.29 144.04 21.31 0.94 0.44 0.0 1099 6
0.48 -1.6 0.37 265.29 144.04 21.31 0.97 0.44 0.0 1101 6
0.97 -1.53 -0.36 266.8 140.08 20.62 1.32 0.53 0.0 1115 6
0.88 -0.56 -1.15 266.8 140.08 20.62 1.22 0.45 0.0 1123 6
-0.25 -2.55 0.18 268.53 134.72 19.9 1.55 0.56 0.0 1137 6
0.06 -1.8 -0.82 269.13 132.04 19.21 1.58 0.64 0.0 1142 6
0.16 -1.44 -1.32 269.13 132.04 19.21 1.55 0.66 0.0 1144 6
0.16 -1.35 -0.39 270.73 128.61 18.67 1.04 0.48 0.0 1164 6
0.05 -1.73 -0.97 271.07 127.67 18.39 1.22 0.54 0.0 1174 6
0.11 -1.54 -1.08 271.26 125.92 17.56 1.27 0.6 0.0 1182 6
-0.02 -1.24 0.15 272.05 122.61 16.1 0.86 0.5 0.0 1200 6
0.17 -1.31 0.8 272.41 121.77 15.79 1.07 0.51 0.0 1209 6
0.17 -1.31 0.8 272.41 121.77 15.79 1.07 0.51 0.0 1211 6
-0.12 -1.22 -1.64 273.67 117.44 14.26 1.06 0.51 0.0 1228 6
-0.15 -1.19 -1.73 273.67 117.44 14.26 0.97 0.55 0.0 1233 6
-0.03 -1.27 -1.65 273.67 117.44 14.26 0.96 0.58 0.0 1236 6
-0.03 -1.27 -1.65 273.67 117.44 14.26 0.96 0.6 0.0 1237 6
1.29 -0.99 -1.45 274.87 113.2 12.2 1.0 0.54 0.0 1255 6
1.36 -0.83 -1.41 274.87 113.2 12.2 0.96 0.51 0.0 1257 6
0.93 -0.96 -0.6 275.24 111.04 11.27 0.84 0.32 0.0 1267 6
0.72 -0.74 -0.31 275.33 110.55 11.12 0.85 0.28 0.0 1274 6
0.88 -0.68 0.16 275.44 109.81 10.9 0.88 0.22 0.0 1281 6
0.4 -1.23 0.14 275.73 107.99 10.58 0.89 0.16 0.0 1289 6
0.25 -1.31 0.09 275.73 107.99 10.58 0.89 0.16 0.0 1292 6
-0.37 -1.29 0.09 276.5 106.11 10.4 0.85 0.28 0.0 1306 6
-0.32 -1.2 0.05 276.5 106.11 10.4 0.87 0.34 0.0 1310 6
-0.19 -0.93 0.14 276.5 106.11 10.4 0.87 0.34 0.0 1312 6
0.22 -1.22 1.49 277.24 104.21 9.86 1.08 0.45 0.0 1323 6
-0.12 -1.63 0.65 277.11 102.0 8.89 1.26 0.49 0.0 1331 6
0.17 -0.92 -1.49 277.04 100.2 8.08 1.3 0.61 0.0 1338 6
1.52 -0.3 -1.2 276.24 94.85 5.6 0.98 0.2 0.0 1372 6
0.73 -0.74 -2.5 275.74 93.14 5.49 0.67 -0.03 0.0 1390 6
2.06 0.04 -1.03 276.75 90.66 5.84 0.9 -0.16 0.0 1413 6
1.5 -0.35 -1.69 276.75 90.66 5.84 1.03 -0.31 0.0 1419 6
1.0 -0.82 -2.12 276.9 89.28 6.29 1.03 -0.36 0.0 1425 6
-0.39 -0.48 -2.81 278.98 86.54 7.79 0.17 -0.36 0.0 1452 6
-0.39 -0.48 -2.81 279.13 86.47 7.94 0.13 -0.16 0.0 1455 6
0.16 -0.37 -1.39 279.21 86.4 8.03 0.16 -0.12 0.0 1460 6
0.16 -0.37 -1.39 279.24 86.36 8.06 0.2 -0.08 0.0 1463 6
0.4 -0.25 -0.99 279.24 86.36 8.06 0.31 -0.01 0.0 1467 6
0.76 0.07 -1.34 278.77 85.9 8.1 0.38 0.06 0.0 1477 6
1.09 0.17 -1.26 278.26 85.51 8.11 0.19 -0.01 0.0 1491 6
1.06 0.09 -1.23 278.26 85.51 8.11 0.11 -0.04 0.0 1493 6
0.46 0.02 -1.7 278.13 85.49 8.27 -0.08 -0.08 0.0 1504 6
0.46 0.02 -1.7 278.13 85.49 8.27 -0.08 -0.08 0.0 1506 6
-0.12 -0.04 -2.5 278.13 85.49 8.27 -0.27 -0.09 0.0 1512 6
-0.75 -1.05 -2.2 278.13 86.1 8.43 -0.5 0.17 0.0 2 7
-0.75 -1.05 -2.2 270.92 90.25 9.21 -0.63 0.24 0.0 7 7
-0.01 -0.13 -0.33 271.14 90.91 8.95 -0.34 0.13 0.0 14 7
-0.01 -0.13 -0.33 271.18 91.03 8.91 -0.34 0.13 0.0 17 7
-0.19 -0.48 -2.0 271.23 91.26 8.83 -0.18 0.03 0.0 22 7
-0.69 -0.77 -2.64 271.24 91.33 8.82 -0.18 0.03 0.0 33 7
0.14 -1.4 -3.7 271.34 91.98 8.66 -0.37 0.23 0.0 47 7
0.39 -1.38 -3.88 271.66 93.05 8.13 -0.6 0.28 0.0 54 7
0.66 -1.13 -3.76 271.82 93.42 7.98 -0.75 0.26 0.0 59 7
0.66 -1.13 -3.76 271.82 93.42 7.98 -0.75 0.26 0.0 61 7
1.16 -1.06 -2.68 272.25 94.37 7.77 -0.94 0.16 0.0 67 7
0.72 -1.66 -1.97 273.24 97.4 7.82 -1.03 -0.1 0.0 88 7
0.66 -1.49 -2.03 273.24 97.4 7.82 -1.09 -0.12 0.0 91 7
0.45 -1.75 -1.72 274.06 100.92 8.43 -1.27 -0.2 0.0 115 7
0.93 -1.44 -0.73 274.45 103.19 8.88 -1.38 -0.22 0.0 126 7
0.61 -1.72 -0.84 275.17 107.35 10.27 -1.42 -0.45 0.0 156 7
1.03 -1.88 -1.03 275.97 110.04 11.51 -1.39 -0.51 0.0 164 7
1.03 -1.88 -1.03 275.97 110.04 11.51 -1.39 -0.51 0.0 169 7
-0.21 -2.57 -1.4 276.46 112.76 13.0 -1.62 -0.7 0.0 188 7
-0.2 -2.6 -0.93 276.62 117.19 15.25 -1.62 -0.7 0.0 197 7
-0.17 -2.52 -0.5 276.62 117.19 15.25 -1.62 -0.69 0.0 199 7
-0.17 -2.52 -0.5 276.62 117.19 15.25 -1.63 -0.66 0.0 204 7
-0.52 -2.28 0.13 276.62 117.19 15.25 -1.67 -0.66 0.0 208 7
0.46 -2.0 1.49 275.53 125.57 18.05 -1.4 -0.6 0.0 231 7
0.55 -2.16 -0.05 274.87 130.7 20.05 -1.44 -0.59 0.0 253 7
-0.1 -2.63 -1.0 273.85 134.24 21.01 -1.53 -0.6 0.0 266 7
0.52 -2.32 -0.04 273.63 135.21 21.28 -1.65 -0.53 0.0 282 7
0.66 -2.35 0.26 273.63 135.21 21.28 -1.62 -0.55 0.0 286 7
0.53 -2.18 0.68 272.35 140.65 22.25 -1.61 -0.6 0.0 293 7
0.14 -2.17 1.04 271.54 143.2 22.58 -1.65 -0.69 0.0 306 7
0.06 -2.26 1.31 270.76 145.77 23.13 -1.68 -0.72 0.0 311 7
-0.58 -2.27 1.75 269.72 149.38 24.22 -1.6 -0.76 0.0 324 7
-0.8 -2.03 1.41 269.4 150.42 24.55 -1.58 -0.75 0.0 328 7
-0.84 -1.99 1.45 268.62 152.85 25.27 -1.53 -0.73 0.0 338 7
-0.84 -1.87 1.5 268.62 152.85 25.27 -1.49 -0.71 0.0 340 7
-1.15 -2.06 1.34 267.64 155.74 25.98 -1.45 -0.71 0.0 350 7
-1.15 -2.06 1.34 267.64 155.74 25.98 -1.45 -0.71 0.0 352 7
-1.07 -2.03 1.41 267.14 157.15 26.31 -1.43 -0.66 0.0 357 7
-1.08 -2.04 1.71 266.99 157.62 26.41 -1.41 -0.64 0.0 363 7
-1.08 -2.04 1.71 266.99 157.62 26.41 -1.36 -0.61 0.0 364 7
-0.95 -1.68 1.12 265.67 161.54 27.38 -1.29 -0.58 0.0 375 7
-0.84 -1.36 0.76 265.17 163.16 27.97 -1.31 -0.56 0.0 384 7
-0.84 -1.36 0.76 265.17 163.16 27.97 -1.31 -0.56 0.0 386 7
-0.82 -1.24 0.76 264.22 166.11 28.79 -1.28 -0.52 0.0 399 7
-0.76 -1.35 1.35 263.77 167.39 28.95 -1.29 -0.52 0.0 405 7
-0.69 -0.86 2.24 262.71 170.67 29.3 -1.15 -0.44 0.0 423 7
-0.64 -0.67 2.17 262.71 170.67 29.3 -1.13 -0.44 0.0 425 7
-0.65 -0.92 2.23 261.42 174.26 30.18 -0.91 -0.49 0.0 435 7
-0.85 -0.96 2.13 261.42 174.26 30.18 -0.91 -0.49 0.0 438 7
-0.85 -0.96 2.13 261.42 174.26 30.18 -0.91 -0.49 0.0 440 7
-1.14 -0.94 1.85 260.56 176.23 30.85 -1.01 -0.46 0.0 444 7
-1.14 -0.94 1.85 260.56 176.23 30.85 -1.01 -0.46 0.0 446 7
-1.49 -0.93 2.12 260.04 177.69 31.78 -1.09 -0.42 0.0 457 7
-1.53 -0.84 1.91 259.68 178.77 32.58 -0.97 -0.4 0.0 463 7
-1.66 -0.67 1.65 259.68 178.77 32.58 -0.85 -0.4 0.0 466 7
-1.79 -0.44 1.5 259.17 -179.87 33.56 -0.75 -0.42 0.0 473 7
-3.18 -0.34 0.96 257.98 -177.53 34.44 -0.75 -0.42 0.0 489 7
-3.18 -0.34 0.96 257.98 -177.53 34.44 -0.78 -0.36 0.0 491 7
-1.7 0.37 4.4 257.44 -174.64 34.32 -0.0 0.04 0.0 532 7
-1.75 0.36 4.26 257.48 -174.64 34.14 0.02 0.03 0.0 537 7
-2.11 -0.06 3.79 257.48 -174.64 34.14 0.14 0.04 0.0 546 7
-1.33 -0.15 2.38 258.13 -176.15 33.46 0.55 0.29 0.0 566 7
-0.88 -0.14 2.02 258.23 -176.37 33.47 0.58 0.31 0.0 571 7
-0.26 -0.54 0.01 262.37 172.65 33.59 1.0 0.5 0.0 639 7
-0.15 -0.67 0.45 263.03 171.16 33.44 0.89 0.45 0.0 648 7
0.3 -1.37 0.31 264.31 167.85 33.11 1.26 0.42 0.0 669 7
-0.23 -1.69 0.55 265.89 163.68 33.97 0.66 0.16 0.0 692 7
-0.38 -2.08 1.1 266.95 160.98 34.26 1.37 0.5 0.0 709 7
-0.34 -2.57 0.91 269.27 156.11 35.09 0.91 0.46 0.0 730 7
0.21 -1.77 -0.36 270.22 154.24 35.14 1.42 0.67 0.0 739 7
-0.38 -2.28 2.02 273.0 148.2 34.79 0.74 0.33 0.0 763 7
-0.38 -2.28 2.02 273.0 148.2 34.79 0.79 0.35 0.0 765 7
0.18 -2.63 2.27 273.83 146.72 34.92 1.31 0.62 0.0 775 7
0.67 -1.45 0.73 274.7 144.67 34.62 1.83 0.77 0.0 784 7
0.49 -0.61 0.05 280.9 130.39 32.41 1.37 0.84 0.0 805 7
0.79 -2.29 1.71 281.22 129.48 32.04 1.19 0.72 0.0 811 7
0.79 -2.29 1.71 281.22 129.48 32.04 1.19 0.72 0.0 813 7
0.92 -2.45 1.74 281.22 129.48 32.04 1.22 0.72 0.0 815 7
1.58 -1.01 1.56 282.53 124.85 30.25 1.57 0.69 0.0 831 7
0.56 -0.74 1.13 282.82 122.87 29.67 1.56 0.43 0.0 841 7
-0.76 -3.21 0.24 283.89 119.97 29.49 1.24 0.38 0.0 851 7
-0.72 -3.62 -0.42 284.71 118.06 29.2 1.67 0.77 0.0 861 7
-0.12 -0.72 -1.73 284.73 113.83 27.05 1.5 0.66 0.0 876 7
-0.12 -0.72 -1.73 284.73 113.83 27.05 1.5 0.66 0.0 877 7
-0.28 -0.91 -1.26 284.73 113.83 27.05 1.42 0.63 0.0 879 7
1.4 -0.57 -1.58 284.73 111.84 26.07 1.34 0.64 0.0 891 7
0.79 -2.56 0.55 282.01 106.01 21.56 1.15 0.34 0.0 907 7
0.32 -2.9 0.73 280.81 104.74 20.71 1.34 0.38 0.0 914 7
0.32 -2.9 0.73 280.81 104.74 20.71 1.34 0.38 0.0 916 7
0.32 -2.9 0.73 280.59 104.46 20.56 1.34 0.38 0.0 919 7
-0.07 -2.36 -0.65 280.59 104.46 20.56 1.57 0.45 0.0 922 7
-0.55 -0.67 -3.21 279.34 101.88 19.33 1.27 0.48 0.0 940 7
-0.62 -1.54 -2.93 279.31 99.3 18.18 0.95 0.57 0.0 950 7
0.56 -1.69 -1.94 278.85 98.13 17.25 1.09 0.7 0.0 960 7
0.94 -0.38 -2.07 275.95 95.47 14.78 1.13 0.61 0.0 984 7
0.93 -0.32 -2.84 271.35 91.96 12.48 0.86 0.26 0.0 1022 7
0.76 -0.6 -3.45 270.84 91.44 12.29 0.73 0.19 0.0 1027 7
0.76 -0.6 -3.45 270.84 91.44 12.29 0.73 0.19 0.0 1029 7
1.3 -0.31 -2.87 268.73 90.43 11.81 0.45 0.1 0.0 1041 7
1.29 0.04 -2.65 268.1 90.34 11.77 0.37 0.0 0.0 1047 7
0.72 -0.05 -1.56 266.68 90.21 11.83 0.24 -0.12 0.0 1054 7
0.79 -0.48 -1.55 266.68 90.21 11.83 0.24 -0.12 0.0 1057 7
0.28 -0.27 -0.67 265.15 90.12 12.05 0.24 0.02 0.0 1073 7
0.35 -0.13 -0.94 264.41 90.04 12.03 0.2 0.04 0.0 1080 7
0.35 -0.14 -0.96 264.41 90.04 12.03 0.2 0.04 0.0 1082 7
0.35 -0.14 -0.96 264.41 90.04 12.03 0.17 0.05 0.0 1083 7
0.65 -0.06 -0.95 263.97 89.98 12.01 0.06 0.05 0.0 1091 7
0.67 0.13 -1.12 263.48 89.97 11.95 -0.0 0.02 0.0 1100 7
0.53 0.17 -1.17 263.44 89.99 11.94 -0.06 0.0 0.0 1105 7
0.13 -0.06 -1.3 263.39 90.06 11.95 -0.13 -0.02 0.0 1109 7
0.13 -0.06 -1.3 263.39 90.06 11.95 -0.13 -0.02 0.0 1111 7
0.13 -0.06 -1.3 263.39 90.06 11.95 -0.13 -0.02 0.0 1113 7
-0.11 0.2 -1.72 263.38 90.22 11.97 -0.21 -0.02 0.0 1119 7
0.03 0.08 -1.11 263.42 90.35 11.98 -0.34 -0.0 0.0 1124 7
