 0.426496667291 0.399054836814 0.29061992964  -0.444713375796 -0.511235244006 -0.0934470158343  -0.211507936508 0.0738775510204 0.0
 0.42606679276 0.399039794253 0.29033107623  -0.444713375796 -0.508350979676 -0.0934470158343  -0.239285714286 0.108571428571 0.0
 0.424626614181 0.398981009711 0.289478832566  -0.444713375796 -0.502773518316 -0.0934470158343  -0.259523809524 0.131632653061 0.0
 0.422708969791 0.39886726457 0.288128118369  -0.444713375796 -0.494845198978 -0.0934470158343  -0.277738095238 0.146265306122 0.0
 0.42053327884 0.398680979934 0.286463091497  -0.444713375796 -0.485945077279 -0.0934470158343  -0.271115079365 0.163516326531 0.0
 0.418572541998 0.398418317403 0.284521707835  -0.448747346072 -0.476450240964 -0.0934470158343  -0.271503571429 0.152511632653 0.0
 0.41740603997 0.398085126435 0.282299062212  -0.443354564756 -0.466274122794 -0.0934470158343  -0.273440515873 0.130362510204 0.0
 0.416838764687 0.397648972309 0.279783044371  -0.435847133758 -0.455837777814 -0.0934470158343  -0.267247257937 0.114509932653 0.0
 0.416650620037 0.397102162899 0.277136166598  -0.423357961783 -0.445313267405 -0.0934470158343  -0.265641579762 0.108405878163 0.0
 0.416751404425 0.396439158757 0.274534168228  -0.404792866242 -0.434575539302 -0.0934470158343  -0.264196469405 0.0886265148367 0.0
 0.416948520162 0.39565092016 0.271885426721  -0.385111881104 -0.423256478739 -0.0934470158343  -0.261308568496 0.083069985802 0.0
 0.417046759556 0.394713153743 0.269021338027  -0.363789652654 -0.411012612537 -0.0934470158343  -0.264265013234 0.0760282933443 0.0
 0.417140125602 0.393609933098 0.265934694859  -0.33961026276 -0.397972930935 -0.0934470158343  -0.270100416672 0.0615275048262 0.0
 0.417243298077 0.392329167977 0.262808440006  -0.312222484892 -0.385141927242 -0.0934470158343  -0.266622121037 0.052558427813 0.0
 0.417367901909 0.390874226771 0.259832693836  -0.279824015596 -0.371610331573 -0.0934470158343  -0.269840861314 0.0261189115623 0.0
 0.417424996563 0.38923973509 0.257150927085  -0.245676008941 -0.357642921392 -0.0934470158343  -0.270356775183 0.0206906938754 0.0
 0.417503727347 0.38743131532 0.254726829474  -0.210484204225 -0.343319787827 -0.0934470158343  -0.270821097664 -0.000521232654969 0.0
 0.417429442192 0.385432868479 0.252437516746  -0.176476123505 -0.328055838738 -0.0934470158343  -0.270445337104 -0.00736706857315 0.0
 0.41735353368 0.383234782856 0.250253473009  -0.140773309456 -0.312346762106 -0.0999025578563  -0.267726200219 -0.015569137226 0.0
 0.417016777719 0.380819479674 0.24797154629  -0.112250118638 -0.296188391116 -0.105590742996  -0.278771040515 -0.0107061010545 0.0
 0.41611552505 0.378173493396 0.245246739931  -0.0940102447784 -0.279224048779 -0.115582216809  -0.2863304444 -0.0328599807449 0.0
 0.414823262699 0.375290729894 0.242107179171  -0.0753650589417 -0.261497822555 -0.117631790499  -0.296308511071 -0.0425943908337 0.0
 0.413087880053 0.372160515048 0.23854116733  -0.0593274914764 -0.242988541699 -0.115091510353  -0.303701469488 -0.0595186252197 0.0
 0.411054678981 0.368769106283 0.234567209212  -0.0435136382948 -0.223859700916 -0.10622791352  -0.307180528888 -0.0727096198406 0.0
 0.408937171981 0.36510540803 0.230083572163  -0.0295996417689 -0.203759479882 -0.0902116995128  -0.312692634729 -0.0886631476525 0.0
 0.406915417614 0.361156431355 0.225070980641  -0.0198371298213 -0.183137943479 -0.068367143447  -0.327970990304 -0.113225404316 0.0
 0.405133543644 0.356909428205 0.219514906423  -0.011157026181 -0.162022883463 -0.0423733036456  -0.335372303972 -0.137372251639 0.0
 0.403301001154 0.352337317976 0.213568530479  -0.00759121740582 -0.140171574793 -0.0167863995904  -0.347589041829 -0.15910441423 0.0
 0.401189452795 0.347424231366 0.207497345213  -0.00639897464613 -0.118266136919 0.00965228908973  -0.347472994789 -0.164377646277 0.0
 0.398277976316 0.342161032908 0.201482641382  -0.00638752728767 -0.0964701913541 0.0344215303391  -0.341019346104 -0.169123555119 0.0
 0.393947223583 0.33654152276 0.195719232507  -0.00669569600264 -0.075052696376 0.0545213992297  -0.336004713081 -0.150945893484 0.0
 0.387934537058 0.330579556725 0.190195586618  -0.00877771875906 -0.0542192047595 0.0699316222787  -0.333872495741 -0.140708446993 0.0
 0.38007680042 0.324279168887 0.18468127767  -0.0139424097282 -0.0335462194181 0.0749092274077  -0.327985246167 -0.121290663518 0.0
 0.370624250917 0.317640284644 0.179090544092  -0.0205014596258 -0.0129690101573 0.0719591085646  -0.323480372344 -0.107896291044 0.0
 0.359961526779 0.31067106385 0.173322299062  -0.0296954750221 0.00757068019761 0.0638228810212  -0.323394239871 -0.10604543745 0.0
 0.348192625712 0.30337306933 0.167271966915  -0.0386070315538 0.0278575454868 0.0511409583271  -0.31776116509 -0.0900939549292 0.0
 0.335400909217 0.295747085796 0.160848398134  -0.0456720184197 0.0479777176754 0.0329062778415  -0.31745330255 -0.0594110900485 0.0
 0.321854755106 0.287786282547 0.154104804967  -0.0469349651977 0.0681669241238 0.0168604734435  -0.323525432612 -0.0460822259416 0.0
 0.307902191421 0.279496132193 0.147037457186  -0.0423391332214 0.0882843925974 0.0029064602039  -0.321847492526 -0.0340862482454 0.0
 0.29409552458 0.270893393938 0.139695601835  -0.0376720988802 0.108361636677 -0.00685069007958  -0.321130997241 -0.0396163989311 0.0
 0.280660173615 0.261985043739 0.132146217269  -0.0329409824104 0.128086261618 -0.0155103226551  -0.311755992755 -0.0343894529155 0.0
 0.267543540531 0.252773766519 0.124409750934  -0.0282583491375 0.147590888469 -0.0241566107306  -0.307286742686 -0.0419300994607 0.0
 0.254708948223 0.243273072179 0.116512379465  -0.0233008794042 0.167311293354 -0.0338871128731  -0.307232671592 -0.0385125997187 0.0
 0.241995543574 0.233485711596 0.108551633617  -0.017565271294 0.186885141504 -0.0421573540828  -0.302422102846 -0.0293144009713 0.0
 0.22936001797 0.223426317637 0.100505281146  -0.0120847526571 0.206290578918 -0.0485043470545  -0.296505289386 -0.0394033690375 0.0
 0.216828578317 0.213105283994 0.0923832064356  -0.00683381454641 0.225203689701 -0.0531204166122  -0.290386506479 -0.0444018076439 0.0
 0.204470472495 0.20253421299 0.084130688441  -0.00232028447181 0.243953614025 -0.0569094711751  -0.278530395514 -0.0386963207571 0.0
 0.192332501312 0.19172197759 0.0755840898279  0.000468007245009 0.262374122161 -0.0608068310003  -0.274209101994 -0.0437654641916 0.0
 0.180386013264 0.180671493728 0.0667208018598  0.0031897840152 0.280047869736 -0.0624874146481  -0.266351683858 -0.03812361165 0.0
 0.168365582063 0.169378843068 0.0574227914603  0.00627632578353 0.297171231722 -0.0659487828057  -0.267216515473 -0.0412092096687 0.0
 0.156025261351 0.157847249809 0.0478036763988  0.0119204554132 0.314310382129 -0.0646791176799  -0.260058355989 -0.0358229825793 0.0
 0.143157053713 0.146092432661 0.0382391787857  0.0193356285556 0.33092826688 -0.0551320341701  -0.251235060073 -0.0330161945255 0.0
 0.129610818276 0.134137801106 0.0293516649861  0.0270708555089 0.346310309366 -0.0438600000588  -0.225040125494 -0.0223268199709 0.0
 0.115374075536 0.122014452421 0.0217197380938  0.0361557020175 0.359825560528 -0.0251889817825  -0.197496430405 -0.0229104645044 0.0
 0.100436521477 0.10974371293 0.0157229490837  0.0467736774633 0.370443710329 -0.00509639298308  -0.152865834983 -0.0111908466254 0.0
 0.0851654962437 0.0973431132566 0.0115344051489  0.0566483267021 0.378527488255 0.0177372414431  -0.107142743548 -0.0169697211465 0.0
 0.0697988075166 0.0848108294848 0.00903273570572  0.0650047254544 0.384111273444 0.0420633954961  -0.0731348184 -0.020129891889 0.0
 0.0542503847031 0.0721378140064 0.00800530024612  0.0715700703187 0.386848740478 0.0623734993083  -0.0377657810044 -0.0229740455573 0.0
 0.038039464248 0.0593074721791 0.00822727678813  0.0810882225225 0.386975841603 0.0794345659426  0.0107330193182 0.00303764471274 0.0
 0.0215128369044 0.046320000859 0.00903749916242  0.0924146444316 0.384911822004 0.0946677232339  0.0456517808785 0.0162440843231 0.0
 0.00538489743379 0.0331772112077 0.00984411746457  0.103776152388 0.381301739962 0.113493277342  0.0572373964414 0.0138441656867 0.0
 -0.00994003305195 0.019885875702 0.0103931572935  0.113046095535 0.376628788796 0.137500831459  0.0684581012417 0.0014801572813 0.0
 -0.0246745915886 0.00645269910231 0.0107464028878  0.122450615493 0.37070717802 0.164710553429  0.0920487990541 -0.00148418497744 0.0
 -0.0390224553497 -0.00711219876969 0.0110022068892  0.131551626131 0.3632114876 0.194071410388  0.118835982641 -0.00619290933684 0.0
 -0.0531450081452 -0.0208052987496 0.0109711950949  0.141441049505 0.354639882469 0.221470603088  0.135007939932 -0.00634912860724 0.0
 -0.066874680579 -0.0346072256486 0.010455269629  0.147050660054 0.345513730415 0.244059230965  0.152737304669 -0.00648972595059 0.0
 -0.0808309745239 -0.0485306302755 0.00967113248278  0.154010137573 0.334793195879 0.260369507625  0.171868336107 0.0076694507261 0.0
 -0.0948600650823 -0.0625643423444 0.00846735271  0.160592138677 0.322735076243 0.273343519103  0.18670531202 0.012249444429 0.0
 -0.108718798682 -0.0767033626751 0.00650863767111  0.166197468334 0.3099355859 0.285629142833  0.196090336374 0.010248989782 0.0
 -0.12216143852 -0.0909297118568 0.003574065035  0.171985364813 0.296651410296 0.298391441704  0.202155905911 0.0125302132528 0.0
 -0.135071175032 -0.105228360378 -0.000134174056459  0.181440756145 0.282480731966 0.317672882186  0.217138728018 0.0084608653969 0.0
 -0.147548457689 -0.119588425591 -0.00448603429821  0.191861436369 0.26750003129 0.335756994699  0.219512156804 0.0109209013062 0.0
 -0.159645147916 -0.133992503478 -0.00938671971432  0.202407776808 0.251583422343 0.354103341514  0.220060941123 0.00497166831843 0.0
 -0.171375155457 -0.148420573111 -0.0147413306479  0.207759355815 0.23537214108 0.37317290992  0.239602466059 -0.0105867230032 0.0
 -0.183963860559 -0.162898563423 -0.020287207876  0.215972804523 0.21765432578 0.382296544629  0.256396187707 0.0141862350114 0.0
 -0.197182128032 -0.177407591744 -0.0260719160853  0.224638793709 0.19869015887 0.384417681883  0.269129584809 0.0466859788572 0.0
 -0.210661361259 -0.191940340117 -0.03202276286  0.234985954678 0.178032290604 0.383281638421  0.286145197757 0.0494051360735 0.0
 -0.224240445493 -0.206488059387 -0.0380149259305  0.242493728637 0.155667542741 0.379214132313  0.303840201791 0.0375666632825 0.0
 -0.238152186962 -0.221052056308 -0.0440347765481  0.245216754924 0.132545476309 0.370194058911  0.315003800659 0.0371161194032 0.0
 -0.25253974205 -0.235628016704 -0.0502318210037  0.242253465844 0.109009560783 0.355011437429  0.334574849165 0.0530371605241 0.0
 -0.26728260036 -0.250219099299 -0.0568779060966  0.237144892083 0.0848699531284 0.334526128035  0.341077681709 0.0551211995738 0.0
 -0.282064411203 -0.264812182819 -0.0642302653903  0.227770105635 0.060746837577 0.311948058471  0.354073088141 0.0488335694123 0.0
 -0.296948229653 -0.279394987268 -0.0726709883632  0.213281842417 0.0375391369031 0.287730110115  0.364181652343 0.0513379675731 0.0
 -0.312109172479 -0.293949406862 -0.0822552666229  0.19514686412 0.0140600193671 0.262888889603  0.364549201394 0.0454286606117 0.0
 -0.327369333214 -0.308459837569 -0.0933154107973  0.173199056689 -0.00910355832714 0.236755908073  0.36487999554 0.0401102843465 0.0
 -0.342920624469 -0.3229013615 -0.105752220648  0.147713545925 -0.0324212662647 0.206049866595  0.367558662653 0.0618543579526 0.0
 -0.359250605119 -0.337260295135 -0.119364440032  0.123290386661 -0.0559872204463 0.168548412214  0.372350415435 0.0875464731778 0.0
 -0.376580486789 -0.351511390057 -0.134045427163  0.100354129312 -0.0796305575473 0.125661902296  0.376662992939 0.120873458513 0.0
 -0.394700360594 -0.365615438504 -0.149857608548  0.0729174424951 -0.103623446785 0.0870640433693  0.378957011106 0.146786112662 0.0
 -0.412308207626 -0.37952095226 -0.166940918929  0.0468443818974 -0.127480646952 0.0523259703356  0.3754660719 0.123168725885 0.0
 -0.428427720134 -0.393196887251 -0.185447249225  0.0239094129221 -0.150680251723 0.0210617046054  0.381054385345 0.112117159419 0.0
 -0.442646459616 -0.406607940228 -0.205510947546  0.00125095570634 -0.172922923885 -0.016698546245  0.368623549985 0.0817625863345 0.0
 -0.455015696824 -0.419731704914 -0.227241033273  -0.0176554562125 -0.19473030291 -0.0462978755425  0.371721512447 0.0605659195378 0.0
 -0.466068800841 -0.432566177457 -0.250621662334  -0.037006683415 -0.215914690168 -0.0714756397544  0.36736682152 0.0394481030942 0.0
 -0.475655380053 -0.445070670768 -0.275590498105  -0.0600491148612 -0.23692782137 -0.0941356275451  0.363447599685 -0.0224150745621 0.0
 -0.484254324177 -0.457258228169 -0.301896893542  -0.0763287044367 -0.258042389848 -0.114529616557  0.351190141304 -0.00870417935083 0.0
 -0.492436770352 -0.469143430519 -0.329604538763  -0.0924665346299 -0.278603247613 -0.132884206667  0.347301285904 0.00159481001282 0.0
 -0.500185207125 -0.480717531279 -0.358567344209  -0.10136425484 -0.298994352814 -0.149403337767  0.347769570012 0.0129047167666 0.0
 -0.506845482513 -0.491950137221 -0.388947860082  -0.109372203029 -0.319366549515 -0.164270555756  0.338667216185 0.000634653253243 0.0
 -0.51312124359 -0.502849639818 -0.42099108111  -0.116579356399 -0.33895502539 -0.177651051947  0.305078272344 0.0304079226218 0.0
