 0.136746401699 0.265370467437 0.0292364365321  -0.101175271739 -0.0203716641051 -0.34752688172  -0.0371339563863 0.0139726027397 0.0
 0.13673344806 0.265369041079 0.0292141443139  -0.102873641304 -0.0202235573564 -0.34876757651  -0.0402492211838 0.0208219178082 0.0
 0.136723636426 0.265365953383 0.0291366827192  -0.104809782609 -0.0199784826044 -0.350711331679  -0.0446105919003 0.0256164383562 0.0
 0.136734467243 0.26536147737 0.0289773772316  -0.10675611413 -0.0195623026408 -0.353618693135  -0.0466666666667 0.0271917808219 0.0
 0.136790910538 0.265355126309 0.0287002883747  -0.109323029891 -0.0190116892553 -0.356979735318  -0.0491401869159 0.0272397260274 0.0
 0.136911175767 0.265346279901 0.0282714101417  -0.113059884511 -0.0182814019841 -0.361079942101  -0.0523009345794 0.0259130136986 0.0
 0.137072043722 0.26533396897 0.0276714604947  -0.117306205842 -0.0175067758279 -0.365514545079  -0.0551456074766 0.0247189726027 0.0
 0.137236839204 0.265314141738 0.0268890608957  -0.122554525476 -0.0166587110717 -0.370746382548  -0.0580173395639 0.0277539246575 0.0
 0.137385209451 0.26528222027 0.0259129374071  -0.128840513145 -0.0157724962451 -0.376695731059  -0.0609134249221 0.0345949705479 0.0
 0.137559273713 0.265237263062 0.0247473908541  -0.1358565977 -0.0148407684873 -0.38304270055  -0.0638314282243 0.0393820488356 0.0
 0.137853750661 0.265182105183 0.0234233504966  -0.142374878148 -0.0138764624923 -0.389085825036  -0.0670806841558 0.0354712412123 0.0
 0.13834009161 0.265120394248 0.0219641136247  -0.147494047942 -0.012868863749 -0.394359211101  -0.0709395939333 0.0251021992829 0.0
 0.138979448871 0.26505012034 0.0203724673852  -0.1511502138 -0.0117831789949 -0.399187971546  -0.0744126127331 0.0171399245601 0.0
 0.139690652784 0.264967726635 0.0186414663947  -0.153829350028 -0.0106216278971 -0.40427827282  -0.0769152766935 0.0154533293643 0.0
 0.140409408614 0.264869835008 0.0167570361699  -0.155425355243 -0.00933311328401 -0.409521247854  -0.0816598860958 0.0139353936882 0.0
 0.141129706392 0.264755006734 0.0147052340165  -0.155435129501 -0.0078800311019 -0.414405351357  -0.0865530875174 0.00982952555224 0.0
 0.141827507803 0.264617595167 0.0124886830657  -0.155851535029 -0.00628163257463 -0.419628174368  -0.090645442317 0.00887397025729 0.0
 0.142519238164 0.26445503986 0.0101042627405  -0.155682821744 -0.0045608327376 -0.424411428064  -0.0968207734747 0.00527424446443 0.0
 0.143256680958 0.264266106179 0.00754109544782  -0.155395110222 -0.0026460377131 -0.42813736549  -0.102067045037 -0.00070523477653 0.0
 0.144120251131 0.264047173685 0.00476413875803  -0.154117148113 -0.000542674685122 -0.430084588411  -0.111773113119 -0.0129360811619 0.0
 0.145151988352 0.263792097099 0.00174258170116  -0.151064808301 0.00187012289377 -0.429769264392  -0.120820100872 -0.0239438429087 0.0
 0.1463601685 0.26349208467 -0.00154381526503  -0.148317702471 0.00436579888161 -0.428741055902  -0.12927391633 -0.0324809654672 0.0
 0.147791806848 0.263142292071 -0.0051355811572  -0.14469041592 0.00706181645048 -0.425830556598  -0.143735932797 -0.0470136908383 0.0
 0.149445563112 0.262732445454 -0.00905481744269  -0.139999227589 0.00984033509885 -0.421556847505  -0.155505641698 -0.0559835546311 0.0
 0.151335642332 0.26225152154 -0.0133035410646  -0.135165745047 0.0127461995909 -0.416552527519  -0.165475326749 -0.0613167060173 0.0
 0.153556950229 0.261694634563 -0.0178842611576  -0.130000393368 0.0157051970693 -0.410477092799  -0.176628728654 -0.0770754463745 0.0
 0.156166971514 0.261054346248 -0.0228025781091  -0.123381468162 0.0188126150458 -0.401783395099  -0.188224422767 -0.0939980387234 0.0
 0.159170597508 0.260318623818 -0.0280603840259  -0.116880957215 0.0219809553296 -0.391973955506  -0.19679138859 -0.107858508824 0.0
 0.162603514661 0.259476261033 -0.0336809195351  -0.111302236494 0.025215303558 -0.381408487168  -0.208863028547 -0.123072657941 0.0
 0.166532926941 0.258518772989 -0.0396796137461  -0.104583018279 0.0286431933503 -0.367846629353  -0.223777348745 -0.146354433243 0.0
 0.170970775723 0.257435358647 -0.0460402612413  -0.0969732218861 0.0321642310085 -0.35133988205  -0.234396498606 -0.167308031015 0.0
 0.175860826796 0.25620837676 -0.0527467924111  -0.0903282094801 0.0358305800188 -0.333092577055  -0.241461521642 -0.182056679968 0.0
 0.181164173812 0.254824490136 -0.0598186662301  -0.0839400896191 0.0396332981801 -0.312617066247  -0.253739045491 -0.200809916081 0.0
 0.186763856391 0.253268903916 -0.0673057447928  -0.0758809991354 0.0436258157842 -0.288151058547  -0.267592555272 -0.216317965569 0.0
 0.192587849721 0.251526627549 -0.0752498557348  -0.0687636872654 0.0477276746138 -0.263071271138  -0.278503081676 -0.231645073121 0.0
 0.198554684548 0.249580832312 -0.0836564918652  -0.0650754978867 0.0524533003339 -0.236942804073  -0.292060873197 -0.239960017864 0.0
 0.204607047287 0.247413722909 -0.0925178401214  -0.061552323098 0.057147889261 -0.210863081152  -0.305820517965 -0.247443468132 0.0
 0.210741639926 0.245006928501 -0.101812815287  -0.0595363570925 0.0621331143072 -0.184661801986  -0.316023512897 -0.254178573374 0.0
 0.217016107505 0.242343782163 -0.111492739929  -0.0609149224702 0.0678382044414 -0.157110427412  -0.328009946654 -0.268459346174 0.0
 0.223390487362 0.239408889398 -0.121504205101  -0.062359435658 0.0735316789533 -0.128178540998  -0.339420789995 -0.281312041693 0.0
 0.229758396359 0.236185177091 -0.131795276381  -0.0648823236139 0.0793320670171 -0.0989140367744  -0.347821390123 -0.28876987862 0.0
 0.23598574473 0.232656106288 -0.142306713756  -0.0689871619047 0.0852091160091 -0.0715834271416  -0.35413582432 -0.291372342813 0.0
 0.241982986585 0.228808300644 -0.152984089177  -0.0746516250621 0.091370333792 -0.0446699148658  -0.361999500455 -0.290974834559 0.0
 0.24766900107 0.224630772817 -0.163776914488  -0.0819235549472 0.0976839082094 -0.0190416330566  -0.366896123618 -0.289247214117 0.0
 0.252988811317 0.220114724996 -0.174620576069  -0.090506335322 0.104000469184 0.00352754265597  -0.369745452066 -0.283582766677 0.0
 0.257868755304 0.215251865915 -0.185459403291  -0.0993177941811 0.110300156791 0.0241706527411  -0.372932900629 -0.274375174941 0.0
 0.262304291035 0.210038866193 -0.196234620528  -0.108199194111 0.116598630703 0.0428321648036  -0.374243971937 -0.267458205392 0.0
 0.266263766892 0.204472024968 -0.206860386808  -0.118026693178 0.122834534015 0.0573942750395  -0.371997144836 -0.255753480743 0.0
 0.269727074191 0.198550386684 -0.217267841575  -0.128366007556 0.129092368863 0.0685150625894  -0.370909579886 -0.249328817601 0.0
 0.272736999934 0.192279000037 -0.227396516275  -0.139233890496 0.135302874885 0.0784410583982  -0.370553824389 -0.250395935841 0.0
 0.275221688508 0.185658416276 -0.237183680758  -0.151120963403 0.141442840296 0.0864646117809  -0.365872273726 -0.243137164174 0.0
 0.277110699109 0.178686537274 -0.246579101654  -0.162566611628 0.147443868548 0.0909562812893  -0.358855139811 -0.229754954606 0.0
 0.278419035759 0.171369670138 -0.255566727282  -0.173886716769 0.153400892899 0.0945025059313  -0.355343457606 -0.220450692022 0.0
 0.2791382868 0.16371682849 -0.264176828889  -0.184957963571 0.159270807801 0.0957917094325  -0.351871417141 -0.21344671871 0.0
 0.279270345774 0.155733728339 -0.272402728974  -0.196756324822 0.165056735265 0.0931471952303  -0.349681160162 -0.208513005744 0.0
 0.278807045489 0.14743020846 -0.280138161892  -0.208937349949 0.170264069982 0.0918424012656  -0.345840770003 -0.205442527087 0.0
 0.277554185344 0.138814094286 -0.287237737857  -0.220647555171 0.174950671227 0.0895101048942  -0.333350150946 -0.190350329173 0.0
 0.275410863987 0.129902497317 -0.293542941531  -0.232341631176 0.179168612348 0.0837716667787  -0.324600805634 -0.18772625516 0.0
 0.2722047872 0.120716780924 -0.298815122582  -0.244836408276 0.182964759357 0.078110794559  -0.309561285818 -0.18262486252 0.0
 0.267608541615 0.111268396385 -0.302729667828  -0.256217577231 0.186381291665 0.0702864810254  -0.283876185274 -0.161595252981 0.0
 0.261402230556 0.101572402916 -0.30490557166  -0.266256824942 0.189456170742 0.0635754507888  -0.244248691357 -0.144038467409 0.0
 0.25336176817 0.0916334469632 -0.305011040291  -0.274001387013 0.192223561912 0.0591070703088  -0.193942202283 -0.109059278202 0.0
 0.243342288539 0.0814532720247 -0.302896811421  -0.278593775486 0.194714213964 0.0578150564127  -0.144304991401 -0.0789478709298 0.0
 0.231351530169 0.071032809419 -0.2985370406  -0.280281272937 0.196955800811 0.0572312348079  -0.0934009720116 -0.0532174673984 0.0
 0.217355383545 0.0603653458721 -0.291937074706  -0.278946759774 0.198962051106 0.0552996746025  -0.0394876660877 -0.0177313370969 0.0
 0.201372656361 0.0494369392726 -0.283173396153  -0.274077219666 0.200046703897 0.0528168535442  0.00591904444631 0.0169459062018 0.0
 0.183762161986 0.0382403581449 -0.272300573549  -0.266569633569 0.200321480203 0.0557932327059  0.0511464546434 0.0385663840748 0.0
 0.164852834033 0.0267568176708 -0.25941948737  -0.254174219125 0.199657782651 0.0584719739515  0.0918511238208 0.0635042662152 0.0
 0.145051185295 0.014971538785 -0.244720582958  -0.239281933082 0.198420521921 0.0608828410725  0.12848532608 0.0654004149362 0.0
 0.124367218836 0.00287066135038 -0.22844852819  -0.221259310426 0.196298184693 0.0630526214813  0.163325266993 0.0931343460453 0.0
 0.102726213996 -0.00957267587009 -0.210830350899  -0.200283515253 0.193320594811 0.0650054238493  0.193746634374 0.119464747057 0.0
 0.0802700270435 -0.0223629751164 -0.192016886328  -0.176446060467 0.189919791443 0.0667629459805  0.212091597105 0.136312792899 0.0
 0.0571881774922 -0.035517064295 -0.172098944211  -0.149557568551 0.185998372589 0.0683447158986  0.243866861071 0.150106171144 0.0
 0.0336833725929 -0.0490509664147 -0.1511561868  -0.122368795391 0.181619577667 0.0697683088249  0.267480174964 0.15019144444 0.0
 0.00977050699674 -0.0629656499126 -0.129347382188  -0.0906978125913 0.17697725103 0.0710495424585  0.271286674601 0.153007916435 0.0
 -0.0146476767471 -0.0772773135952 -0.106731594797  -0.0553325150278 0.171960816971 0.0722026527288  0.298388536736 0.174720823421 0.0
 -0.039703695046 -0.0920069786544 -0.0833477231017  -0.0201749428729 0.166507085421 0.073240451972  0.324337845056 0.212070658887 0.0
 -0.0653355703499 -0.107155297496 -0.059424788023  0.0208418720666 0.160696114199 0.074174471291  0.323081630644 0.237466332725 0.0
 -0.0912574260486 -0.1227156519 -0.0350747944433  0.0622407011643 0.1548318961 0.075015088678  0.340019573499 0.245253946028 0.0
 -0.117335480842 -0.138692233811 -0.0102776651817  0.0997034517 0.148740909927 0.0757716443263  0.360248145744 0.26322170211 0.0
 -0.14342676453 -0.155083164871 0.0148042286118  0.137631883704 0.142445832488 0.0764525444098  0.35882769254 0.268433778474 0.0
 -0.169232536506 -0.171874612991 0.0400948717301  0.17496040729 0.136115179657 0.077065354485  0.363779814252 0.242987660901 0.0
 -0.194737137198 -0.189069402185 0.0656249095053  0.208216404605 0.12984752085 0.0776168835526  0.375401832827 0.24063410029 0.0
 -0.220021154044 -0.206668977136 0.0913379504319  0.241135932622 0.123390643573 0.0781132597135  0.375892802192 0.245365210809 0.0
 -0.244941629106 -0.224660032787 0.117187769078  0.274635790447 0.116945110024 0.0785599982583  0.381319098297 0.235924580139 0.0
 -0.26937654 -0.243038927563 0.143152312561  0.304445988576 0.110339323348 0.0789620629486  0.391187188467 0.230167738564 0.0
 -0.2932964769 -0.261801587636 0.169136399709  0.333381145153 0.10363122586 0.0793239211698  0.387295883951 0.222246855118 0.0
 -0.316781763805 -0.280937556467 0.195053128169  0.364178220855 0.0970210723952 0.079649593569  0.385351342285 0.216487923031 0.0
 -0.339966527607 -0.300440967161 0.220857180254  0.391352110726 0.0904403847449 0.0799426987282  0.393881628617 0.22500351429 0.0
 -0.362971699762 -0.320297523144 0.24639093664  0.413566763784 0.0838331214555 0.0802064933715  0.387851721207 0.231297683409 0.0
 -0.385756676494 -0.340479270348 0.271467755517  0.431521908058 0.0773863749101 0.0890460590881  0.37930953974 0.220524079451 0.0
 -0.408062244888 -0.360954783953 0.295964604269  0.447681537904 0.0712154333811 0.0933622968518  0.371621576421 0.175211397533 0.0
 -0.429585307599 -0.381695573097 0.319884844735  0.462225204766 0.0653262499703 0.0971641978531  0.365325462392 0.123471079698 0.0
 -0.45028264428 -0.402699051658 0.343257839926  0.475314504942 0.0595956369895 0.100916760698  0.353428430172 0.112521232002 0.0
 -0.470120163318 -0.42396349579 0.366115903981  0.4870948751 0.0541167216069 0.103384224413  0.343967207092 0.11910472524 0.0
 -0.489072871539 -0.445476125405 0.388456876579  0.497697208242 0.0487581443183 0.102792700235  0.341994162395 0.130509321209 0.0
 -0.50721049848 -0.467212826372 0.410176666774  0.50723930807 0.0435078713145 0.0979592532056  0.334299419053 0.138033731554 0.0
 -0.524546606767 -0.48915697584 0.431177017312  0.515827197915 0.038405372572 0.0874056769339  0.322078199889 0.144805700865 0.0
 -0.540951998996 -0.511298460931 0.451488142046  0.523556298776 0.033363214524 0.0717866973298  0.314194367439 0.174188144477 0.0
 -0.556634387835 -0.533631568094 0.471225935687  0.53051248955 0.0281462168106 0.049871882022  0.315198606708 0.217070699892 0.0
