 -0.586471067403 0.321486135121 0.197907015502  0.304389937107 -0.0649267898898 -0.574973474801  -0.0709433962264 -0.00318181818182 0.0
 -0.586516854077 0.321482661105 0.197906701117  0.302503144654 -0.0648182273689 -0.575769230769  -0.0693261455526 0.00863636363636 0.0
 -0.586604376372 0.321473741657 0.197881700083  0.298352201258 -0.0645618528004 -0.577015915119  -0.0662533692722 0.0174545454545 0.0
 -0.586570751607 0.321461491542 0.19771927422  0.28920754717 -0.0640611012137 -0.577209549072  -0.0669919137466 0.0153909090909 0.0
 -0.586236184238 0.321446389895 0.197275544254  0.275820125786 -0.0633571122369 -0.576322811671  -0.0725083557951 0.00626090909091 0.0
 -0.585593500902 0.321422665692 0.196457152816  0.257545031447 -0.0624869115355 -0.57479530504  -0.0766645283019 0.00440754545455 0.0
 -0.58474866614 0.321381558299 0.195223926511  0.241097446541 -0.0613696923784 -0.57395105305  -0.0790573746631 0.0109213363636 0.0
 -0.583758197569 0.321316426824 0.193605581365  0.226294620126 -0.0601053152795 -0.575047990186  -0.0782459768194 0.0222382936364 0.0
 -0.582636388328 0.321218295168 0.191626228409  0.212972076352 -0.0588782989503 -0.577029928568  -0.0794025112129 0.0369690097273 0.0
 -0.581264108451 0.321081193691 0.189279384484  0.200981786956 -0.0575262390141 -0.580471498045  -0.0839474352938 0.0393175633 0.0
 -0.57937913802 0.320900663337 0.186521627164  0.190190526499 -0.0561395821542 -0.582905780601  -0.0893855758615 0.0314312615155 0.0
 -0.576770521512 0.320667673405 0.183265559031  0.180478392088 -0.0547384899893 -0.58390300095  -0.0956276112672 0.0188790444548 0.0
 -0.573317632319 0.320369165083 0.17941006924  0.171737471119 -0.0532186271835 -0.582413231359  -0.103671319143 0.00394568546388 0.0
 -0.569016515789 0.319991222522 0.174841809664  0.158587623378 -0.0516002217639 -0.578817796817  -0.1138756158 -0.00767615580978 0.0
 -0.563867975207 0.319520004743 0.169451157521  0.151155276134 -0.0499209645357 -0.573857767798  -0.122789941013 -0.017226722047 0.0
 -0.557822738809 0.3189419713 0.163121349824  0.148428427766 -0.0480561089239 -0.567139099772  -0.13189100082 -0.0267313225696 0.0
 -0.550776635628 0.318246350114 0.155727689706  0.148615773669 -0.0459518397529 -0.558307152659  -0.146011873784 -0.0416490994035 0.0
 -0.542622180942 0.317419355729 0.14716008307  0.149979353535 -0.0435207522034 -0.547506941372  -0.164111495031 -0.0550750985541 0.0
 -0.533254067974 0.316446134603 0.137378130406  0.148061921326 -0.0406201578872 -0.535731048296  -0.179053445258 -0.0671584977896 0.0
 -0.522559568854 0.315311237793 0.126427016154  0.141241892715 -0.0373109257529 -0.523673858586  -0.194657534694 -0.0798517389197 0.0
 -0.510466620506 0.313999478244 0.114350780031  0.134852294639 -0.0336784580523 -0.509904615963  -0.214361592546 -0.0940029286641 0.0
 -0.496884036892 0.312496948842 0.101205713418  0.129982159514 -0.0298218860473 -0.494130334738  -0.233442953507 -0.114920817616 0.0
 -0.481867921327 0.310787672514 0.087091242022  0.123838031613 -0.0255325768547 -0.476153640787  -0.24845984414 -0.128292372218 0.0
 -0.465498055851 0.308854968628 0.0721528263852  0.114849197005 -0.0209345301702 -0.45798522631  -0.255775584793 -0.139417680451 0.0
 -0.447663573745 0.30668996366 0.056481156636  0.104998239569 -0.0161560476465 -0.438119064422  -0.27071554653 -0.163975912406 0.0
 -0.428273767365 0.304286005707 0.040117998001  0.0966984156122 -0.0110899084202 -0.413475592993  -0.289013264114 -0.196078321165 0.0
 -0.407347967296 0.301631782917 0.0231536882333  0.0878449262522 -0.00575652719847 -0.385063046956  -0.302516250371 -0.224970489049 0.0
 -0.385072896825 0.29871225367 0.00570303527226  0.0779271002936 -0.000213248379078 -0.35431934173  -0.313860312665 -0.243700712871 0.0
 -0.361643618214 0.295514407196 -0.012130302449  0.0674287298869 0.00550502000632 -0.32207441021  -0.322722259836 -0.255103368857 0.0
 -0.337241697165 0.292028239556 -0.0302447231147  0.0565965487221 0.0112499472452 -0.290401451947  -0.331237095847 -0.253547577425 0.0
 -0.312051132654 0.288249273891 -0.0485196791366  0.0440802900763 0.0173918771393 -0.260967407548  -0.336205030467 -0.241238274228 0.0
 -0.286195443259 0.284174558975 -0.0667916265275  0.0293565377983 0.0235626382061 -0.237195600481  -0.335554877824 -0.221978083169 0.0
 -0.259689100628 0.279805074942 -0.0849184329009  0.0141554752134 0.0298178040704 -0.217392486056  -0.337934700015 -0.21100754758 0.0
 -0.232367902133 0.275150410367 -0.102776921926  -0.000154411930581 0.0359874822983 -0.196983476177  -0.340076539987 -0.224770429185 0.0
 -0.204126531965 0.27021722587 -0.120269283567  -0.01517167514 0.0422639428425 -0.17277982352  -0.339039236392 -0.245338840812 0.0
 -0.175024719838 0.265003938761 -0.137346746335  -0.0317689730348 0.0485056757156 -0.146420939311  -0.336488412483 -0.264759502185 0.0
 -0.145219030176 0.25951089569 -0.153994092524  -0.0500398744735 0.0548052306248 -0.115735078802  -0.336079463418 -0.280419915603 0.0
 -0.115024998606 0.253735060325 -0.170235856075  -0.0679302266488 0.0611512580578 -0.0800276186667  -0.334094158586 -0.287241560407 0.0
 -0.0847090414779 0.24767585025 -0.186135122786  -0.0864843737952 0.0675558126885 -0.0427184907523  -0.334463718469 -0.287926495275 0.0
 -0.0545395405283 0.241335168255 -0.201747381913  -0.105698829497 0.0739545850551 -0.00748245069565  -0.333987697026 -0.282179300293 0.0
 -0.0247237057473 0.234712354659 -0.217062759529  -0.125822028309 0.0804066101261 0.023964733366  -0.332211568833 -0.271552279355 0.0
 0.00453454971477 0.227809127549 -0.232044818167  -0.144750517302 0.0866003606489 0.0528640159975  -0.331152137017 -0.254715233237 0.0
 0.0331109641779 0.220628349213 -0.24665098775  -0.162981125949 0.0929931305076 0.07927124835  -0.326425063477 -0.239561891732 0.0
 0.0610061999104 0.2131769686 -0.260837607288  -0.180269176876 0.0992866523305 0.105292399377  -0.326483365755 -0.23228752074 0.0
 0.0881838040965 0.205463357744 -0.274570533743  -0.196771818937 0.1055409567 0.133618597105  -0.32518812891 -0.226649677757 0.0
 0.114472309447 0.19749543139 -0.287831272348  -0.213322309999 0.111840691338 0.158714297076  -0.318092496612 -0.210666528163 0.0
 0.139742579358 0.189283737664 -0.300588107623  -0.229349827427 0.11822028438 0.17805109018  -0.313323678217 -0.199918057165 0.0
 0.164011272616 0.180847183504 -0.312745582362  -0.24585006481 0.124565971119 0.196515211932  -0.30957082522 -0.196608069631 0.0
 0.187151621029 0.172204705797 -0.324167649147  -0.262712857071 0.130825469096 0.213994990473  -0.300263338386 -0.185447262667 0.0
 0.208948334121 0.163374445353 -0.334665334023  -0.278958552496 0.136820892346 0.228400531214  -0.29053889134 -0.169947990946 0.0
 0.2291537308 0.154381172016 -0.343976175227  -0.29433439536 0.142216773271 0.242094960851  -0.274509260966 -0.150544100942 0.0
 0.247499150018 0.145248072609 -0.351759797744  -0.307732402365 0.147073066103 0.252762122591  -0.245796879344 -0.128535145394 0.0
 0.263780308957 0.135996390969 -0.357749175691  -0.318972998606 0.151443729652 0.262561507149  -0.221033903 -0.110545267218 0.0
 0.27780476969 0.126646434757 -0.361758181669  -0.328649283651 0.155377326846 0.272508274206  -0.190121887363 -0.0916271041325 0.0
 0.289386443691 0.117205181009 -0.363634908708  -0.335596933902 0.15891756432 0.279338348642  -0.150710776793 -0.0636916664465 0.0
 0.298441587622 0.107670704706 -0.363339251343  -0.337698875732 0.161702931817 0.284755972664  -0.11038902526 -0.0303679543473 0.0
 0.305152089758 0.0980407487564 -0.360954482873  -0.335817038474 0.163594574945 0.289167643302  -0.0719431146475 -0.00492206800351 0.0
 0.30983064283 0.0883122087403 -0.356604907693  -0.330915837771 0.164620625746 0.290883504966  -0.0346463773067 0.0116155933423 0.0
 0.312902348829 0.078480820879 -0.350438682476  -0.325561360912 0.164914965576 0.289974199562  -0.0024270225949 0.00740857946261 0.0
 0.314515075281 0.0685368060599 -0.342569314938  -0.32042786633 0.164539630916 0.289752641675  0.0298048979934 0.0108949942436 0.0
 0.314685699008 0.0584608026926 -0.333140680557  -0.313858035672 0.163469728619 0.289486926579  0.0596222518599 0.0231236766374 0.0
 0.313642037933 0.0482434597806 -0.322290944963  -0.30687600569 0.161989056838 0.288253088033  0.0888837463504 0.0286749453373 0.0
 0.311590968403 0.0378736971025 -0.310170094801  -0.299837461725 0.159996726145 0.285617434402  0.115219091392 0.0327619962581 0.0
 0.308683998108 0.0273399715324 -0.296940675745  -0.291930445112 0.15749658031 0.28384216311  0.132451899234 0.0364403420869 0.0
 0.305020885513 0.0166352292278 -0.282700063321  -0.283178910035 0.154647963365 0.281780227966  0.154160887208 0.0452053987873 0.0
 0.300749489475 0.0057447425201 -0.267535807609  -0.273981773748 0.151435616645 0.277935096416  0.171003558595 0.0503666770904 0.0
 0.296039738795 -0.00533299349685 -0.251506630376  -0.262559697002 0.147787350604 0.277922753884  0.183197003275 0.0486481911995 0.0
 0.290826651592 -0.0166125116045 -0.234636244832  -0.248883601516 0.143838617771 0.27950315754  0.202526898635 0.0661924629887 0.0
 0.28518683931 -0.028108844957 -0.217008379674  -0.233933606144 0.139666786948 0.281124459823  0.218576095564 0.0774368530534 0.0
 0.279249284527 -0.039817514973 -0.198785431391  -0.217019490813 0.135399946801 0.285103525777  0.222238701641 0.0793749859299 0.0
 0.273030558251 -0.0517414052524 -0.180048884811  -0.20022445997 0.131086569424 0.288552059141  0.23604717649 0.0856647600642 0.0
 0.266467230022 -0.0639008448769 -0.160860758425  -0.184794466804 0.126625529674 0.288804280283  0.249283429191 0.0958710113305 0.0
 0.259521348115 -0.0763022725805 -0.141337626288  -0.167951498111 0.122112319764 0.289760722281  0.245562633442 0.101420273834 0.0
 0.252079883992 -0.0889414586492 -0.121500285121  -0.147509807419 0.117418541301 0.292080406021  0.25730825689 0.118232791905 0.0
 0.244096382841 -0.10182864479 -0.101308100843  -0.127162600262 0.112384097258 0.289924089557  0.265183900204 0.13245496726 0.0
 0.235692840439 -0.114958667926 -0.0807624791201  -0.103755774198 0.107296366744 0.289309664686  0.261490308027 0.133436743261 0.0
 0.226761855828 -0.128331664293 -0.059718796951  -0.0771550395456 0.101954687981 0.288226178324  0.278112166712 0.154320341662 0.0
 0.217296076612 -0.141962736132 -0.0381027020187  -0.0495665796162 0.0961561961342 0.283338573754  0.288489629286 0.169479216587 0.0
 0.207431766307 -0.155847813247 -0.0159619229217  -0.0247369656798 0.0901887504435 0.282586944495  0.28273500598 0.174031294928 0.0
 0.19704118953 -0.169990645381 0.00681918331825  -0.00239031313694 0.0839272799198 0.279059019276  0.305588190019 0.202673619981 0.0
 0.186050924456 -0.18440731165 0.0302411613441  0.0177216741516 0.0772341677835 0.270180968808  0.313218050262 0.222088076165 0.0
 0.174542880971 -0.199092087341 0.0541895649294  0.0358224627113 0.0705061023024 0.261859158399  0.312268212891 0.234106541275 0.0
 0.162451577732 -0.214050643944 0.0786575198708  0.052113172415 0.0634737806814 0.249130802241  0.335672119364 0.262195887148 0.0
 0.150151973968 -0.229284377936 0.103514954843  0.0667748111483 0.0562093833504 0.233298623874  0.349997090716 0.243839934797 0.0
 0.138360489126 -0.244771797558 0.128552630037  0.0799702860083 0.0487138486452 0.221702183237  0.359655063585 0.199137759499 0.0
 0.12733077082 -0.260530482967 0.153487876978  0.0918462133824 0.0413276269029 0.211928516637  0.368077697389 0.197087619913 0.0
 0.117039095031 -0.27657636726 0.177934830454  0.102534548019 0.0338922531448 0.198158741897  0.356520601504 0.194333403376 0.0
 0.107672891201 -0.29290848124 0.201754909241  0.112154049192 0.0267550320614 0.183842867707  0.342615172082 0.180036426675 0.0
 0.0992505656758 -0.309534145043 0.225030539448  0.120811600248 0.0198750137679 0.168505000034  0.331987078054 0.191714602189 0.0
 0.0916944856126 -0.326452402553 0.247876047797  0.128603396198 0.0130789443029 0.147804367405  0.32484766944 0.221315869243 0.0
 0.0852535251646 -0.343639122205 0.270321803471  0.135616012553 0.00636956340118 0.123537193264  0.320039452361 0.230684282319 0.0
 0.0801957976864 -0.3610742752 0.292319182672  0.141927367272 -0.000172720853423 0.0979168956882  0.307625803621 0.224570399541 0.0
 0.0767936057868 -0.378736664269 0.313799023034  0.14760758652 -0.00636419501015 0.0741291848992  0.291601767733 0.208158814133 0.0
 0.0751339947326 -0.396614196418 0.334665324314  0.152719783843 -0.012117459286 0.0521897412104  0.276910593655 0.199752023628 0.0
 0.0752688730473 -0.414699212671 0.354787097725  0.157320761433 -0.0174958202497 0.0313832339328  0.263418995206 0.191276821266 0.0
 0.0773131494035 -0.432978418267 0.374027674782  0.161461641265 -0.0225312009238 0.012259499399  0.250737473044 0.17274004823 0.0
 0.0812722854066 -0.4514404666 0.392310322509  0.165188433113 -0.0272523320284 -0.00448767070007  0.240941353772 0.156966043407 0.0
 0.0870467416302 -0.470078720863 0.409529515966  0.176089715588 -0.031665585631 -0.0196927497839  0.229968512195 0.14913307543 0.0
 0.0945685390622 -0.48888193476 0.425542124352  0.179674454721 -0.0357460763943 -0.0334436339567  0.218206162324 0.137537949705 0.0
 0.103506409265 -0.507845127772 0.440073462126  0.172900719941 -0.0393962488461 -0.0465488726831  0.202498753638 0.148011427462 0.0
