 -0.515454721537 0.337709488454 0.236825134691  0.552320610687 -0.524015357939 0.591773667029  0.0302649006623 0.144074074074 0.0
 -0.515621311562 0.337713547481 0.236729742851  0.552167938931 -0.523680951201 0.587312295974  0.0256291390728 0.155185185185 0.0
 -0.515876385029 0.337722343142 0.236047070547  0.552030534351 -0.522153827099 0.576768226333  0.00622516556291 0.194814814815 0.0
 -0.51614242639 0.337722632594 0.234639656968  0.551906870229 -0.51929316324 0.557702937976  -0.0218344370861 0.232333333333 0.0
 -0.516192106154 0.33772219731 0.232588852024  0.551795572519 -0.515319011642 0.540544178455  -0.0265582781457 0.262396296296 0.0
 -0.516227470151 0.337710860758 0.229979677337  0.55169540458 -0.510986763686 0.525101294886  -0.0301474834437 0.300564074074 0.0
 -0.516214633087 0.337691714776 0.226788062921  0.551605253435 -0.506010207704 0.511202699674  -0.031391013245 0.323803962963 0.0
 -0.516607917198 0.33765422282 0.222675150687  0.551524117405 -0.499760190154 0.498693963983  -0.0497287331126 0.341016159259 0.0
 -0.517076605582 0.337580983815 0.217721022932  0.551451094977 -0.49316911045 0.487436101861  -0.0516631445695 0.339840469259 0.0
 -0.516959674494 0.337493111491 0.211915414016  0.551385374792 -0.485589875897 0.477304025951  -0.072609412894 0.303597163074 0.0
 -0.515906484314 0.337387224195 0.205199043378  0.551326226626 -0.477183229155 0.468185157632  -0.0874875444523 0.280237446767 0.0
 -0.514257932918 0.337228967875 0.197919554626  0.551272993277 -0.468341547309 0.459978176145  -0.0988911078879 0.272176665053 0.0
 -0.511950095547 0.337015969321 0.189980503102  0.551225083262 -0.458575760178 0.452591892807  -0.108492063324 0.259366405955 0.0
 -0.509277611879 0.336733365542 0.18120148189  0.551181964249 -0.448461310244 0.445944237803  -0.113821664939 0.270059394989 0.0
 -0.504979947291 0.336375481627 0.171491463154  0.551143157137 -0.437797740527 0.439961348299  -0.134512346127 0.242646048083 0.0
 -0.498258467624 0.335928385793 0.16106600589  0.551108230736 -0.426169316487 0.434576747746  -0.149160449263 0.227233295126 0.0
 -0.48930983911 0.335384536202 0.149950091374  0.551076796975 -0.413883075946 0.429730607247  -0.158370232151 0.213361817466 0.0
 -0.477965893504 0.334742944455 0.138183472755  0.551048506591 -0.400571310338 0.425369080799  -0.169970295029 0.193470080164 0.0
 -0.464432354222 0.333987101024 0.125947543856  0.551023045245 -0.387067312819 0.421443706996  -0.182397106585 0.170011961036 0.0
 -0.448924032044 0.333110603517 0.113353134704  0.551000130033 -0.373204525059 0.417910870572  -0.193581236986 0.147047801969 0.0
 -0.432067945681 0.332081174609 0.100427084696  0.550979506343 -0.358833044562 0.414731317791  -0.208944967592 0.120824503254 0.0
 -0.414012718134 0.330891120811 0.0871068505653  0.550960945022 -0.343421625169 0.411869720289  -0.221447821827 0.0953716825583 0.0
 -0.395456237163 0.329515792615 0.0735231990616  0.550944239832 -0.32707426077 0.409294282536  -0.236011648915 0.0687604402284 0.0
 -0.376620578973 0.32794284721 0.0598428404886  0.550929205162 -0.310008400212 0.406976388559  -0.245807835017 0.0540695813907 0.0
 -0.357848684533 0.326163514407 0.0462763587542  0.550915673959 -0.292209195068 0.404890283979  -0.253299899198 0.0352922528813 0.0
 -0.339238323172 0.324175132235 0.0331122663656  0.550903495876 -0.27430732436 0.403012789858  -0.255406995371 0.0387630275931 0.0
 -0.320775793021 0.321979189623 0.0205647828919  0.550892535601 -0.256597919642 0.401323045149  -0.254654375304 0.0215163544635 0.0
 -0.302430713348 0.319592684147 0.00858507539836  0.550882671354 -0.238863567361 0.39980227491  -0.259937282144 0.015253607906 0.0
 -0.284379938194 0.317013188251 -0.00284960849209  0.550873793532 -0.221069605968 0.398433581695  -0.262705143334 0.00591343230058 0.0
 -0.266669385152 0.314232082203 -0.0138819560769  0.550865803492 -0.202999058549 0.397201757802  -0.262547211782 -0.000640873892441 0.0
 -0.249058545504 0.311253952134 -0.0247351135338  0.550858612455 -0.184407104144 0.396093116298  -0.277636861465 -0.0120953050217 0.0
 -0.231468241933 0.308057946239 -0.0356080110625  0.550852140523 -0.165073403885 0.395095338945  -0.282608274656 -0.0168487374825 0.0
 -0.213758843978 0.304616473531 -0.0467109378999  0.543518071509 -0.144750111057 0.394197339327  -0.287744798184 -0.0266823822528 0.0
 -0.195531497055 0.300916879202 -0.0584207414309  0.532031913213 -0.123647653828 0.393389139671  -0.295678927637 -0.0410882181016 0.0
 -0.176742255287 0.29692014218 -0.0708102277643  0.51726688983 -0.102029730159 0.39266175998  -0.304806399112 -0.0484979148099 0.0
 -0.157204615799 0.292603044075 -0.0839228616339  0.495886765733 -0.0797249488697 0.392007118258  -0.306398606883 -0.0570184936993 0.0
 -0.136910338863 0.287942112555 -0.0975411108347  0.475270608244 -0.0576689761527 0.391417940709  -0.311142852155 -0.0702425702553 0.0
 -0.115897723999 0.282928772295 -0.111442984176  0.455342020702 -0.0358121602813 0.390887680914  -0.310114659654 -0.0747368317483 0.0
 -0.0942772084117 0.277549869924 -0.125343468778  0.437406291914 -0.0146423883948 0.390410447099  -0.313825047994 -0.0954483337586 0.0
 -0.0724274340037 0.271811055338 -0.139162804856  0.423096197074 0.00629299238172 0.389980936666  -0.291336582929 -0.0863109077902 0.0
 -0.0512070245501 0.265694464385 -0.153065276219  0.405942302557 0.0267820978996 0.389594377276  -0.306858553775 -0.0762353725667 0.0
 -0.0308644839314 0.259187857445 -0.166756011884  0.395389293676 0.0469190974234 0.389246473824  -0.299636274557 -0.037537761236 0.0
 -0.0114603507302 0.252297799967 -0.180056966006  0.385891585682 0.0667268161181 0.388933360718  -0.292473971604 -0.0341913925198 0.0
 0.00714493107253 0.245037952225 -0.192924602674  0.385282579786 0.0861762548927 0.388651558923  -0.293312667159 -0.0237722532678 0.0
 0.0246201323895 0.237399540901 -0.20542475445  0.381681039364 0.105266085435 0.388397937307  -0.281484711702 -0.0125431760892 0.0
 0.0417216155692 0.229396558095 -0.217716371679  0.372485454512 0.124106581177 0.388169677853  -0.277462068346 -0.0209555251469 0.0
 0.0586030745032 0.221020580227 -0.229893564165  0.358560573183 0.142995155162 0.387964244344  -0.273841689326 -0.0248229355952 0.0
 0.0755509436491 0.21227603334 -0.242105079186  0.343585431895 0.16177837435 0.387779354186  -0.273894606486 -0.0245999012949 0.0
 0.0927684627892 0.203160846144 -0.254348173628  0.331481850538 0.179983742266 0.387612953044  -0.265332960407 -0.00402880005433 0.0
 0.111080420389 0.193667147839 -0.266569689577  0.327611528079 0.197322251864 0.387463192016  -0.24636920079 0.00892963550666 0.0
 0.131562117547 0.183814607319 -0.278987751213  0.320006100462 0.214561787886 0.38732840709  -0.242546850248 -0.00903740211808 0.0
 0.1541009954 0.173618622813 -0.291805046914  0.313161215607 0.23194757095 0.387207100658  -0.243080244693 -0.0289114396841 0.0
 0.177704532051 0.163076296656 -0.305253971283  0.307000819237 0.249105798745 0.387097924868  -0.244884803005 -0.0356869623823 0.0
 0.20128417786 0.152175132611 -0.319238482028  0.301456462504 0.266083997667 0.386999666658  -0.239224137274 -0.0214145624404 0.0
 0.224429699106 0.14092138552 -0.333385276428  0.296466541445 0.282776316255 0.386911234269  -0.240089803017 -0.0215323654556 0.0
 0.248008891811 0.129354018058 -0.347256904176  0.291975612491 0.29985538515 0.386831645118  -0.239544398874 -0.0457124622434 0.0
 0.270699061482 0.117481976692 -0.360187948099  0.287933776433 0.316737570192 0.386760014883  -0.223821747066 -0.0396967715746 0.0
 0.29149967523 0.105347760126 -0.371367958637  0.28429612398 0.332662277379 0.386695547671  -0.201062088916 -0.0361345018245 0.0
 0.30955028463 0.0929731631762 -0.379789534003  0.281022236773 0.346697263414 0.38663752718  -0.177267138302 -0.0347803109013 0.0
 0.324448619768 0.0803887384632 -0.384845721815  0.278075738287 0.358598010196 0.386585308738  -0.137308636393 -0.0187467242557 0.0
 0.336462980546 0.0676226490789 -0.386213969546  0.275423889649 0.368342618391 0.386538312141  -0.0980347263959 -0.0135757555338 0.0
 0.345515772792 0.0546764241367 -0.384184974273  0.273037225875 0.376072389249 0.386496015203  -0.0719597305775 -0.00707003183227 0.0
 0.351822848564 0.0415539104206 -0.379082286277  0.270889228478 0.38197642107 0.386457947959  -0.0405452144734 0.00619252690652 0.0
 0.356380283494 0.028261058651 -0.371053369576  0.268956030821 0.385704714063 0.38642368744  -0.0129344016353 0.00331401495661 0.0
 0.359804516012 0.0148059986212 -0.36023043531  0.26721615293 0.387350987765 0.386392852972  0.0145643365415 -0.0122396087613 0.0
 0.362226996223 0.00118452377491 -0.346645924238  0.265650262828 0.386405088889 0.386365101951  0.0426244591787 -0.0132749071444 0.0
 0.363508762932 -0.0126083344814 -0.33075408261  0.264240961736 0.383200547303 0.386340126033  0.0758255894198 -0.00865112013367 0.0
 0.363998067162 -0.0265709736176 -0.312841496988  0.262972590753 0.378409102927 0.386317647706  0.110342368226 -0.0100452673796 0.0
 0.364099495997 -0.0406932607399 -0.29332018851  0.261831056869 0.372139904301 0.386297417212  0.127500184384 -0.0409296295305 0.0
 0.363532692083 -0.0549807840191 -0.272586366422  0.260803676373 0.364305403591 0.386279209767  0.132346192435 -0.0594662962071 0.0
 0.362387349801 -0.0694191823499 -0.251051974377  0.259879033926 0.35504974557 0.386262823067  0.142005612927 -0.0576307776975 0.0
 0.360731586702 -0.0840144508242 -0.228683759905  0.259046855724 0.344403577057 0.386248075036  0.155334852959 -0.0633862184463 0.0
 0.358808680705 -0.0987555775977 -0.205403041245  0.258297895343 0.332679345188 0.386234801809  0.179913950444 -0.0667142632683 0.0
 0.356506287608 -0.113639220692 -0.180960235403  0.257623830999 0.31986100195 0.386222855904  0.20071063487 -0.0660057999044 0.0
 0.353547359814 -0.128658959497 -0.155138107253  0.25701717309 0.305265290657 0.38621210459  0.217440895886 -0.0709237384325 0.0
 0.349801139428 -0.143812584584 -0.127883049782  0.256471180972 0.288785083117 0.386202428408  0.23713389239 -0.0660906238485 0.0
 0.344830988021 -0.159111497296 -0.0993301692765  0.255979788066 0.271673976341 0.386193719843  0.268764874012 -0.0580371170192 0.0
 0.338511003052 -0.174556835424 -0.0700218266786  0.25553753445 0.253821664167 0.386185882135  0.273391697869 -0.0581963682803 0.0
 0.330762030729 -0.190134106706 -0.0405310355269  0.255139506196 0.235549975828 0.386178828198  0.290138620798 -0.0546359907115 0.0
 0.321430965391 -0.205845668664 -0.0109810887724  0.254781280767 0.216690296551 0.386172479655  0.305210851433 -0.0551353546033 0.0
 0.310695304575 -0.221679136667 0.0186392019667  0.254458877881 0.19680600804 0.386166765966  0.310166587482 -0.0592884858096 0.0
 0.298024918323 -0.237635591224 0.048435098806  0.254168715284 0.175863331437 0.376694811894  0.302043968469 -0.0611744520435 0.0
 0.282887249461 -0.253708396177 0.0781644065932  0.253907568946 0.154191043377 0.374263633207  0.319236922615 -0.036945895728 0.0
 0.264558822534 -0.26989051652 0.107164837429  0.253672537243 0.132295595219 0.363696899919  0.336035084658 -0.0206957505997 0.0
 0.243675352929 -0.286156590953 0.135199955042  0.253461008709 0.110719491234 0.35418683996  0.337246145729 -0.0227372866508 0.0
 0.220784281542 -0.302467454506 0.162083295239  0.253270633029 0.0900624541736 0.345627785996  0.333700339103 -0.0190191135413 0.0
 0.19632733682 -0.318802326034 0.187932792317  0.253099294917 0.069266513438 0.337924637429  0.331833616451 -0.0101172021872 0.0
 0.169789843119 -0.335166240531 0.212898202199  0.252945090616 0.0480978506996 0.330991803719  0.342736347521 0.00530192543896 0.0
 0.141758858421 -0.351533834548 0.237149027879  0.252806306745 0.0266556653324 0.32475225338  0.347913043895 0.0154754365988 0.0
 0.113238960404 -0.367879493314 0.260769414584  0.252681401262 0.00429849612387 0.319136658074  0.349260812353 0.0209278929389 0.0
 0.0853444730527 -0.384177248129 0.283555999857  0.252568986326 -0.0184982100652 0.3140826223  0.361732082111 -0.00194267413277 0.0
 0.0588363498809 -0.400403349962 0.305335994944  0.252467812885 -0.041814353884 0.299958364422  0.367658211648 -0.0151187770899 0.0
 0.0330161106947 -0.416543940122 0.325577379057  0.252376756787 -0.0653255120057 0.286376020907  0.362395701742 -0.0362365290105 0.0
 0.00852095428831 -0.432581837557 0.344400054497  0.252294806299 -0.0892227353902 0.28035430565  0.362295204415 -0.0682054687021 0.0
 -0.0151910716328 -0.448505232594 0.361864963915  0.25222105086 -0.113120625339 0.280701900112  0.381410054835 -0.0858664033133 0.0
 -0.038581270155 -0.464307523998 0.378021733183  0.252154670965 -0.139000784752 0.286781873322  0.380070373855 -0.0962056889079 0.0
 -0.0609912458639 -0.479971433632 0.392418986351  0.252094929059 -0.163865878434 0.298238615261  0.361646117926 -0.116622157054 0.0
 -0.0819534662226 -0.495468826834 0.404950733978  0.252041161344 -0.187805027524 0.308549683005  0.341753029312 -0.138700682089 0.0
 -0.102694006416 -0.510793340068 0.414965541387  0.246191243683 -0.210526878004 0.317829643976  0.330471766116 -0.123386169436 0.0
 -0.123264290083 -0.525933855652 0.422056434765  0.236956852139 -0.23219031604 0.326181608849  0.322305384207 -0.13182533027 0.0
