 -0.381360423684 0.32787829812 0.560590319755  0.484200438116 -0.104302386973 -0.366312410842  -0.0896623376623 -0.0717857142857 0.0
 -0.381321685107 0.327876497738 0.560564465705  0.486062431544 -0.104166226693 -0.36502853067  -0.0896623376623 -0.0753571428571 0.0
 -0.381236380969 0.327869271307 0.560442045446  0.487902519168 -0.103854725317 -0.362517831669  -0.0886233766234 -0.0785714285714 0.0
 -0.381183181254 0.327851315295 0.560139322021  0.489120481928 -0.103468780393 -0.359402282454  -0.0863896103896 -0.0767023809524 0.0
 -0.381281122612 0.327813315148 0.559593861311  0.489833296824 -0.103057517993 -0.356170328103  -0.0833402597403 -0.0678773809524 0.0
 -0.381657482778 0.327744505227 0.558755133336  0.491241533406 -0.102587345708 -0.353332895863  -0.0813750649351 -0.0504110714286 0.0
 -0.382400118628 0.327637670446 0.557509770436  0.494425704272 -0.101969675966 -0.350993186876  -0.0824635324675 -0.0382628214286 0.0
 -0.38361098606 0.327483398243 0.555703424391  0.496360461336 -0.101202585825 -0.349814695578  -0.0824041922078 -0.0142341583333 0.0
 -0.385370092844 0.327272448986 0.553218166272  0.496294513779 -0.100306574888 -0.351107833723  -0.082350785974 0.0109630670238 0.0
 -0.387607071364 0.326999693806 0.549950301179  0.494427932061 -0.0993000927958 -0.353983498282  -0.0874975255584 0.022926284131 0.0
 -0.390154989196 0.326660227677 0.545766290522  0.492255127902 -0.0980885929779 -0.356785576414  -0.0981036171584 0.0194074652417 0.0
 -0.392780133109 0.326247785889 0.540554554894  0.489313842932 -0.0965425230207 -0.357880913209  -0.110765982715 0.00552624252702 0.0
 -0.395351137574 0.325750264342 0.534255685619  0.48710480256 -0.0947008975006 -0.35672691604  -0.125019254574 -0.00696685791615 0.0
 -0.397814378116 0.325156121045 0.526814040289  0.485445253301 -0.0927405473787 -0.35433311174  -0.137067978467 -0.00749636260073 0.0
 -0.400158349554 0.324453165373 0.518146714427  0.482637310665 -0.0902593067126 -0.351893381165  -0.149730011789 0.00750327365934 0.0
 -0.402055550974 0.323628093844 0.508163952187  0.479343459117 -0.0874093006808 -0.350054257028  -0.166320646974 0.00790770819817 0.0
 -0.402827499069 0.322669903322 0.496798473598  0.4771456959 -0.0844080265996 -0.346187918344  -0.189823647211 -0.0238711578597 0.0
 -0.402045930016 0.321568441137 0.48403447945  0.47741305402 -0.0808565728712 -0.335147585853  -0.212275048724 -0.0715197563595 0.0
 -0.399724200037 0.320303569187 0.46989342405  0.476558386077 -0.0770405963021 -0.321003012717  -0.229104686709 -0.0989273045331 0.0
 -0.395995146526 0.318854961077 0.45442421876  0.4734890754 -0.0729031857396 -0.305776463229  -0.244770841415 -0.115260764556 0.0
 -0.390853215458 0.31721100284 0.437677982986  0.468864702361 -0.0684542543332 -0.289219501642  -0.261208042987 -0.135913259529 0.0
 -0.38428074235 0.315363098622 0.419700263045  0.463278889299 -0.0636777148865 -0.270609249053  -0.277819706221 -0.160452885957 0.0
 -0.376355573767 0.313297174487 0.400537609811  0.455732489964 -0.058600770641 -0.251220934704  -0.291471501833 -0.175395692599 0.0
 -0.367160713195 0.310996322173 0.380254803144  0.446202504933 -0.0532729135453 -0.232630224971  -0.303238637364 -0.180510885244 0.0
 -0.356709964249 0.308449159346 0.358907889932  0.434065825086 -0.0477192348842 -0.215898586211  -0.312790098303 -0.188685987196 0.0
 -0.344905617511 0.305648603393 0.336534954385  0.417830655501 -0.041945644127 -0.201696031442  -0.324503296265 -0.205567388476 0.0
 -0.331728664357 0.302587734537 0.313184407193  0.398071138692 -0.0359018841715 -0.189341692206  -0.337902317288 -0.2243320782 0.0
 -0.317233373886 0.299255502734 0.288958168336  0.376070706093 -0.0297761412486 -0.179007380332  -0.34840299465 -0.23645839419 0.0
 -0.301507257935 0.295640790451 0.26398829744  0.352820152461 -0.0234626836247 -0.169849152998  -0.357074383496 -0.237848269056 0.0
 -0.284570469551 0.291737826275 0.238394997772  0.328554018923 -0.0170108493634 -0.161678075074  -0.361502010082 -0.242670585008 0.0
 -0.266380712227 0.28754298198 0.212276746956  0.302607160295 -0.0106039817833 -0.15603594517  -0.363668692191 -0.249391621745 0.0
 -0.246953960113 0.283054713345 0.1857267779  0.275969116774 -0.00411809662359 -0.151172008285  -0.368475848946 -0.251869126237 0.0
 -0.226347326451 0.278271896751 0.158845055876  0.249475710025 0.00245001948277 -0.144868644831  -0.370724367947 -0.255289356471 0.0
 -0.204615659651 0.273194802843 0.131717839271  0.222400537708 0.00905046172267 -0.138767657666  -0.37144933375 -0.263129468443 0.0
 -0.181946458705 0.267826606437 0.104409048806  0.19332313454 0.0157050065138 -0.133490749246  -0.37391998479 -0.266614140646 0.0
 -0.15860769723 0.262168976861 0.0770394626883  0.164524775084 0.0223721194451 -0.128955511697  -0.371987726571 -0.257845583724 0.0
 -0.134781668152 0.256224481225 0.0497492368519  0.13559420338 0.0288754804853 -0.125587064664  -0.367911031836 -0.252334834876 0.0
 -0.110607051689 0.250003247912 0.0226633228009  0.107530401881 0.0352286860422 -0.121485562192  -0.364761487094 -0.250946589483 0.0
 -0.0863116584686 0.243514410431 -0.00410680041225  0.0794799903898 0.041530115101 -0.115440429653  -0.35855027345 -0.242554311487 0.0
 -0.0620888516759 0.236765374889 -0.0304758969194  0.0512773363672 0.0476265547817 -0.110427770425  -0.350362778572 -0.23262030891 0.0
 -0.0380975625418 0.229768956659 -0.0563719801754  0.0234853091927 0.0536274250211 -0.105631070416  -0.344812215001 -0.223679706591 0.0
 -0.0145201881191 0.222536557303 -0.0817123112612  -0.00574438273422 0.0595923008256 -0.100030160236  -0.333842681812 -0.210871259741 0.0
 0.00847113561455 0.215078198994 -0.106446548827  -0.0351179181738 0.0654247455145 -0.0953459744547  -0.323190881163 -0.192200800434 0.0
 0.0307065801984 0.207407083796 -0.130544277862  -0.0630875064222 0.0711185507307 -0.0902742871376  -0.310487377463 -0.175397387057 0.0
 0.0520588902257 0.199534620816 -0.153981365603  -0.0906697743999 0.0766236684534 -0.0857097685522  -0.298015263093 -0.153131457875 0.0
 0.0723840510857 0.191471146836 -0.176715133477  -0.117574867058 0.0818311434954 -0.082243641911  -0.284712438082 -0.13071116923 0.0
 0.091502975228 0.183231656779 -0.198640608545  -0.143925266442 0.0867401735313 -0.0797660680195  -0.270661973495 -0.112913861831 0.0
 0.109122431493 0.174826335168 -0.219649895254  -0.168133506501 0.0913611515932 -0.077892884898  -0.253600970951 -0.0790391423147 0.0
 0.12502121388 0.166263714473 -0.239649504888  -0.189920922554 0.0956033952857 -0.0769916135266  -0.235648666063 -0.0378376090356 0.0
 0.139181539733 0.157562859186 -0.258559198345  -0.20947483249 0.0995353446392 -0.0774643494635  -0.221050033223 -0.0138514671797 0.0
 0.151684268334 0.148744048829 -0.276258517311  -0.227018586919 0.1032158169 -0.0785317518923  -0.20531386107 -0.00535917760455 0.0
 0.162619095317 0.139821263047 -0.292542694205  -0.243519904568 0.106528241935 -0.0792784340498  -0.184917539898 -0.00247802174885 0.0
 0.171909845177 0.130801736262 -0.307229392809  -0.259466380705 0.109481636654 -0.0782386077632  -0.161625785908 0.00725787566413 0.0
 0.179453908611 0.121693037639 -0.320198586371  -0.27469444143 0.11202576187 -0.0771601107529  -0.136767103421 0.0172106595263 0.0
 0.185237189863 0.112501216813 -0.331331872808  -0.288673518645 0.114143190129 -0.0769027302054  -0.110757925547 0.0237872126213 0.0
 0.189297786819 0.103231197531 -0.34049907426  -0.302240449365 0.115823794283 -0.0758864942748  -0.0839730420829 0.0249442056449 0.0
 0.191559768745 0.0938836013784 -0.347617037337  -0.315053096652 0.117044565993 -0.0726181016233  -0.0622043093031 0.0236045469851 0.0
 0.191820212443 0.0844545909282 -0.352638707253  -0.328994117765 0.117793134097 -0.0778791159974  -0.0283267355157 0.0140655208581 0.0
 0.189828987478 0.0749341404919 -0.35542893343  -0.343786381782 0.117783265209 -0.082614028934  0.0130721718021 0.016194683058 0.0
 0.185145587904 0.0653052195365 -0.356055579405  -0.356058893659 0.117265866245 -0.086875450577  0.0324091104661 0.060968071895 0.0
 0.177841006158 0.0555554979528 -0.354646453817  -0.364420693231 0.116316699244 -0.0907107300557  0.065396770848 0.0762641218484 0.0
 0.168332797275 0.0456754667345 -0.351232621184  -0.372822545047 0.114940038073 -0.0941624815865  0.10703371714 0.0781258049016 0.0
 0.156715268501 0.0356479643182 -0.346029977486  -0.381041385832 0.112731248371 -0.0972690579642  0.131779696075 0.0976584625067 0.0
 0.143276070751 0.0254619895052 -0.339356514781  -0.385481058859 0.110212590425 -0.100064976704  0.146778349844 0.100952140066 0.0
 0.128659356023 0.0151076828578 -0.33131208299  -0.38898388397 0.107390042028 -0.10258130357  0.174562852522 0.0896307355828 0.0
 0.113174742257 0.00456883544867 -0.322092780919  -0.392081662057 0.103913299197 -0.104845997749  0.190218255582 0.104441471548 0.0
 0.0971506701866 -0.00616398619396 -0.311991975903  -0.389447975588 0.100359077122 -0.111163823082  0.184567858595 0.111818752965 0.0
 0.0814993312287 -0.0170960290579 -0.300913451065  -0.384887077263 0.0966934420081 -0.110501791701  0.214027955852 0.0744106871923 0.0
 0.0668762487818 -0.0282413774178 -0.288737822982  -0.381494207434 0.0925968601937 -0.105982996268  0.246516069358 0.0443148565683 0.0
 0.0532937272803 -0.0396154946512 -0.275717542905  -0.373785641017 0.088017947787 -0.101916080379  0.242768358526 0.052942894721 0.0
 0.0410060080002 -0.0512236649461 -0.262000279052  -0.361481009007 0.0834662155309 -0.0982558560784  0.243811003193 0.0464224147727 0.0
 0.0303869709635 -0.0630758974309 -0.247482015631  -0.349530607997 0.0784998979765 -0.0949616542081  0.273580552224 0.0238873161526 0.0
 0.021324392086 -0.0751917078562 -0.232258667104  -0.33609178597 0.0730770902168 -0.0919968725248  0.285308211288 0.0381295369182 0.0
 0.0137453413741 -0.0875827522055 -0.216485940615  -0.315070230593 0.0674323983957 -0.0893285690098  0.295343623925 0.0545189641788 0.0
 0.00792080076594 -0.100259007286 -0.20017935193  -0.291988727797 0.0615824533571 -0.0869270958464  0.319959910883 0.0549837344276 0.0
 0.00377011502996 -0.113228822701 -0.183543802747  -0.271598726868 0.0553282567056 -0.0847657699993  0.332763919795 0.0684972657467 0.0
 0.00101843703975 -0.126494857374 -0.166878311099  -0.249688032714 0.0489380936632 -0.0828205767369  0.32974207327 0.0925642058387 0.0
 -0.000275478145862 -0.140060658044 -0.150313102265  -0.22608012758 0.0426395270234 -0.0810699028007  0.336113320488 0.107081594779 0.0
 0.000117123543435 -0.153932931814 -0.133831175707  -0.20313531307 0.0361205099923 -0.0794942962581  0.351717572855 0.117766292444 0.0
 0.00224030794337 -0.168106026877 -0.117591215873  -0.180677751095 0.0295253539829 -0.0780762503698  0.353553607777 0.120239663199 0.0
 0.00620109600397 -0.182566996986 -0.101883547737  -0.155427610158 0.0228783455805 -0.0768000090704  0.34247876648 0.103418077832 0.0
 0.0123449879952 -0.197310466131 -0.086827357462  -0.131826251114 0.0164903359592 -0.0756513919009  0.339004915806 0.06089769862 0.0
 0.0208976507005 -0.212334539388 -0.0724026857911  -0.111954140789 0.0101659195862 -0.0746176364483  0.336917411239 0.0142960239961 0.0
 0.0315860340402 -0.227635305957 -0.0586666650227  -0.0920429545306 0.00399877326072 -0.073687256541  0.327246449336 -0.0169311974511 0.0
 0.043783176396 -0.243214797501 -0.0457005409393  -0.0690297872265 -0.00196013927251 -0.0728499146244  0.312828297908 -0.000988077706022 0.0
 0.0570683587283 -0.259077175255 -0.0334845319338  -0.0431700724688 -0.00786780167282 -0.0720963068995  0.309722091494 0.0288369205408 0.0
 0.0713231957898 -0.275219407386 -0.0219209708877  -0.0189653324727 -0.0137682418907 -0.071418059947  0.311082349877 0.0592508475343 0.0
 0.0864214096883 -0.29163490483 -0.0109466606829  0.00511904305276 -0.019645509457 -0.0708076376899  0.31386502398 0.0973376675428 0.0
 0.102208164734 -0.308315575341 -0.000652114420717  0.0290403260421 -0.0253602037943 -0.0702582576584  0.315070729375 0.137568186503 0.0
 0.118604301799 -0.325247235655 0.00873156484715  0.0489265453547 -0.0311008666616 -0.0697638156301  0.311740279814 0.167823272614 0.0
 0.135653742219 -0.342410631299 0.0169667099663  0.0598142851237 -0.0365925806457 -0.0693188178046  0.303028589495 0.190290945353 0.0
 0.153436011742 -0.359790347118 0.0239104926928  0.0624390997658 -0.0418074437915 -0.0689183197616  0.295188068208 0.210511850818 0.0
 0.172145068494 -0.377371519063 0.0295181954822  0.0604202719359 -0.0469176378068 -0.068557871523  0.289949780867 0.208472570498 0.0
 0.191894006593 -0.395140863383 0.0337208881299  0.0560841593097 -0.0518613812926 -0.0682334681082  0.291209348235 0.213780075353 0.0
 0.212468308887 -0.413090518636 0.0363681025319  0.0430359843426 -0.0567442403012 -0.0679415050349  0.294420880944 0.232842544008 0.0
 0.233756936462 -0.43120618513 0.0373155624565  0.0228588919324 -0.0615083913121 -0.0676787382689  0.280168403239 0.259522575321 0.0
 0.256201398284 -0.449467195575 0.0364881523737  0.00404233461214 -0.0659850843453 -0.0674422481796  0.26214636811 0.247820317789 0.0
 0.280259969177 -0.467849669101 0.0337838385477  -0.014261679791 -0.0700669049184 -0.0672294070991  0.23995251052 0.217050190772 0.0
 0.306017800317 -0.486335934147 0.0291145094361  -0.0317758184932 -0.073712755622 -0.0670378501267  0.211666350377 0.183404695505 0.0
 0.333290611036 -0.504914510921 0.0225243430178  -0.0480314239385 -0.0768828700062 -0.0668654488516  0.183871143911 0.156695178335 0.0
