 -0.31630070318 0.306612226828 0.103685900665  0.499708872458 -0.0465137257086 -0.190722772277  0.0286274509804 -0.0927272727273 0.0
 -0.316607800764 0.306608347868 0.103673630605  0.491252310536 -0.0466779887522 -0.194633663366  0.0286274509804 -0.0533333333333 0.0
 -0.317562056577 0.306606807603 0.103342052736  0.483641404806 -0.0464805946879 -0.203004950495  0.0230718954248 -0.0259595959596 0.0
 -0.319130780876 0.306607751061 0.102488845766  0.476791589649 -0.0459521409878 -0.215143069307  0.0134967320261 -0.000313131313131 0.0
 -0.321419703522 0.306601042596 0.100894798987  0.470626756007 -0.0451313018542 -0.230176287129  0.000957516339869 0.0227686868687 0.0
 -0.324510419858 0.30657800892 0.0981434659137  0.46507840573 -0.0436408344006 -0.248310143564  -0.0240532679739 0.0395019191919 0.0
 -0.328217112816 0.30651796948 0.0939578045594  0.460084890481 -0.0412665054012 -0.269284079703  -0.0508113398693 0.0545618282828 0.0
 -0.331817918287 0.306402024281 0.0882322678735  0.455590726756 -0.0381050533688 -0.28934874104  -0.078488375817 0.0539743323232 0.0
 -0.334537757076 0.306208101549 0.0810568153064  0.451545979404 -0.0341405305476 -0.305228718421  -0.106992479412 0.047384979899 0.0
 -0.33576816571 0.305918302487 0.0725766377232  0.447905706787 -0.0294755169717 -0.315906836678  -0.130685388333 0.0313535526162 0.0
 -0.334844793565 0.305519518793 0.0629815506252  0.444629461432 -0.0239434115689 -0.317497341129  -0.15298939852 -0.000246449110101 0.0
 -0.331634610618 0.304994837176 0.0524726842799  0.441680840612 -0.0179510972509 -0.313532755531  -0.170121831217 -0.0185854405627 0.0
 -0.326244253642 0.304336003818 0.041223250916  0.439027081874 -0.0112411258965 -0.303974529483  -0.188155399729 -0.0462016439812 0.0
 -0.319039143466 0.30353209843 0.0295026048236  0.43663869901 -0.00416089102835 -0.291807769604  -0.198830055835 -0.0639855199871 0.0
 -0.310305947381 0.302574067525 0.0175603056194  0.434489154433 0.00336394577759 -0.275758675812  -0.202881690774 -0.0799910083925 0.0
 -0.300716615133 0.301452685411 0.00552322617017  0.432554564313 0.0109631823597 -0.260819441894  -0.208162149148 -0.0752040287653 0.0
 -0.290807211855 0.30016425233 -0.00657843277797  0.430813433205 0.0187908576646 -0.250789972952  -0.21618253554 -0.0708957471009 0.0
 -0.280621494819 0.298705795612 -0.0185777144153  0.429246415208 0.0268631054913 -0.245080282587  -0.222747288522 -0.0710586976433 0.0
 -0.270124238171 0.297073591443 -0.0303731949838  0.427836099011 0.035077513245 -0.241129680071  -0.228655566206 -0.0701952521214 0.0
 -0.259651910543 0.295256773263 -0.0418515688526  0.426566814433 0.0434142966941 -0.240494929886  -0.231358637036 -0.0673979491315 0.0
 -0.249501065048 0.293252499887 -0.0529238118763  0.425424458313 0.051997640119 -0.240270189373  -0.230850224313 -0.0578096693699 0.0
 -0.239871142722 0.291059183989 -0.0634429054842  0.424396337805 0.0606915227466 -0.238285744693  -0.230392652862 -0.0522105206147 0.0
 -0.230986497872 0.288677275332 -0.0733044815481  0.423471029348 0.0691146027789 -0.236202714778  -0.227039662086 -0.0411106806745 0.0
 -0.222950951129 0.286107946121 -0.0824311404316  0.422638251737 0.0773329381467 -0.233337888845  -0.225002362544 -0.0361713297787 0.0
 -0.215612648025 0.28334943267 -0.0908172816819  0.421888751887 0.0853697874357 -0.229026872237  -0.220554413871 -0.0286956109423 0.0
 -0.209020598733 0.280394486836 -0.0985302563767  0.421214202022 0.0930706838522 -0.2260380464  -0.215570867909 -0.0128765548985 0.0
 -0.202827799708 0.277247537666 -0.105793147205  0.420607107143 0.100775475816 -0.226169885324  -0.21729482687 -0.0158111216309 0.0
 -0.1967000217 0.273907650161 -0.11245335875  0.420060721752 0.108327863086 -0.220892500752  -0.212964036993 -0.0174421306799 0.0
 -0.190844323552 0.270374988215 -0.118534809589  0.4195689749 0.115790416161 -0.213618102162  -0.20710554179 -0.00981912973316 0.0
 -0.185266016504 0.266652580539 -0.124030909715  0.419126402734 0.123049617209 -0.208853321649  -0.201832896108 -0.0100291359518 0.0
 -0.179951947208 0.26275222133 -0.128636125684  0.418728087784 0.129582898152 -0.205159078593  -0.185322809112 -0.0031474344778 0.0
 -0.174991818438 0.258695448876 -0.131769606039  0.418369604329 0.135462851001 -0.201388715288  -0.164581377874 -0.00705491325224 0.0
 -0.17029192155 0.254506822882 -0.13291687937  0.41804696922 0.140988674593 -0.197302319007  -0.133495789106 -0.00350093707853 0.0
 -0.165993960116 0.250197695902 -0.131810337316  0.417756597621 0.145413444307 -0.192139413839  -0.102250785359 -0.0033326615525 0.0
 -0.162171183282 0.245768822984 -0.128501687448  0.417495263182 0.148755389592 -0.187344284336  -0.0728230924438 -0.000150910548762 0.0
 -0.158737844242 0.24121700556 -0.123220635259  0.417260062188 0.151100519935 -0.182583123229  -0.0476453583628 0.000692463334397 0.0
 -0.155826035747 0.236532393091 -0.11615174199  0.417048381292 0.152520675637 -0.178100058431  -0.0256389924612 -0.00157880320106 0.0
 -0.153653792196 0.231710370309 -0.107233596659  0.416857868487 0.153088865326 -0.174114805063  0.0134477826019 0.00344776398773 0.0
 -0.153065784962 0.226737526377 -0.0963908086458  0.416686406961 0.152795625544 -0.168993423567  0.0378415664332 0.0200928865789 0.0
 -0.154378120764 0.221597915409 -0.0837446754548  0.416532091589 0.151582325031 -0.168988140616  0.0607763640383 0.0421442039816 0.0
 -0.156929288662 0.216284329135 -0.0696946240996  0.416393207753 0.149507560427 -0.16799328695  0.0827248714253 0.0458287734824 0.0
 -0.160560875699 0.210785518281 -0.0545970501002  0.416268212302 0.146916401244 -0.164226631523  0.0979033646749 0.0481347850231 0.0
 -0.164795406745 0.205095750772 -0.0384159954725  0.416155716395 0.14362940503 -0.156529710945  0.105028060887 0.0502101954096 0.0
 -0.169478974889 0.199212433998 -0.0212110767742  0.416054470079 0.139329162896 -0.145295551731  0.11503505872 0.0652093778889 0.0
 -0.174406944331 0.193131185055 -0.00280494338983  0.415963348394 0.134158761223 -0.142363026261  0.144956389449 0.0716379350495 0.0
 -0.180619758717 0.18684080821 0.0167782101292  0.415881338878 0.128118908265 -0.139723753338  0.17155878972 0.0905549496253 0.0
 -0.187657026899 0.180339681331 0.037634483048  0.415807530314 0.121405129805 -0.137348407707  0.189618597023 0.0742469294103 0.0
 -0.194615138478 0.173621443733 0.059654681018  0.415741102606 0.114104307231 -0.13521059664  0.205872423595 0.0666404182874 0.0
 -0.201000801427 0.166670232814 0.0827527908823  0.415681317669 0.106269576714 -0.142742012223  0.224749233523 0.0577743562567 0.0
 -0.206445940603 0.159474786999 0.106554959806  0.415627511226 0.0976926218263 -0.141054939714  0.228993264419 0.0255524761866 0.0
 -0.210363117663 0.152035117347 0.130712107671  0.415579085426 0.0887567022574 -0.131714792277  0.230525310526 0.021805309376 0.0
 -0.213395752823 0.144357087621 0.154888922412  0.415535502207 0.0795868062952 -0.124348263544  0.237786504964 0.0366146774283 0.0
 -0.21578060464 0.136453225193 0.178832275797  0.41549627731 0.0705821876959 -0.117767892635  0.231576481918 0.0277208864531 0.0
 -0.216742101127 0.128340438645 0.202439043707  0.415460974903 0.0615481350826 -0.106301004362  0.22729465072 0.0237568786159 0.0
 -0.215554687155 0.120036394523 0.225658683974  0.420743435638 0.0524736712597 -0.0878124880842  0.224421394798 0.000997352370474 0.0
 -0.211716398749 0.111560919504 0.24829945393  0.425682493183 0.0434268720941 -0.067558962048  0.225757033096 -0.0063549081191 0.0
 -0.204701079055 0.102943479193 0.270242805823  0.423935408375 0.0346805989389 -0.0464595014868  0.218135578153 -0.0149921445799 0.0
 -0.194917767651 0.0942009826759 0.2911318483  0.413305730754 0.0264498016988 -0.0264798879718  0.208661889618 -0.0207454553744 0.0
 -0.182824580449 0.0853466582793 0.310591157147  0.401705749176 0.018869468781 -0.00632001798649  0.187717269284 -0.0269335360996 0.0
 -0.169333597435 0.0763945917859 0.328329628745  0.38424173618 0.0120917150651 0.00979416202998  0.171808287454 -0.0123007885503 0.0
 -0.154992449427 0.0673681484789 0.344393594794  0.367553699346 0.00595275904946 0.0237523695894  0.156509811649 -0.00418182080636 0.0
 -0.140481447299 0.0582780040714 0.358833260453  0.352534466195 0.00100679546702 0.0363147563928  0.134571248785 0.0364585834965 0.0
 -0.126768685622 0.0491093851166 0.371251114663  0.339017156359 -0.00328587695233 0.0476209045159  0.115480136979 0.0679844423186 0.0
 -0.113140884012 0.0398490860633 0.381006195932  0.326851577507 -0.0063864334188 0.0577964378267  0.079017090601 0.0599940788948 0.0
 -0.0987729620172 0.0304703187071 0.387618807167  0.31590255654 -0.00818857185764 0.0669544178064  0.0422787802337 0.0346209336316 0.0
 -0.0829910558333 0.0209389338706 0.390709464742  0.30604843767 -0.00854929037209 0.0751965997881  0.00300515057632 0.00370429481387 0.0
 -0.0652943541881 0.0112142588035 0.389860038412  0.297179730687 -0.00689999639251 0.0826145635717  -0.0441058219977 -0.0423024983039 0.0
 -0.045159672315 0.00124871103859 0.385101759202  0.289197894402 -0.00397902620924 0.0892907309769  -0.0848717103861 -0.0796682080695 0.0
 -0.0222389469202 -0.00900127106576 0.376621811968  0.282014241745 0.00051799106172 0.0871804697604  -0.120580617779 -0.127438761 0.0
 0.00382939784739 -0.0195690558714 0.364629695441  0.275548954355 0.00624691471294 0.0852812346655  -0.155006216132 -0.174472662678 0.0
 0.0329265594536 -0.0304911464394 0.349366056933  0.269730195703 0.0130205193606 0.0835719230802  -0.182721280793 -0.214782972167 0.0
 0.0649563605241 -0.041794974376 0.330980216843  0.264493312916 0.020959850575 0.0820335426533  -0.208972028531 -0.249042048688 0.0
 0.0995236359469 -0.0535064978152 0.309697350765  0.259780118408 0.0296504349256 0.0806490002692  -0.229329727638 -0.272804510486 0.0
 0.135936724073 -0.0656444219489 0.285884628116  0.255538243351 0.0393289684696 0.0794029121235  -0.244710480365 -0.293180625094 0.0
 0.173166586918 -0.0782187539376 0.259855894963  0.2517205558 0.0495625619618 0.0782814327923  -0.256265576119 -0.287276703999 0.0
 0.21045750091 -0.0912274372103 0.231929777374  0.248284637004 0.0601008210504 0.0772721013943  -0.265357972756 -0.288023781074 0.0
 0.247011756263 -0.104664844329 0.202279700071  0.245192310087 0.0709188474147 0.076363703136  -0.271253548029 -0.27859514034 0.0
 0.281990555308 -0.118521281484 0.171240079448  0.242409215862 0.0814903069574 0.0755461447036  -0.266102049435 -0.258998252569 0.0
 0.315213183017 -0.132776597332 0.138933223988  0.23990443106 0.0921071318216 0.0748103421144  -0.262119295472 -0.238330750544 0.0
 0.346453654975 -0.147414971213 0.10529148747  0.237650124737 0.101662274199 0.0741481197842  -0.262783182918 -0.219729998722 0.0
 0.375295384636 -0.162414278425 0.0705984716273  0.235621249047 0.110261902339 0.073552119687  -0.257498328679 -0.201979221072 0.0
 0.401343329419 -0.17774379868 0.0355465215175  0.233795260926 0.118001567665 0.0730157195994  -0.241630848752 -0.178932814116 0.0
 0.423778393163 -0.193369710715 0.00114914566898  0.232151871617 0.124967266459 0.0725329595207  -0.218199790021 -0.157180946846 0.0
 0.441978785633 -0.209252372345 -0.0315700401824  0.230672821239 0.131236395373 0.0720984754498  -0.177830791411 -0.126493155192 0.0
 0.455260717504 -0.22536785369 -0.0618691539172  0.229341675899 0.136878611395 0.071707439786  -0.128099999851 -0.0978640416928 0.0
 0.46353963177 -0.241706507996 -0.0896167287774  0.228143645093 0.142084675307 0.0713555076886  -0.0820350979055 -0.0640170314629 0.0
 0.466889751496 -0.258273226995 -0.1151600427  0.227065417367 0.145336311346 0.0710387688009  -0.041557078311 -0.0375951262964 0.0
 0.466284887911 -0.275072409852 -0.138820937115  0.226095012414 0.14709345364 0.070753703802  0.00206268180765 -0.0471487449799 0.0
 0.462084956919 -0.292118921217 -0.16079169348  0.225221647957 0.147422027982 0.070497145303  0.0475296162413 -0.0193833654314 0.0
 0.454273554754 -0.309434337211 -0.181335025184  0.224435619945 0.146200399826 0.0702662426539  0.0770119487348 0.00661557717233 0.0
 0.443065582103 -0.327038616253 -0.200778850676  0.223728194734 0.143697738316 0.0700584302697  0.0976636950378 0.0209237164248 0.0
 0.428462112916 -0.344954087437 -0.219298867422  0.223091512044 0.140022657953 0.0698713991239  0.13945288109 0.0570333649843 0.0
 0.410915200664 -0.36320540447 -0.237059166919  0.222518497624 0.135186604085 0.0697030710927  0.175429161608 0.0814512406071 0.0
 0.390936790607 -0.381817323648 -0.254091365176  0.222002784645 0.12922771872 0.0695515758646  0.198003892506 0.105447530688 0.0
 0.368334811651 -0.40082127775 -0.270515720978  0.221538642964 0.12206339665 0.0694152301594  0.220281934628 0.116943181659 0.0
 0.343325483026 -0.420238957124 -0.286457889426  0.21321888218 0.114050831694 0.0692925190246  0.251443283649 0.136380176625 0.0
 0.316524947574 -0.440090253772 -0.302163035032  0.210675644609 0.10505211859 0.0691820790033  0.279161700382 0.156903775124 0.0
 0.288346646501 -0.460394579015 -0.318053772991  0.213007802884 0.0952493957335 0.0789836730832  0.29005598786 0.178405316803 0.0
 0.259502426471 -0.481157295296 -0.33460662884  0.212796209287 0.0849040318604 0.0815179790422  0.300187643976 0.185635492194 0.0
 0.230587077362 -0.502379941549 -0.352249037033  0.215285996861 0.074368191846 0.0791453890588  0.304404173696 0.197193155096 0.0
