 0.349510811752 0.296156117799 -0.243952783145  -0.113327441449 -0.0706379175511 -0.346393034826  -0.0260545905707 0.039 0.0
 0.349413579424 0.296150531006 -0.244027095732  -0.116022978347 -0.070163110267 -0.349689054726  -0.0272952853598 0.0482307692308 0.0
 0.349061485796 0.296127138592 -0.244267646035  -0.122337604949 -0.0693056641716 -0.357319651741  -0.0306451612903 0.055 0.0
 0.348736290714 0.296083409147 -0.244772710493  -0.131025629695 -0.0679725728969 -0.364871268657  -0.0396153846154 0.0503230769231 0.0
 0.348505692289 0.29600998993 -0.245556840555  -0.141717145382 -0.066239330801 -0.373471206468  -0.0457034739454 0.0522676923077 0.0
 0.348559810403 0.29590110154 -0.246618439606  -0.151162752983 -0.0638471036756 -0.380775827114  -0.0546566997519 0.0447870769231 0.0
 0.348971751626 0.295747525391 -0.247950865105  -0.159177719399 -0.060920442688 -0.386665906095  -0.0669329652605 0.0388237538462 0.0
 0.349826684963 0.295541016286 -0.249517998296  -0.165153893548 -0.0576412684896 -0.390474439863  -0.075748353598 0.0311490707692 0.0
 0.35111164256 0.295271812079 -0.251298516576  -0.170223126376 -0.0538549094878 -0.392720528215  -0.087404287469 0.0250110867692 0.0
 0.353036382304 0.294931855602 -0.253253270806  -0.170675846881 -0.0494752279458 -0.388523102259  -0.0973983500372 0.0125638242462 0.0
 0.355596540927 0.294514789302 -0.255330001876  -0.168387758437 -0.0448520264561 -0.380454374123  -0.107633701138 -0.000946404332308 0.0
 0.358765580135 0.294017826342 -0.257463671464  -0.163058483256 -0.0399873131413 -0.367160180492  -0.114115988592 -0.0131056100529 0.0
 0.362322886148 0.293437269536 -0.259588689871  -0.155699166083 -0.0349331690241 -0.350220281846  -0.122927714795 -0.0255873567399 0.0
 0.366097724517 0.292771980047 -0.261685434399  -0.149694428441 -0.0295688879836 -0.331491785999  -0.126888045052 -0.0322055441429 0.0
 0.369967906699 0.29200779118 -0.263672569785  -0.143494760232 -0.0240399960571 -0.311277930782  -0.131196759158 -0.039700374344 0.0
 0.373938311724 0.291132289619 -0.265566325741  -0.137561545809 -0.018114378755 -0.288794416311  -0.134826462894 -0.0449072599865 0.0
 0.378252002151 0.290131385403 -0.267402267494  -0.132310031087 -0.0117981928067 -0.262837860252  -0.139333891047 -0.0580549955263 0.0
 0.383095499885 0.28898977472 -0.269190794684  -0.128644206944 -0.0050383266039 -0.231952084177  -0.144631271173 -0.0737341113583 0.0
 0.388428678447 0.287691609112 -0.270918670873  -0.127156719524 0.00208175005158 -0.198184736456  -0.148902635371 -0.0839991617609 0.0
 0.394070436225 0.286223980897 -0.272549180636  -0.128513517744 0.00947574240202 -0.163814024004  -0.152498724191 -0.0978530917387 0.0
 0.399826189377 0.2845809838 -0.274012005645  -0.128408962258 0.0172028413827 -0.132880382798  -0.153998231424 -0.107244705642 0.0
 0.405223492606 0.282750100045 -0.275296969411  -0.131805803548 0.0249867467205 -0.105040105712  -0.158077316471 -0.113389465847 0.0
 0.410276348551 0.280729693313 -0.276366025158  -0.138530658456 0.0327882619713 -0.0799838563351  -0.155296880109 -0.118150519262 0.0
 0.415013049962 0.278514581228 -0.277191962654  -0.147101808254 0.0405693173517 -0.0574332318956  -0.152794487383 -0.125512390413 0.0
 0.419587073705 0.276100843931 -0.277780313548  -0.159013810371 0.0483598886888 -0.0371376699001  -0.152527445593 -0.132907305218 0.0
 0.423953435837 0.273482057821 -0.278171207889  -0.174286092613 0.0561981261633 -0.0188716641041  -0.151790830066 -0.138024267004 0.0
 0.428078677611 0.270652378413 -0.27836737423  -0.191566276989 0.0640876421136 -0.00243225888771  -0.148150208598 -0.138014147996 0.0
 0.431756367018 0.267604434045 -0.27835883632  -0.209902358083 0.0720456525643 0.012363205807  -0.144873649276 -0.137235810119 0.0
 0.434900353341 0.26433926346 -0.278072427244  -0.22883523319 0.0798139395032 0.0256791240323  -0.142172884845 -0.135766075261 0.0
 0.437189483931 0.260859355382 -0.277457963129  -0.247377251188 0.0874310261696 0.037663450435  -0.137012668321 -0.130597160043 0.0
 0.43817908054 0.25716704482 -0.276478663057  -0.262474258725 0.0946718359646 0.0577155133517  -0.128646389082 -0.113637444038 0.0
 0.437670741679 0.2532755325 -0.27510489394  -0.275487106825 0.101487414071 0.0741454545539  -0.124342544218 -0.099912161173 0.0
 0.435406678101 0.24919648826 -0.273202305344  -0.285431104936 0.107881181881 0.0840816553671  -0.110791664486 -0.0906363296711 0.0
 0.431084886598 0.244943103682 -0.270600915363  -0.292568948927 0.11350430266 0.0916560768951  -0.0948737883603 -0.0753650043963 0.0
 0.424434058134 0.240525746812 -0.267206427356  -0.296827741176 0.118257883119 0.0954257925887  -0.0750886427749 -0.058543888572 0.0
 0.415316785298 0.235948707577 -0.262968276954  -0.297655793395 0.122097607041 0.097885700892  -0.0550487611276 -0.0349433458687 0.0
 0.40392912801 0.231211707979 -0.257941746992  -0.293584425279 0.124827182724 0.0957463845341  -0.0375091455608 -0.0237028574356 0.0
 0.390702981422 0.22631575215 -0.252202337938  -0.287578170113 0.126767098794 0.0933234873743  -0.0207309357193 -0.0151248793844 0.0
 0.375930178648 0.221259106616 -0.245783598417  -0.27996308399 0.127814777251 0.0943145217214  -0.0033972962417 -0.00740469913826 0.0
 0.359729616339 0.216037901988 -0.23877004875  -0.270458158711 0.128009168144 0.0958905322358  0.0126992572038 0.00108192462172 0.0
 0.342242038602 0.210646279504 -0.231212349728  -0.258766297767 0.127396498453 0.0977442650819  0.0266898773891 0.00718142446724 0.0
 0.323770074465 0.205083020592 -0.223131581278  -0.246873759904 0.126320014734 0.100096704245  0.040522130345 0.00728635894359 0.0
 0.304616257331 0.199348137928 -0.214546199934  -0.235419260626 0.124795375567 0.104390516408  0.0487527957224 0.00276541535693 0.0
 0.284908288675 0.193434895498 -0.20539775519  -0.22391710478 0.122627199869 0.107384300588  0.0655896749591 0.0125427199751 0.0
 0.264734340121 0.18733904357 -0.195753175584  -0.212416247152 0.119972009767 0.109083681474  0.0785096156518 0.0174961402853 0.0
 0.244052229249 0.181052356409 -0.185676232668  -0.20012115359 0.116590829347 0.108187751138  0.0886487285283 0.0227234493337 0.0
 0.222726110488 0.174572354761 -0.175183968552  -0.185476249897 0.112514362879 0.111548080502  0.100255319695 0.0312741813234 0.0
 0.200323534626 0.167893680264 -0.164383806425  -0.165534899764 0.107965753091 0.119671879417  0.110701251746 0.0435852247295 0.0
 0.176729794208 0.161014665824 -0.153384962189  -0.138263778325 0.103089968755 0.136000711376  0.110673310194 0.0500497791796 0.0
 0.151552156708 0.153935251019 -0.142280753096  -0.107886803939 0.098028653703 0.148893177551  0.111640718629 0.0727909551078 0.0
 0.12464858073 0.146658556813 -0.131047860358  -0.0763937488212 0.0928394627824 0.153966546363  0.116729748503 0.0917195519047 0.0
 0.0963844315743 0.139188671581 -0.119582258583  -0.0413332515352 0.0870883061366 0.153806210135  0.124535681841 0.106447596714 0.0
 0.0672592272383 0.131532654577 -0.107793318154  -0.00659718665562 0.0809710295393 0.150676832903  0.133794272466 0.114318221658 0.0
 0.0375794651074 0.123692677743 -0.0956362829993  0.028951617295 0.0743818028003 0.145745965533  0.149074894847 0.123709476415 0.0
 0.00766409901933 0.115669219858 -0.0831565173346  0.0628898625474 0.0675186420712 0.137328085397  0.155631425213 0.128315451851 0.0
 -0.0218564869272 0.107462754861 -0.0703529057193  0.096925224503 0.0600151300035 0.127077863922  0.160291607754 0.123230060512 0.0
 -0.0506958921736 0.0990744102473 -0.0572333082432  0.133566771871 0.0520246772199 0.118163609868  0.168207856408 0.128653208307 0.0
 -0.0790635751231 0.0905060387359 -0.0439342530559  0.164599842806 0.043721662073 0.103237796145  0.174339924365 0.129687887476 0.0
 -0.107006192989 0.0817662768452 -0.0306546201624  0.185326778543 0.0353942953295 0.0823418772273  0.176632979075 0.121388329498 0.0
 -0.134073917491 0.0728705806361 -0.017510795471  0.203981020707 0.0272656578868 0.0602395303006  0.173982088115 0.115457188856 0.0
 -0.1601207167 0.0638335322317 -0.0044924724391  0.220769838654 0.0191231609172 0.039103636972  0.170107452505 0.107042239201 0.0
 -0.185253381793 0.0546732722667 0.00840734439931  0.235879774806 0.0109598114214 0.0203922782499  0.168109114202 0.0986995537424 0.0
 -0.209802611398 0.0454047342007 0.0211085963864  0.249478717343 0.00314357555913 0.00243265241498  0.164325498067 0.0981142137527 0.0
 -0.233863124764 0.0360420716852 0.0335525096912  0.261717765626 -0.00433512117676 -0.0154723043688  0.157198159179 0.0952797154544 0.0
 -0.257349063739 0.0265996108257 0.0456532010008  0.272732909081 -0.0113396606734 -0.0321464669667  0.14383566336 0.0834978977551 0.0
 -0.280065845061 0.0170953054671 0.0573093516458  0.282646538191 -0.0174985110512 -0.0431109247477  0.131809417123 0.0659711849027 0.0
 -0.302040286775 0.00754245786938 0.0684772241355  0.29156880439 -0.0229241710621 -0.0519217228202  0.121730212384 0.0625048356432 0.0
 -0.323326621854 -0.00204964045806 0.079199995312  0.299598843968 -0.0277514053915 -0.0595404958118  0.108192426877 0.0563081982327 0.0
 -0.343870409705 -0.0116766413556 0.0893982477358  0.306825879589 -0.0323612497703 -0.0663973915042  0.073924052676 0.0768850707171 0.0
 -0.362962783376 -0.0213901749924 0.0985806843758  0.313330211648 -0.0351471335073 -0.0725685976275  0.034645791329 0.0761734867223 0.0
 -0.379216977732 -0.0312474405733 0.106442698412  0.314588441035 -0.035607171581 -0.0781226831383  -0.011870896985 0.0486099842039 0.0
 -0.391621832992 -0.0413126495085 0.112938055608  0.308562208509 -0.0339571906535 -0.0831213600981  -0.0604356683287 0.00611052424509 0.0
 -0.400006728215 -0.0516558062404 0.118246254685  0.302078060129 -0.0302797153598 -0.087620169362  -0.0971960717192 -0.0267543743333 0.0
 -0.404452966274 -0.0623348781337 0.122607739318  0.298230837412 -0.0247551512643 -0.0916690976994  -0.130280434771 -0.0655635522846 0.0
 -0.405189917966 -0.07339933099 0.12624109977  0.293575230472 -0.0182636602693 -0.0961837799693  -0.160056361517 -0.0943379662869 0.0
 -0.402662455627 -0.0848896988187 0.12935909636  0.283861543041 -0.0109661736972 -0.0983813223703  -0.176929137276 -0.114081092735 0.0
 -0.397042847238 -0.0968307273572 0.13217236892  0.269772339687 -0.00304663151458 -0.0990531403821  -0.195588580868 -0.130311445 0.0
 -0.388877525502 -0.109246145588 0.134909893549  0.250154363341 0.00566737137546 -0.101585637289  -0.216104164469 -0.145687992808 0.0
 -0.378485960911 -0.122147292253 0.137714885909  0.231039943357 0.0149483607489 -0.103864884505  -0.227372159933 -0.167219193527 0.0
 -0.366167225981 -0.135541933832 0.140670519819  0.211053050214 0.0248876661107 -0.105916207  -0.233046854609 -0.18044342802 0.0
 -0.352314583834 -0.149435203263 0.14384483282  0.187320259554 0.0353915260218 -0.107762397245  -0.240387330439 -0.198499085218 0.0
 -0.337332562847 -0.163823213955 0.147418123958  0.159995215481 0.0462275270338 -0.109423968466  -0.241534701613 -0.207056869004 0.0
 -0.321354412318 -0.178687836788 0.151542597402  0.1283324151 0.0573931778607 -0.110919382565  -0.243311752544 -0.223220412873 0.0
 -0.304775026138 -0.19401101607 0.15630514444  0.0936936057595 0.067442263605 -0.112265255254  -0.237715068604 -0.215459910047 0.0
 -0.288420625776 -0.209778228575 0.161853859009  0.0608836795627 0.0764864407748 -0.113476540674  -0.227467134945 -0.208475457504 0.0
 -0.273202099263 -0.225952592553 0.168528129133  0.0301616394898 0.0846262002277 -0.114566697551  -0.202859379267 -0.179112527138 0.0
 -0.260015552958 -0.242484539659 0.176719570928  0.00414680121467 0.0919519837352 -0.115547838742  -0.173020091464 -0.154224351348 0.0
 -0.249183486832 -0.259333505669 0.186809585183  -0.0177199337013 0.098545188892 -0.116430865813  -0.134750340382 -0.133363454674 0.0
 -0.240967521575 -0.2764849988 0.199081982152  -0.0353672951699 0.105146596715 -0.117225590177  -0.08765247756 -0.104588647668 0.0
 -0.235867665067 -0.293951000339 0.21367318512  -0.04550533366 0.109199806555 -0.117940842104  -0.0378202322854 -0.0763836290554 0.0
 -0.234343526282 -0.311772998991 0.230657011607  -0.054629568301 0.11061889416 -0.118584568839  0.0124878455337 -0.0425375738422 0.0
 -0.236195072116 -0.330004272219 0.249908033655  -0.062841379478 0.109829264827 -0.119163922901  0.0607427830647 -0.0074607395349 0.0
 -0.241182290966 -0.348708564192 0.271297044308  -0.0702320095373 0.105867565023 -0.119685341556  0.104916643716 0.0310314882647 0.0
 -0.248802181105 -0.367951395742 0.29465099862  -0.0768835765906 0.0988499069453 -0.120154618345  0.143432423513 0.0679821855921 0.0
 -0.258461236826 -0.387793509065 0.319685619102  -0.0828699869386 0.089701928875 -0.120576967456  0.17586337471 0.119699351648 0.0
 -0.269366270767 -0.408277801255 0.346011091669  -0.0882577562518 0.079181294696 -0.120957081656  0.190411032276 0.148552493407 0.0
 -0.280509890063 -0.429413891676 0.373285081984  -0.0931067486337 0.0678944913353 -0.119371323739  0.215662733019 0.184520320989 0.0
 -0.290826096385 -0.451201266293 0.401187211818  -0.0974708417774 0.0564124938831 -0.117944141614  0.229456261206 0.181506750429 0.0
 -0.29949451752 -0.473622935157 0.429446329994  -0.101398525607 0.0449251937742 -0.116659677701  0.22648582119 0.190332998463 0.0
 -0.306136166082 -0.496645029861 0.457779320144  -0.104933441053 0.0338297250057 -0.11550366018  0.216120117483 0.164430467847 0.0
