 0.462108488582 0.400539580224 0.358943652366  0.25631211857 -0.50182931448 -0.556174934726  -0.0205376344086 0.292195121951 0.0
 0.462122656923 0.400538477853 0.35858488705  0.250906713165 -0.501122333039 -0.55865535248  -0.028064516129 0.272682926829 0.0
 0.462166721793 0.400533131065 0.35700128605  0.239851787271 -0.499640196945 -0.56225848564  -0.0391397849462 0.252682926829 0.0
 0.461091853919 0.40047543977 0.354264303945  0.227809938971 -0.497510920338 -0.568503916449  -0.0458817204301 0.242 0.0
 0.459219145785 0.400368181171 0.350187832833  0.218367218832 -0.494458351218 -0.574124804178  -0.059476344086 0.220190243902 0.0
 0.45685816796 0.40019137013 0.345097791696  0.215797279861 -0.49044857215 -0.578661409922  -0.0738620430108 0.195683414634 0.0
 0.454544576261 0.39994849606 0.339172597288  0.217843532694 -0.485716175483 -0.581047227154  -0.0825080967742 0.171188243902 0.0
 0.452267529044 0.399625823341 0.332415145655  0.222998150654 -0.479967307587 -0.581627883029  -0.0945906204301 0.146703565854 0.0
 0.450009685778 0.399208160401 0.324924992881  0.230601561395 -0.473189993569 -0.580583893681  -0.114067042258 0.117350282439 0.0
 0.447757684965 0.398683989067 0.316926539667  0.242850036467 -0.465714322075 -0.578077723634  -0.128370015452 0.0982494005366 0.0
 0.445657049218 0.398061585173 0.308797033124  0.257361022359 -0.457976244242 -0.573798671898  -0.136941616057 0.0737415336537 0.0
 0.443616046516 0.397333660694 0.300831705314  0.272600508614 -0.44958538664 -0.568511494003  -0.146806594236 0.0565625022395 0.0
 0.441560831902 0.396489117062 0.292714349843  0.286403230203 -0.440619651915 -0.562773921626  -0.15460980578 0.043540398357 0.0
 0.439889723037 0.395506672032 0.284643308662  0.301354014419 -0.431187026453 -0.554933866278  -0.163783233804 0.0196253829116 0.0
 0.438558904755 0.39437697028 0.276878442454  0.317338055 -0.421574068032 -0.545984866073  -0.173114587843 0.000540893400897 0.0
 0.437124147923 0.393084220266 0.269632024102  0.333031450895 -0.411798809947 -0.53662528286  -0.175061193575 -0.0141961227685 0.0
 0.435074943686 0.391600292892 0.262250566709  0.34619648366 -0.401082128044 -0.527483642303  -0.185415289271 -0.0225813885404 0.0
 0.432440941167 0.38990246629 0.254328188163  0.359265588564 -0.389265671331 -0.516906296349  -0.19795978185 -0.0325671521254 0.0
 0.4294983836 0.387986293922 0.246398865023  0.373904853596 -0.376964404034 -0.504384074025  -0.208174556353 -0.0439933637421 0.0
 0.426808757463 0.385860210207 0.238757088845  0.388039215664 -0.363999563176 -0.489132350696  -0.216292584589 -0.0615940273679 0.0
 0.424407384168 0.383527172986 0.231468704202  0.401806349024 -0.350336508764 -0.470967157401  -0.234351498173 -0.0969468197531 0.0
 0.421940564363 0.380994780462 0.225021351153  0.41454550488 -0.336234432184 -0.451420050016  -0.237701294592 -0.0970570158265 0.0
 0.419232001259 0.378245715523 0.219302749189  0.425923561192 -0.321775109658 -0.429780655981  -0.246092455455 -0.119107411805 0.0
 0.416291966916 0.375228835529 0.213423477854  0.433286741254 -0.306565027047 -0.407824783594  -0.256870306684 -0.124318621844 0.0
 0.412569125473 0.371897011175 0.206756252974  0.439826419352 -0.290388892982 -0.385910451449  -0.271946716876 -0.133886759659 0.0
 0.408099468803 0.368251984419 0.19964203881  0.44571212964 -0.273823050017 -0.362728022492  -0.284440217231 -0.152254181255 0.0
 0.40283688168 0.364307007582 0.192330669198  0.450660533067 -0.256414106964 -0.336968275073  -0.291383292282 -0.17122388508 0.0
 0.397092622159 0.360051843454 0.184610666841  0.454852544276 -0.238094877811 -0.306604345738  -0.304083672732 -0.195613691694 0.0
 0.391177088191 0.355430443645 0.175587567328  0.454789260206 -0.218426155085 -0.27444652213  -0.31766455277 -0.210247444476 0.0
 0.385676485614 0.350433983443 0.165768610164  0.451419314133 -0.198047874887 -0.241326935191  -0.310532506095 -0.203905626858 0.0
 0.380847355334 0.345077055728 0.155678920166  0.443416877053 -0.176955244954 -0.206754293892  -0.315941621077 -0.217710186123 0.0
 0.376037823358 0.339371700378 0.145954780128  0.431245198066 -0.155232324928 -0.172244660847  -0.318659286926 -0.227695265072 0.0
 0.370412458914 0.333325848739 0.13687167814  0.415582753238 -0.133598626585 -0.140598523744  -0.322180455008 -0.224486714174 0.0
 0.363496621464 0.326929673471 0.12805818165  0.397388906859 -0.111603364356 -0.110811517323  -0.325349506281 -0.224038042757 0.0
 0.355574361953 0.320159889484 0.11901326047  0.377352718876 -0.0893205686347 -0.0813269713346  -0.326051114793 -0.223634238481 0.0
 0.347255119015 0.312988579675 0.108841127679  0.350776121792 -0.0658321426259 -0.0517229948278  -0.33205890654 -0.235465936584 0.0
 0.338672065457 0.305415798598 0.0976861326282  0.319097812141 -0.0408420352943 -0.0231211914285  -0.343917532015 -0.241236416097 0.0
 0.329227210833 0.297470783658 0.0868025393408  0.286053767631 -0.0153967662428 0.00307735069083  -0.339536531501 -0.248868872048 0.0
 0.318863954293 0.289197929424 0.0772805197005  0.25221648154 0.00952392287987 0.0275698767183  -0.328066749319 -0.236225887282 0.0
 0.307628138809 0.280596782758 0.0694919917207  0.219670509061 0.0334927526598 0.050200617506  -0.316668676538 -0.215091103432 0.0
 0.295831751448 0.271666922853 0.0627799992304  0.185932751965 0.0571351451125 0.071025203275  -0.316087830389 -0.215581993089 0.0
 0.283600177816 0.26238922634 0.0564164163827  0.151383940587 0.0809634813777 0.0883312991355  -0.316640337673 -0.211145744999 0.0
 0.270986016252 0.252754128085 0.0502093345487  0.11828477931 0.104706673702 0.10390678541  -0.308535443691 -0.192518975378 0.0
 0.258055014126 0.242775325169 0.044397827409  0.0864903031224 0.128057619764 0.118577464571  -0.302316307924 -0.185510980279 0.0
 0.244983016699 0.232472813947 0.0386918525421  0.0556084916419 0.150866174162 0.131715801665  -0.294568548099 -0.169447687129 0.0
 0.232235947234 0.22185947752 0.0328368387012  0.0230197436111 0.173729436812 0.144258320715  -0.287595564257 -0.164746820855 0.0
 0.219639147271 0.210945528389 0.0268316990702  -0.0109308793986 0.196376818847 0.155742410315  -0.284545685251 -0.155637992428 0.0
 0.20694569137 0.19972997674 0.0204413416838  -0.0424454636471 0.218413294266 0.167187751529  -0.27965025651 -0.147440046844 0.0
 0.194348053307 0.188217098749 0.0136696847936  -0.0726394525919 0.239975701741 0.17879404165  -0.268792757741 -0.140061895818 0.0
 0.181901972006 0.176415843601 0.00684671265034  -0.101383353889 0.260480214637 0.189892444274  -0.261171546483 -0.140738633065 0.0
 0.169076328045 0.16434976802 0.000319910215807  -0.128560624429 0.279982123738 0.200011554938  -0.250011381082 -0.138908672198 0.0
 0.155731408025 0.152045782589 -0.00558032425372  -0.153892007496 0.298228198701 0.209184028687  -0.235666156952 -0.115310487905 0.0
 0.142292139419 0.139498595318 -0.0114498434341  -0.179480138917 0.315533392971 0.215742127123  -0.235658681042 -0.116023341554 0.0
 0.129249447859 0.12671753905 -0.0180129041179  -0.205124975941 0.33249678136 0.222101334777  -0.22920033982 -0.126421007398 0.0
 0.116024297549 0.113723664638 -0.0243486908047  -0.231169583839 0.348761179729 0.228020444119  -0.219086757451 -0.126022809097 0.0
 0.101900309217 0.100552609251 -0.0293300124509  -0.255132834697 0.363702130308 0.234653125555  -0.191704963426 -0.111030284285 0.0
 0.0860730150931 0.0872441903541 -0.0317033108134  -0.273299586101 0.375823395626 0.241405828666  -0.146631241277 -0.075585792442 0.0
 0.0687481333502 0.0738252299041 -0.0313317533788  -0.287208511536 0.385167075506 0.248201277131  -0.110365966612 -0.0558808717344 0.0
 0.050088027917 0.0602850477422 -0.0285470906872  -0.296587921934 0.391581689758 0.255426841324  -0.0755766817784 -0.0405854674878 0.0
 0.0305293937236 0.0466085674849 -0.0241454172863  -0.299711169845 0.39486778287 0.262647864763  -0.0356641748908 -0.0170635061049 0.0
 0.0105253386193 0.0327848450112 -0.0191314858677  -0.299383470472 0.396348180445 0.269407882464  -0.0029687251437 0.00410625913975 0.0
 -0.00982761146257 0.0188051531843 -0.0138326854209  -0.295949918543 0.39616557803 0.276732107273  0.0243066419943 0.0109639259087 0.0
 -0.0301192223986 0.00466695753147 -0.00821610774664  -0.288326155982 0.393135436083 0.285739053203  0.056381354139 0.0268919235617 0.0
 -0.0497835563975 -0.00963592455836 -0.00327857081891  -0.27945953864 0.388173741989 0.293518933784  0.0830980574348 0.0387880970592 0.0
 -0.0685311448024 -0.0241125333672 5.56715438055e-05  -0.269997455744 0.382231131077 0.299868084792  0.104992552767 0.0519336775972 0.0
 -0.0862692409287 -0.0387480992042 0.00131022765242  -0.262440604677 0.375834933763 0.30381991861  0.11502017921 0.0540086025204 0.0
 -0.103013484628 -0.0534980286448 0.00160114031513  -0.25407012747 0.368007910529 0.307441843198  0.146625688171 0.0534370105611 0.0
 -0.119488065019 -0.0683297151856 0.00191214300604  -0.243833995281 0.357655926445 0.310505752873  0.165393226881 0.0626786753586 0.0
 -0.135257648109 -0.083231119046 0.00148106324481  -0.233662452771 0.346458065148 0.314438206307  0.181208742902 0.0612400761154 0.0
 -0.149986308452 -0.098204212995 -0.000129131638063  -0.224682432429 0.334915528422 0.319413445728  0.181464212698 0.0477502148453 0.0
 -0.164195971341 -0.11322565318 -0.00241972833402  -0.213548975585 0.322179057009 0.325000821782  0.196747898955 0.0551215348242 0.0
 -0.178814246415 -0.128276969628 -0.00472895159785  -0.19908248256 0.307951430313 0.328854525505  0.213729023038 0.069072795976 0.0
 -0.193689586449 -0.143339911778 -0.00758282252884  -0.183447120093 0.292811002596 0.331082649978  0.226861497078 0.086506979793 0.0
 -0.208249456836 -0.158393152615 -0.0111840592068  -0.167718798668 0.277391914708 0.332108849732  0.23653018608 0.0924416476673 0.0
 -0.222721715882 -0.173423951889 -0.0153618177429  -0.151122158557 0.261204421255 0.332706058753  0.243081468548 0.0977828487543 0.0
 -0.237578539221 -0.188419218677 -0.0198408934463  -0.136359550374 0.244047620084 0.329588194392  0.255429235671 0.097711880952 0.0
 -0.25267818455 -0.203377135777 -0.0240264528032  -0.12533998592 0.225803822601 0.321233813595  0.284821795975 0.117160205052 0.0
 -0.26744912582 -0.218259302761 -0.0280298117438  -0.116032665619 0.206985717831 0.313453774272  0.302672949711 0.124907599181 0.0
 -0.281940763167 -0.23305388483 -0.0321138061127  -0.106261134018 0.187486615812 0.30592954567  0.313362643987 0.134319278287 0.0
 -0.296127895706 -0.247768553975 -0.0365072305683  -0.0932819255859 0.166869629524 0.298113353505  0.313305949481 0.140350765093 0.0
 -0.310171665221 -0.262396070299 -0.040864639951  -0.0853495481974 0.145953528836 0.287815072985  0.32293234378 0.160413249559 0.0
 -0.323774022705 -0.276915751557 -0.045900903257  -0.0828311583297 0.125399458619 0.277110589185  0.328370292198 0.146762168506 0.0
 -0.337566313921 -0.291326982394 -0.0518092578786  -0.0819595507792 0.105007095133 0.263103185619  0.337565521043 0.16374448824 0.0
 -0.352124067037 -0.305623552841 -0.0583712539922  -0.0830931510631 0.0844699003276 0.245339864446  0.351217571089 0.176589551611 0.0
 -0.367367742551 -0.319779695054 -0.0648930665867  -0.0848980469419 0.0633226199275 0.225893345365  0.360278609679 0.168637913523 0.0
 -0.382469478146 -0.333753388205 -0.0719462824557  -0.0919278586383 0.042585737306 0.207934559131  0.339401286345 0.137091195342 0.0
 -0.396734036371 -0.347529826266 -0.0799822227758  -0.0998240004118 0.0221172153365 0.192359118884  0.3302891147 0.12089427093 0.0
 -0.410159044 -0.361109838605 -0.0888288024022  -0.109720414669 0.00161247524462 0.175534434149  0.334991386026 0.140463380422 0.0
 -0.422480649934 -0.374479856698 -0.0993552160952  -0.121417074161 -0.0183946250762 0.15680213956  0.33492235495 0.158075578965 0.0
 -0.433886987178 -0.387656098219 -0.111775233264  -0.133862114783 -0.0389638230912 0.132305998711  0.346688183971 0.176365582044 0.0
 -0.444224729728 -0.400625770058 -0.12579815564  -0.148462825711 -0.0592688042463 0.106604119466  0.348675279553 0.190387560425 0.0
 -0.453545926192 -0.413384955252 -0.141455241616  -0.162998408877 -0.0797526042913 0.0802087205744  0.357990547296 0.198129292188 0.0
 -0.460982647715 -0.425898959137 -0.159213614352  -0.172767443316 -0.101306317477 0.0561917649661  0.359922675362 0.183145631261 0.0
 -0.466289378148 -0.438163687251 -0.179660710888  -0.174933593492 -0.123393713756 0.0327488286783  0.360586321805 0.19161155594 0.0
 -0.470095419705 -0.450180884191 -0.203090743907  -0.181242326558 -0.145241818709 0.00642825390449  0.365484678871 0.213865034493 0.0
 -0.473229824087 -0.461924723864 -0.22766893906  -0.190233176727 -0.167051306829 -0.0220252764468  0.363441587328 0.229015116409 0.0
 -0.475993965001 -0.473369808544 -0.252530397464  -0.195273503343 -0.189621393922 -0.053181756635  0.373430761929 0.264601409646 0.0
 -0.478188197637 -0.484514411461 -0.279148153702  -0.199809797299 -0.211638802566 -0.0881416488566  0.355539298639 0.269799805267 0.0
 -0.47976544536 -0.49533029797 -0.308746872698  -0.203892461858 -0.23206045444 -0.124174742457  0.322232680603 0.247649093033 0.0
 -0.480073185922 -0.50574331015 -0.341977820192  -0.214105656823 -0.249922329713 -0.155625414425  0.26967607921 0.2082012569 0.0
