 0.24164745502 0.320745803283 -0.191653241983  -0.232025411061 -0.50691043354 -0.478727828746  -0.159897959184 -0.0754666666667 0.0
 0.241604431759 0.320733406625 -0.191686437574  -0.230680119581 -0.505743211053 -0.480685015291  -0.158367346939 -0.0554666666667 0.0
 0.241526918037 0.320693060885 -0.191750945624  -0.229843049327 -0.504168651739 -0.483241590214  -0.149336734694 -0.0468 0.0
 0.241471518303 0.320628613829 -0.191813272196  -0.225053811659 -0.502489518818 -0.485297859327  -0.141209183673 -0.0443333333333 0.0
 0.241464003635 0.320550157378 -0.191924640218  -0.216034977578 -0.500192210576 -0.486536880734  -0.140527040816 -0.04478 0.0
 0.241542588604 0.320464857645 -0.192164263894  -0.207320119581 -0.496897858504 -0.486245272171  -0.139913112245 -0.0518486666667 0.0
 0.241725236912 0.320372932156 -0.192528754343  -0.196786164425 -0.492753808718 -0.485004231193  -0.140891188776 -0.0542104666667 0.0
 0.24201718044 0.320269079836 -0.193078788104  -0.18820246577 -0.487320971915 -0.482725214801  -0.145853090306 -0.05766942 0.0
 0.242421840172 0.320139110202 -0.193896516473  -0.180776090643 -0.480561480727 -0.480001317174  -0.155931046582 -0.056782478 0.0
 0.242921861166 0.319959859511 -0.195077722795  -0.172821799964 -0.47294149273 -0.477427485151  -0.171633860291 -0.0546508968667 0.0
 0.243510230239 0.319709091066 -0.196690289725  -0.164467123705 -0.464511326306 -0.474927550092  -0.191888841609 -0.06206580718 0.0
 0.244192035198 0.319374554548 -0.198765354865  -0.15410785528 -0.454601641984 -0.471087394471  -0.214199957448 -0.068739226462 0.0
 0.244967317806 0.318940460395 -0.201291321444  -0.142841314894 -0.442895884646 -0.46542941955  -0.237851390274 -0.0894119704825 0.0
 0.245818023114 0.318393914076 -0.204201592848  -0.12896450777 -0.429549840727 -0.456851003589  -0.257096863492 -0.101350773434 0.0
 0.246674883512 0.317720326559 -0.207419466082  -0.11610168928 -0.415632731833 -0.448212998031  -0.271356564898 -0.110762362757 0.0
 0.247536795048 0.316911738313 -0.210884552257  -0.100489278199 -0.400177367177 -0.437136040736  -0.291333153306 -0.123232793148 0.0
 0.248407931156 0.315958137246 -0.21455903818  -0.0846443862537 -0.383528139273 -0.423864026876  -0.306761062465 -0.139789513834 0.0
 0.249300884286 0.314850387256 -0.21842381569  -0.0699355530095 -0.365590046642 -0.408616462109  -0.323197201117 -0.15469056245 0.0
 0.25022519938 0.313576643026 -0.222435907442  -0.0552028347788 -0.34653961749 -0.391407415286  -0.343091766719 -0.174768172872 0.0
 0.251189705051 0.312131128154 -0.226523452954  -0.0400749279826 -0.327000234111 -0.372066062137  -0.359976467598 -0.190171355585 0.0
 0.252208862302 0.310505973396 -0.230594689656  -0.0291503948256 -0.306746851958 -0.352028874884  -0.363438004512 -0.204034220026 0.0
 0.25335787156 0.308706226469 -0.234605940989  -0.0199909607242 -0.286112900445 -0.329408250392  -0.376757469367 -0.236510798024 0.0
 0.254610866483 0.306728557719 -0.238512085039  -0.0121959005262 -0.265053063473 -0.304279046148  -0.381602130593 -0.251073051555 0.0
 0.255923503804 0.304565437028 -0.242223888029  -0.00607720733456 -0.243776675659 -0.277442578842  -0.382901101208 -0.270845746399 0.0
 0.257281556138 0.302218551909 -0.245717068685  -0.00199041335746 -0.221733691275 -0.247418198634  -0.38407017476 -0.288641171759 0.0
 0.25860405898 0.299682265765 -0.248941827652  -0.00272186529526 -0.200025067264 -0.219417663174  -0.375938667488 -0.29132372125 0.0
 0.259803781661 0.296950034549 -0.251833149278  -0.00524863242791 -0.17865309889 -0.191893022239  -0.368620310944 -0.289738015792 0.0
 0.260774343092 0.294018176562 -0.254412076171  -0.00789641492503 -0.157643672755 -0.165041334694  -0.368156239033 -0.272310880879 0.0
 0.26142467884 0.290879685596 -0.256695729582  -0.0118489258989 -0.136662773798 -0.141731085017  -0.363146737579 -0.256626459458 0.0
 0.261770628302 0.287536394432 -0.258695606842  -0.0168262156707 -0.115826653636 -0.120079077432  -0.363740227086 -0.254510480179 0.0
 0.261863592743 0.2839874959 -0.260414810313  -0.0233984521007 -0.09478734225 -0.0982069495056  -0.365294775806 -0.264606098828 0.0
 0.261674754524 0.280223798079 -0.261864325861  -0.0308829716141 -0.0737676361337 -0.075586254555  -0.365163257409 -0.261692155611 0.0
 0.261138218375 0.276231963267 -0.263057851614  -0.0394874995648 -0.0521700530825 -0.0543101979069  -0.363004074525 -0.251069606717 0.0
 0.260263799143 0.272010978673 -0.264003772542  -0.048950558278 -0.0307670068023 -0.0347947744465  -0.362591422175 -0.249509312712 0.0
 0.259059454227 0.267558538344 -0.264712568969  -0.0605315861572 -0.0088363280373 -0.0176590278887  -0.364771055468 -0.241438381441 0.0
 0.257512472558 0.262865190938 -0.26518697055  -0.0717766338195 0.0127950417841 -0.00297080094078  -0.367242929513 -0.22350787663 0.0
 0.25565477652 0.257927194526 -0.265423202443  -0.082644560871 0.034419063094 0.00988163083525  -0.373549248806 -0.214037088967 0.0
 0.253527618133 0.25274381863 -0.265411381278  -0.0930236025418 0.0565486193858 0.0224274127059  -0.369020854538 -0.20951338007 0.0
 0.251210747843 0.247316337767 -0.265138370037  -0.105279538252 0.0788115754558 0.0335351301509  -0.366986116023 -0.213442042063 0.0
 0.248738088815 0.241642353694 -0.264600707395  -0.11832781761 0.100718173985 0.0447553174416  -0.361583422788 -0.21831117119 0.0
 0.246126362313 0.23572141676 -0.26379399736  -0.133359759317 0.122613721998 0.0558320792754  -0.354169978468 -0.222693387405 0.0
 0.243381304781 0.229552966391 -0.262713846092  -0.149055920904 0.143820429836 0.0665962719595  -0.349028490826 -0.229304048664 0.0
 0.240492735484 0.223135898388 -0.261363756786  -0.166545695032 0.165038434495 0.078424718158  -0.342870539702 -0.235253643798 0.0
 0.237452856169 0.216469635514 -0.259754287391  -0.1854255052 0.185837830683 0.0898654267704  -0.335797771446 -0.243274946085 0.0
 0.234211330465 0.209551433278 -0.25787859464  -0.204734225233 0.206189016648 0.102363899384  -0.330962892261 -0.246494118143 0.0
 0.23069195866 0.202376371783 -0.255743188764  -0.223532103158 0.226029619509 0.115263900883  -0.322019664259 -0.237391372995 0.0
 0.226835179021 0.194941176497 -0.253365441433  -0.241496531108 0.245208220207 0.126078795198  -0.314480963139 -0.226532235696 0.0
 0.22256522445 0.187241086797 -0.250765811699  -0.257739254679 0.263826750259 0.135567551764  -0.307696132132 -0.203425678793 0.0
 0.217892309585 0.179274730523 -0.247933807475  -0.272133490646 0.281893574994 0.142150246129  -0.300569376061 -0.189296444247 0.0
 0.21287907365 0.171049900411 -0.244835688579  -0.285611471925 0.299737804918 0.148319319375  -0.295175703761 -0.181913466489 0.0
 0.20754085878 0.162581962947 -0.241367130652  -0.299161684972 0.316917192601 0.152464757468  -0.279607112977 -0.179268786507 0.0
 0.201816450636 0.153889694539 -0.237412518681  -0.312477952947 0.333391028367 0.15772470374  -0.267636197598 -0.171555241189 0.0
 0.195577857357 0.144988391663 -0.232832571956  -0.324238378878 0.348920196136 0.163376086577  -0.246148088042 -0.15527971707 0.0
 0.188714871603 0.135900142659 -0.227482042353  -0.334449070138 0.363337133168 0.169318600243  -0.22629858536 -0.140631745363 0.0
 0.181154735116 0.126638618058 -0.221163258054  -0.342293400793 0.375752586121 0.175584293736  -0.184964645192 -0.118115237494 0.0
 0.172877648912 0.117213136528 -0.213798828671  -0.3470364075 0.385521062621 0.183241766503  -0.151845731693 -0.101850380411 0.0
 0.163908381206 0.107630238961 -0.205382478164  -0.349212437901 0.393216931585 0.191112085265  -0.108773403421 -0.0818786757032 0.0
 0.154278104149 0.0978887385774 -0.195881934746  -0.34885397438 0.398368559055 0.198317696311  -0.0664368794059 -0.0599041414662 0.0
 0.144058788055 0.0879834205737 -0.185354122902  -0.345242866927 0.401004070944 0.207738526068  -0.0313952322816 -0.0521270606529 0.0
 0.133339826101 0.0779118063817 -0.17386198482  -0.339675979337 0.400922482335 0.218969566428  0.00728510727308 -0.041127687921 0.0
 0.122138408821 0.0676602414203 -0.161503238128  -0.328387753601 0.398597980647 0.236478114372  0.0329137394029 -0.0218949191289 0.0
 0.110573944917 0.0572163394579 -0.148295687654  -0.314715644907 0.394183394588 0.252235807522  0.0763876715851 -0.00458542721598 0.0
 0.0987906605065 0.0465776338685 -0.134333648356  -0.300019117786 0.387661434358 0.269536997412  0.1002080881 -0.00634021782771 0.0
 0.0867699090662 0.0357243306189 -0.119776441402  -0.283802706755 0.379778806882 0.28675944446  0.127258707861 0.0120804706217 0.0
 0.0744982874528 0.0246461588706 -0.104751571003  -0.266592092282 0.370373818047 0.301097567292  0.136808347279 0.0153257568929 0.0
 0.0619491159082 0.0133349234697 -0.0892698675531  -0.248337217882 0.35987264396 0.313267932887  0.167341798266 0.0355798478703 0.0
 0.0490803102974 0.00178263375763 -0.0733345061669  -0.228469863807 0.347479710198 0.322998020332  0.17798516946 0.0418085297499 0.0
 0.0358322006987 -0.0100143701782 -0.0570082475145  -0.207749185349 0.334777713451 0.331388126556  0.200319305575 0.0647476767749 0.0
 0.0221673279059 -0.0220632333749 -0.0402638027604  -0.187157375932 0.320070547156 0.332517203809  0.218889415834 0.0813929090974 0.0
 0.00809974099179 -0.0343652975436 -0.0231323129923  -0.164364657771 0.30427335428 0.332554780064  0.237643331393 0.097706951521 0.0
 -0.00633111615719 -0.0469246511075 -0.00566888912334  -0.143178565686 0.287626152249 0.328674225605  0.250950426825 0.0977229230356 0.0
 -0.0211511101161 -0.0597480666361 0.0121180964171  -0.119327824214 0.269737524637 0.324080809161  0.268539057612 0.121737297399 0.0
 -0.0363095400092 -0.0728404051429 0.0301969625622  -0.0959936965014 0.251398598281 0.317072116624  0.28743004981 0.126016900992 0.0
 -0.0517447331611 -0.0861911013233 0.0484886227101  -0.0731245211711 0.233035536928 0.310030348386  0.287085004013 0.125868544226 0.0
 -0.0674857492118 -0.0998020685687 0.0669872027887  -0.0500011572453 0.214781768848 0.302530677462  0.305141809734 0.140401689804 0.0
 -0.0835149960057 -0.113677713043 0.0857333524031  -0.02889117605 0.195733082196 0.291866600542  0.32037252672 0.14414818749 0.0
 -0.0997392245692 -0.127805845369 0.104674134942  -0.00697739476783 0.17589750623 0.282268931313  0.324386294456 0.139520035408 0.0
 -0.116132344777 -0.142185954707 0.123766875017  0.0146134687747 0.155496655083 0.27210197702  0.33157011399 0.139354698534 0.0
 -0.132710423169 -0.156818944228 0.142940959754  0.0368105673382 0.13534932402 0.262217773202  0.332423306673 0.145872562014 0.0
 -0.14948566311 -0.171701066095 0.162191180123  0.0585069396029 0.114608341117 0.250080399551  0.341864649475 0.154405305812 0.0
 -0.166465257158 -0.186824679597 0.181507798413  0.0822190259117 0.0934640863292 0.238178169994  0.338116960037 0.155418108564 0.0
 -0.183771875325 -0.202188989294 0.200898585386  0.111183221975 0.0717424990398 0.225570138927  0.348519549748 0.186996297708 0.0
 -0.201464690731 -0.217791725559 0.220349497254  0.142931118014 0.0494179394645 0.210675510355  0.355330860079 0.207416667937 0.0
 -0.219474860799 -0.233616628708 0.239707093061  0.175540098888 0.0274916290817 0.194701537301  0.348195733255 0.217795001143 0.0
 -0.237752993492 -0.249655183713 0.258917236566  0.201674429806 0.00619768294342 0.175065022715  0.347386364011 0.225802167696 0.0
 -0.25626757767 -0.265899808821 0.278028678289  0.224821635555 -0.0144914040741 0.153905921055  0.34614772761 0.230341950926 0.0
 -0.274995073139 -0.282345482925 0.297101283693  0.249391041506 -0.0350529830569 0.132783218858  0.343502342604 0.226427755834 0.0
 -0.293965660865 -0.298980972065 0.3162008122  0.272774059927 -0.0553092378717 0.111693276177  0.349284761405 0.22690498025 0.0
 -0.313272867237 -0.315804252084 0.335392510573  0.295313544816 -0.0755884617739 0.0897153858682  0.356019550571 0.236667815558 0.0
 -0.332947044548 -0.332810812869 0.354706410186  0.318439141007 -0.0957573430858 0.0675499634893  0.355448207758 0.236121034003 0.0
 -0.353022210796 -0.349994857591 0.374228329792  0.341569068461 -0.116196139506 0.0446041414523  0.367178897187 0.248962263936 0.0
 -0.373524174462 -0.36735675965 0.393989889674  0.36320812574 -0.137223262097 0.0191822594172  0.378246721754 0.264519370875 0.0
 -0.394335374822 -0.384884424379 0.413940235356  0.383654876694 -0.159101459946 -0.00828459037776  0.385146539374 0.267854100455 0.0
 -0.415347811258 -0.402575044463 0.433983177697  0.399665323255 -0.18104290995 -0.0369802903614  0.387784946661 0.272188690409 0.0
 -0.436444398376 -0.420430244279 0.453992054761  0.414523155653 -0.203458152066 -0.0673324142305  0.381996247914 0.274756488035 0.0
 -0.45751374866 -0.438446930187 0.473861544055  0.427372035902 -0.226144971447 -0.0985025367218  0.374235398632 0.265067505898 0.0
 -0.478534139474 -0.456620223268 0.49352542828  0.436544398829 -0.248528330424 -0.131632099563  0.368271042443 0.273680755308 0.0
 -0.499525991955 -0.474942502359 0.512954074963  0.440464697362 -0.270054963794 -0.165485403368  0.364943938198 0.286766013111 0.0
 -0.52048090155 -0.493403059854 0.532154235507  0.443469797132 -0.291191677991 -0.200662856915  0.361949544379 0.3012094118 0.0
 -0.541372682816 -0.51198817354 0.551142346121  0.451107122352 -0.3120370171 -0.236420424435  0.367417855247 0.31020847062 0.0
