 0.118257519468 0.295806098077 -0.0600697395902  -0.0342049180328 -0.491612606395 -0.500139968896  -0.066652360515 0.0727777777778 0.0
 0.118284368912 0.295805012821 -0.0601368334459  -0.0331393442623 -0.490577409708 -0.500217729393  -0.0718025751073 0.0741666666667 0.0
 0.118448448063 0.295801513515 -0.0603905535862  -0.0349672131148 -0.48841499885 -0.499354587869  -0.0751502145923 0.0643055555556 0.0
 0.118748384222 0.295784840357 -0.0608362866163  -0.0385795081967 -0.485974235105 -0.498344479005  -0.0738712446352 0.0679305555556 0.0
 0.119247408964 0.295753544506 -0.0614095292024  -0.0394535245902 -0.483420979986 -0.496891057543  -0.0701450643777 0.0656375 0.0
 0.120046424123 0.295709375471 -0.0621828256227  -0.0374532540984 -0.480099355878 -0.494416570762  -0.0770919313305 0.0621848611111 0.0
 0.121314003197 0.295655917378 -0.0632085934904  -0.0343415352459 -0.476293239015 -0.490245520218  -0.0799106351931 0.0521330416667 0.0
 0.123163064062 0.295592410337 -0.0644314335609  -0.030311480082 -0.4721891049 -0.484547562286  -0.0807307304721 0.0458641819444 0.0
 0.125594470642 0.295516354235 -0.0658274628161  -0.0253729550246 -0.467655724661 -0.477786429697  -0.0810396316738 0.0416110970833 0.0
 0.128651246428 0.295429994234 -0.0674529705537  -0.023797134932 -0.462321944235 -0.470068439915  -0.086897041897 0.0350055429306 0.0
 0.132296298893 0.295332236035 -0.0692832035668  -0.0239362738978 -0.456704886688 -0.46218912314  -0.0861601274069 0.0304494330819 0.0
 0.136541312632 0.295221117931 -0.0713030735277  -0.0229959251965 -0.450729360062 -0.453387007093  -0.0902179344087 0.0180156008849 0.0
 0.141323882859 0.295080454233 -0.0735884285057  -0.0210020703818 -0.444189665371 -0.444298695187  -0.0968742525558 0.012380707463 0.0
 0.146626336556 0.294897706386 -0.0761783997054  -0.0187157977698 -0.437291747833 -0.434952807005  -0.10157738524 0.00592041449452 0.0
 0.152384488598 0.29465939683 -0.0790960487419  -0.0133794638945 -0.429783875098 -0.424908537191  -0.1096728656 0.000106150822842 0.0
 0.158481383159 0.294347561532 -0.08242313365  -0.00710135357063 -0.421681033942 -0.414780047391  -0.11996308977 0.00320664685167 0.0
 0.164821737034 0.293941296186 -0.0862214627075  -0.00210679198406 -0.412709157831 -0.405275604083  -0.135662059763 0.00183042661095 0.0
 0.17135310329 0.293424270376 -0.0904729044608  0.00378175606681 -0.402759613108 -0.395866239631  -0.151078686405 0.00614738394985 0.0
 0.177966433871 0.292781754314 -0.0950984630644  0.00908144931259 -0.392056690675 -0.38755333262  -0.161090989438 0.00447708999931 0.0
 0.184607555325 0.292011136978 -0.100028946144  0.0148347797912 -0.380813754526 -0.378905308845  -0.181260860451 -0.00952617455618 0.0
 0.191087100277 0.291102148653 -0.105148055996  0.0228816296809 -0.368912273254 -0.370655524461  -0.191259237925 -0.0165735571006 0.0
 0.197105338059 0.290044649108 -0.11029838387  0.032500843762 -0.356958704083 -0.364163844488  -0.197682670356 -0.0118050902794 0.0
 0.202533181378 0.28883822324 -0.115366133384  0.0453384643038 -0.344923749249 -0.35738820654  -0.200030283149 -0.0102912479181 0.0
 0.207374471284 0.287488081324 -0.120351604887  0.0613185522997 -0.332562499238 -0.349346119945  -0.206864164705 -0.0144843453485 0.0
 0.211715987734 0.285994379347 -0.125287252181  0.0797170249386 -0.319758055157 -0.338920061605  -0.213873027205 -0.0252025774803 0.0
 0.215582051151 0.284351041228 -0.130195111519  0.0982428634283 -0.306819286678 -0.327126033672  -0.218464265257 -0.0292934308434 0.0
 0.218884377459 0.282543282732 -0.135127471414  0.119342347577 -0.293230525712 -0.314256354099  -0.226029855898 -0.023252976648 0.0
 0.221777150746 0.280569392736 -0.140141548485  0.139151555443 -0.279792911375 -0.301351714024  -0.237130732969 -0.0386499012054 0.0
 0.224381213447 0.278423964096 -0.145263574255  0.161406072029 -0.265203084235 -0.283749979635  -0.255276028771 -0.0566737999737 0.0
 0.226589807963 0.276089739917 -0.150453543556  0.188648251712 -0.249806309283 -0.261609818375  -0.267744134049 -0.0659508644208 0.0
 0.228337964278 0.273557530643 -0.155635875835  0.220215393754 -0.233740792226 -0.234762988948  -0.279394613348 -0.0881891113121 0.0
 0.229699130592 0.270826836815 -0.160740244808  0.254199592083 -0.217119416017 -0.20204718772  -0.285588199223 -0.11375908907 0.0
 0.230648034802 0.26789113328 -0.165748821142  0.283883731236 -0.200296823392 -0.168559420737  -0.288158134666 -0.122883180163 0.0
 0.231117395468 0.264737142849 -0.170661131471  0.307812571227 -0.183258629435 -0.137487304479  -0.290041892015 -0.121372639924 0.0
 0.231255858267 0.261356064523 -0.175465830674  0.328119019022 -0.166060900837 -0.107656147904  -0.294741565474 -0.126957598154 0.0
 0.231331309839 0.257744348602 -0.180163798205  0.345575149907 -0.1483745255 -0.076842321605  -0.296396164291 -0.138928505005 0.0
 0.231608840281 0.253895295349 -0.184766741763  0.357187307047 -0.129949311275 -0.0459994580293  -0.300031225974 -0.158035654505 0.0
 0.232351105442 0.249805462403 -0.189293010872  0.363539887818 -0.110525578675 -0.0132642089604  -0.306307073334 -0.183565422388 0.0
 0.233701939391 0.245467398322 -0.193709462595  0.364830981003 -0.0906172582127 0.0206298635686  -0.308521859562 -0.212097769038 0.0
 0.235695509139 0.240872769483 -0.197993912811  0.360583128805 -0.0699622496677 0.0564222426861  -0.312661089915 -0.234999103245 0.0
 0.238259039964 0.236012961311 -0.202125216385  0.35266170117 -0.048761745888 0.0931454927565  -0.317673950881 -0.254221415143 0.0
 0.241307340299 0.230882986917 -0.206049603305  0.339958645807 -0.0268632570595 0.130939808178  -0.317893680256 -0.271521495851 0.0
 0.244656717785 0.225473917606 -0.209726664128  0.322378354997 -0.00479666910368 0.166743183503  -0.315087144849 -0.282924901821 0.0
 0.248184992602 0.219778174678 -0.213125463819  0.30081838835 0.0169726228354 0.199588305277  -0.309986155686 -0.293187967195 0.0
 0.251732860859 0.213789831439 -0.216242465093  0.27518491017 0.0387964095512 0.229537717362  -0.307112003636 -0.292702503809 0.0
 0.255043151804 0.20749759781 -0.219057224812  0.245393468334 0.0607497568639 0.253304007834  -0.300662605848 -0.275598920094 0.0
 0.257887174632 0.20089339829 -0.221541902968  0.214810678877 0.0820720666617 0.271427728357  -0.293141409641 -0.26159458364 0.0
 0.260199329257 0.193982562162 -0.223713610129  0.182941906072 0.103125499517 0.285639543391  -0.291522547647 -0.248990680832 0.0
 0.26188836571 0.186762263286 -0.225627052203  0.151391158087 0.124166986832 0.296408403982  -0.290923940951 -0.229313834971 0.0
 0.262925397434 0.179232205766 -0.227296093385  0.119470894738 0.145082701308 0.302367874626  -0.287810087628 -0.221326895918 0.0
 0.263415899066 0.171397919522 -0.228698973388  0.0869721659197 0.166230285789 0.310297494628  -0.29015783423 -0.22802753966 0.0
 0.263347647957 0.163259325151 -0.229804496277  0.0547724903113 0.187241487714 0.321244417016  -0.283687115185 -0.232669230138 0.0
 0.262704141589 0.154823642857 -0.230605395155  0.0213665527556 0.207842390703 0.333507222593  -0.286017974482 -0.246568973791 0.0
 0.26115224253 0.14608738893 -0.231094141645  -0.0112397746511 0.228626129548 0.345088071096  -0.272235919523 -0.209078743079 0.0
 0.258550649802 0.137045665471 -0.231256335973  -0.0435362889893 0.248447206494 0.355510834748  -0.264123915553 -0.173948646549 0.0
 0.255097833539 0.127709225535 -0.231093785773  -0.0731769223854 0.267965494817 0.364891322035  -0.255535558333 -0.15622044856 0.0
 0.251093747073 0.118101921134 -0.230561932026  -0.104197754737 0.287464321456 0.373333760594  -0.254672989624 -0.161098403704 0.0
 0.246375746468 0.108231086171 -0.229594225862  -0.134739454673 0.306612069205 0.380931955296  -0.2444546177 -0.146044118889 0.0
 0.240776329203 0.098106395862 -0.228053971654  -0.163866328878 0.325052771647 0.387770330529  -0.236974821166 -0.139439707001 0.0
 0.234040143525 0.0877462022565 -0.225828100341  -0.190490351728 0.342707604904 0.393924868238  -0.221230128749 -0.1209957363 0.0
 0.225922082603 0.0771674726209 -0.222777913807  -0.214615906719 0.358930518211 0.399463952176  -0.201909690982 -0.10439616267 0.0
 0.216120482445 0.0663910893045 -0.218725092387  -0.235017430801 0.373876205751 0.404449127721  -0.177654344201 -0.0714009908478 0.0
 0.20434621739 0.0554282876342 -0.213463886908  -0.249608310672 0.38646466063 0.408935785711  -0.139086334674 -0.0319831139853 0.0
 0.190742205647 0.0443054314128 -0.20683773356  -0.259461414031 0.396437012142 0.412973777902  -0.105233495198 -0.0131736914756 0.0
 0.175503169992 0.0330364762925 -0.198759813229  -0.266443961152 0.404031866253 0.416607970874  -0.062319587738 0.00653256656082 0.0
 0.15884674857 0.0216252041967 -0.189237657771  -0.271170876513 0.408992378731 0.419878744548  -0.0262721783204 0.0145459765714 0.0
 0.141077476852 0.0100781438556 -0.178326199383  -0.276162805255 0.411812027446 0.422822440855  0.00874559745154 0.00231360113648 0.0
 0.122366336786 -0.00160798927938 -0.16614106387  -0.285983409975 0.412279317915 0.425471767532  0.0578581621699 -0.00313998119939 0.0
 0.102737675952 -0.0134573389324 -0.152825389029  -0.301379331273 0.410123389805 0.427856161541  0.0836045347941 -0.0108259830794 0.0
 0.0820985236661 -0.0254987428231 -0.13848738649  -0.31285861126 0.406227682984 0.430002116149  0.11750588389 0.0114232818952 0.0
 0.0606509628016 -0.0377532338074 -0.123242995841  -0.32032111079 0.399535441486 0.431933475296  0.13213726975 0.0161698425945 0.0
 0.0386622808195 -0.0502264155011 -0.107222956301  -0.324414409547 0.391626065729 0.433671698528  0.152601654363 0.0218306361129 0.0
 0.0162596524357 -0.0629313023662 -0.0904399006974  -0.325147558756 0.381977146757 0.435236099438  0.16715693957 0.0227586836127 0.0
 -0.00645325683459 -0.0758721548085 -0.0728665383964  -0.322364770094 0.371326245976 0.436644060256  0.187982018145 0.0263717041403 0.0
 -0.0293693808983 -0.0890603872175 -0.0544698084408  -0.316827473412 0.3584853168 0.437911224992  0.211445618906 0.0282345337263 0.0
 -0.0525402447446 -0.102512319126 -0.0353667000525  -0.306024234268 0.34450151942 0.439051673255  0.224837537702 0.0451888581314 0.0
 -0.0759975800056 -0.11625057244 -0.0156529000658  -0.293350499366 0.329121070722 0.440078076692  0.253628462043 0.0715588612072 0.0
 -0.0995383362227 -0.130280630713 0.00453363378026  -0.27841954779 0.312598657691 0.441001839785  0.258510251032 0.0786251973087 0.0
 -0.123102892876 -0.1446073062 0.0250651085181  -0.260391527437 0.295600581662 0.441833226568  0.276637766702 0.103040455356 0.0
 -0.146548046121 -0.159229543891 0.045929888277  -0.244330243546 0.277806339001 0.442581474673  0.283510470718 0.0986252987089 0.0
 -0.169891486377 -0.17412377044 0.067157992392  -0.225694760175 0.259617607562 0.443254897968  0.286691612487 0.105762768838 0.0
 -0.193278128065 -0.189312071646 0.0889095624663  -0.209824464485 0.240153661391 0.443860978933  0.31616408214 0.141353158621 0.0
 -0.216456149699 -0.204786835685 0.111207424957  -0.19488546066 0.219611035072 0.444406451802  0.3276678456 0.134495620537 0.0
 -0.239340833808 -0.220557325333 0.134075409836  -0.181768226069 0.19722343053 0.444897377384  0.346604923701 0.14221272515 0.0
 -0.262115786281 -0.236643324243 0.157489554811  -0.168897141167 0.172381694792 0.445339210408  0.360644002146 0.157491452635 0.0
 -0.284752815986 -0.253042898572 0.18134066292  -0.157477099181 0.147459145281 0.445736860129  0.373708357296 0.174020085149 0.0
 -0.306910426444 -0.269750156839 0.205650853756  -0.150887585985 0.121302142646 0.446094744878  0.385037092382 0.172229187745 0.0
 -0.328240087508 -0.286759715125 0.230362392931  -0.140776696239 0.0951153376292 0.446416841152  0.383644971127 0.158117380082 0.0
 -0.348609125554 -0.304077183685 0.25543929243  -0.128726075795 0.069384802256 0.446706727799  0.390546568435 0.141250086518 0.0
 -0.368153451993 -0.3217184073 0.280911397208  -0.115831337068 0.0435703155891 0.446967625781  0.399333113308 0.134402855644 0.0
 -0.387398046113 -0.339703188793 0.306695771188  -0.0952916459842 0.0165300542166 0.447202433965  0.408957741891 0.169907014524 0.0
 -0.406677127618 -0.358050679607 0.332570987252  -0.0761501863038 -0.0105206967768 0.447413761331  0.409894585728 0.203249646405 0.0
 -0.425672729081 -0.376752772925 0.358335923757  -0.0606441840669 -0.0368562507476 0.44760395596  0.401295685095 0.190202459542 0.0
 -0.444178448879 -0.395792612077 0.383907101168  -0.039065831234 -0.0620880399815 0.447775131126  0.378535215298 0.163182213588 0.0
 -0.462442579761 -0.415169991636 0.409328072134  -0.0117764612253 -0.0871430961168 0.447929188775  0.377793281751 0.168030658896 0.0
 -0.480764882962 -0.434883092686 0.434589303841  0.0189315127661 -0.11152149412 0.44806784066  0.365966743276 0.198783148562 0.0
 -0.499066502262 -0.454911850095 0.459654397421  0.0519785254239 -0.134934332055 0.448192627356  0.356610412296 0.216738167039 0.0
 -0.51713204208 -0.475222743425 0.484560695717  0.0849175581274 -0.157673703082 0.448304935382  0.347760529864 0.220397683668 0.0
 -0.535079591128 -0.495800231202 0.509343937204  0.116529900675 -0.179933477932 0.448406012606  0.346662588466 0.240357915302 0.0
 -0.553088054984 -0.516639598274 0.533970537255  0.137358058149 -0.202152690525 0.448496982108  0.354687316744 0.269433234883 0.0
