 0.206405942629 0.318151420886 0.428288760877  -0.481177275838 0.00912625139043 -0.126669348351  -0.0334782608696 0.237777777778 0.0
 0.206279082171 0.318143981864 0.428185830124  -0.48295687885 0.00924026696329 -0.131818181818  -0.0378260869565 0.264166666667 0.0
 0.205862254678 0.318124183054 0.427780715599  -0.487364818617 0.00949026696329 -0.141761866452  -0.0439130434783 0.279583333333 0.0
 0.205147085119 0.318095711135 0.426954895193  -0.494959616701 0.00989880422692 -0.155618664521  -0.0484596273292 0.274013888889 0.0
 0.204091516302 0.31805700788 0.425634365064  -0.502684736482 0.0104305589544 -0.171468704747  -0.0541043478261 0.269001388889 0.0
 0.20259478941 0.318001601738 0.423682361052  -0.506078138261 0.0111761015017 -0.18959536605  -0.067569689441 0.274212361111 0.0
 0.200645661404 0.317921791782 0.420830397802  -0.508995307324 0.0123504268354 -0.211219095736  -0.0852785590062 0.277513347222 0.0
 0.198366007749 0.317809296776 0.41688851187  -0.51374259384 0.0137549280895 -0.233898473371  -0.102769336646 0.269373123611 0.0
 0.195870488486 0.317655263646 0.41178892939  -0.518494275592 0.0155390014652 -0.256964780499  -0.122548303602 0.25093581125 0.0
 0.193167019213 0.317444024061 0.405538145233  -0.519211583146 0.0177286497058 -0.280620675739  -0.13569098877 0.253786674569 0.0
 0.190288944076 0.317161889804 0.398153786553  -0.517050862887 0.0200775311201 -0.304968101327  -0.147519405421 0.260519118224 0.0
 0.187400843387 0.316803648808 0.389576421447  -0.51175234744 0.0226309014786 -0.328892047429  -0.164065601525 0.251300539735 0.0
 0.184704895821 0.316363384867 0.37976189153  -0.503219138706 0.0255907812974 -0.351389005196  -0.180509973049 0.229114930206 0.0
 0.182278020131 0.315833077168 0.368716823607  -0.489995103001 0.028791380587 -0.369946806205  -0.200589410527 0.204981214963 0.0
 0.180066195367 0.315199743186 0.356420206063  -0.47309689318 0.0323448899143 -0.386085673453  -0.217108109226 0.198538649022 0.0
 0.17814978318 0.314453044473 0.342905495159  -0.457683165532 0.0360853174968 -0.402621917049  -0.231043261036 0.181629228564 0.0
 0.176626578117 0.313584886525 0.328267049057  -0.440593835974 0.0400301227883 -0.416458679487  -0.248864400771 0.160855194597 0.0
 0.175470350507 0.312581719531 0.312610129627  -0.419943076607 0.0440810037242 -0.426578700517  -0.262418954483 0.151880786248 0.0
 0.174685291905 0.3114294706 0.296017086589  -0.396908385647 0.0482468188134 -0.434399511076  -0.269027990712 0.142414929846 0.0
 0.17434331087 0.310120293944 0.278499951362  -0.371591263715 0.0526217476106 -0.438783373324  -0.282429539467 0.115840103528 0.0
 0.17447141112 0.308646716597 0.260046112497  -0.344151507638 0.0571848787449 -0.438384521108  -0.297596523408 0.0947005376194 0.0
 0.175059015076 0.306996073721 0.240669511615  -0.316375645033 0.0620175032175 -0.435290236334  -0.308141218893 0.0701193727463 0.0
 0.176156952903 0.305158609402 0.220440604629  -0.287886608935 0.0671093569002 -0.427436997093  -0.322289829923 0.0410518799161 0.0
 0.177804212325 0.303122748727 0.199418196123  -0.258961055502 0.0724762298865 -0.414737545172  -0.334091902832 0.00933558081342 0.0
 0.180010042457 0.300876999141 0.177693418019  -0.231696024558 0.0780600307021 -0.39968776491  -0.343160973418 -0.0178201994901 0.0
 0.182747420744 0.298412212954 0.155427373973  -0.204967216079 0.0837028040501 -0.380994129208  -0.350391459927 -0.0450381795411 0.0
 0.186001010934 0.295721165281 0.132709733979  -0.180021486942 0.0894987639121 -0.359503726746  -0.355967220767 -0.0723121393648 0.0
 0.189717071791 0.292796687294 0.109652945939  -0.157501884449 0.095218464829 -0.337668398319  -0.360985405522 -0.0954698143172 0.0
 0.19378802705 0.289633732348 0.0864422156284  -0.135523085463 0.101214360282 -0.311821912469  -0.359911709691 -0.112145055108 0.0
 0.198142298969 0.286229237728 0.0631810108181  -0.115399935028 0.107139031039 -0.286146559517  -0.359566501454 -0.128541660708 0.0
 0.202731268097 0.282584185563 0.0399672216652  -0.097494438445 0.113010723041 -0.260222973557  -0.359876932054 -0.146076383526 0.0
 0.207447974863 0.27869753139 0.0169222047003  -0.0814479377901 0.118973777544 -0.23351282423  -0.354566257482 -0.156302078507 0.0
 0.212198380275 0.274569254773 -0.00586854616378  -0.0675536573581 0.12471316286 -0.208990986699  -0.348233855337 -0.166894092878 0.0
 0.216877076602 0.270198819581 -0.0283825281767  -0.0552541437784 0.130409755361 -0.184427366709  -0.344708606449 -0.169482461368 0.0
 0.221411519155 0.265587312533 -0.05062837128  -0.0441161352869 0.135995531772 -0.161032900352  -0.338740851394 -0.171811993009 0.0
 0.225787232246 0.260737958787 -0.0725994507365  -0.034639497802 0.141367558127 -0.139977880631  -0.33212763582 -0.179464127042 0.0
 0.229956601551 0.255652315922 -0.0943709147464  -0.026452755414 0.146650101536 -0.119178000854  -0.330834126896 -0.184962158782 0.0
 0.233847131574 0.250329775027 -0.116003641612  -0.0194269186132 0.151957783262 -0.0991709006882  -0.326564378803 -0.185743720682 0.0
 0.237397198508 0.244770439264 -0.137508122555  -0.0132405580318 0.157160169563 -0.0808427084472  -0.323342723531 -0.189224904169 0.0
 0.240585109538 0.238973562719 -0.158978337204  -0.00787817231763 0.162415175966 -0.0617729186966  -0.323859382855 -0.18958019153 0.0
 0.243413406713 0.232936023372 -0.180492429099  -0.00387338041099 0.167686950917 -0.0474258762236  -0.319355432147 -0.187122172377 0.0
 0.245930885772 0.226659693962 -0.202057698187  -0.000748191582756 0.172873706326 -0.0336285822456  -0.32027082061 -0.193243288472 0.0
 0.248106244059 0.220142798173 -0.223754321994  0.00192758582329 0.178234222234 -0.0159012831522  -0.322026347244 -0.191807848514 0.0
 0.249924276636 0.213383529152 -0.245587627607  0.00406200041003 0.183536995784 -0.000590318151544  -0.319879613141 -0.189127063663 0.0
 0.251403518039 0.206382760996 -0.267465376966  0.00557229592002 0.188696032579 0.014396308193  -0.32105314251 -0.189492135074 0.0
 0.252525350125 0.199141977324 -0.289280477229  0.0063155454519 0.193928709633 0.0327917538017  -0.320867082918 -0.191209588233 0.0
 0.253238810634 0.191663708241 -0.31082974626  0.00664223868221 0.198638118981 0.0514393684456  -0.314799008166 -0.191366407188 0.0
 0.253504507752 0.183954367444 -0.331846604709  0.00638869243206 0.202876587394 0.070716187836  -0.307474386853 -0.192896433136 0.0
 0.253265959519 0.176020474519 -0.352044306184  0.00513380676175 0.206691208966 0.0945818176445  -0.298397755621 -0.188717900933 0.0
 0.252451445447 0.167871779781 -0.371141289684  0.00331994696169 0.210124368381 0.122255574738  -0.284328166394 -0.184957221951 0.0
 0.250974646233 0.159522183324 -0.388941969621  0.00107145671452 0.213214211854 0.148690516057  -0.268870505034 -0.181572610867 0.0
 0.248710881752 0.150982492555 -0.405204729329  -0.000952184507921 0.21599507098 0.172642864291  -0.253405814779 -0.168804238669 0.0
 0.245604439571 0.142263181398 -0.419529588033  -0.00270501533844 0.218497844194 0.196854844957  -0.229860264357 -0.15870159258 0.0
 0.241596641278 0.133376897976 -0.431496421045  -0.00435100935559 0.220750340086 0.221702747429  -0.19779970376 -0.1496092111 0.0
 0.236577159383 0.124333786529 -0.440877560257  -0.00555861889231 0.222777586389 0.244146310176  -0.16583960916 -0.137259401101 0.0
 0.230479906847 0.115141111014 -0.447522001381  -0.00582411223922 0.224602108061 0.264184615602  -0.135212169983 -0.124755683213 0.0
 0.223278489447 0.105801897647 -0.451271772646  -0.00496791593658 0.226244177567 0.282379991532  -0.093982878451 -0.107946781558 0.0
 0.215024637397 0.0963169660421 -0.452068266315  -0.00282841387065 0.227722040121 0.296664116272  -0.0500442179351 -0.096985436736 0.0
 0.20578237212 0.08668524137 -0.450092092674  0.00019227830355 0.229052116421 0.310967937952  -0.0198161936571 -0.0843424486179 0.0
 0.195644345928 0.0768991522092 -0.445527670794  0.00441671919325 0.229951632254 0.323439124848  0.016084680367 -0.0743526482006 0.0
 0.184806222731 0.0669513162119 -0.438361364071  0.00904007123012 0.23016609083 0.330721117432  0.0580227961812 -0.077861827825 0.0
 0.173353632112 0.0568361689756 -0.428728604995  0.0129273029846 0.229591584083 0.337596712849  0.0923509513457 -0.0865756450425 0.0
 0.161209809085 0.0465360967656 -0.416920555956  0.0183423071146 0.228487764941 0.344991506568  0.117656228882 -0.0666403027604 0.0
 0.148465429095 0.0360401310806 -0.402924587951  0.0241056123374 0.227052169759 0.348106997906  0.155337810963 -0.0625873835955 0.0
 0.135244092153 0.0253393907664 -0.38694494767  0.0305246198922 0.224642225308 0.351474093771  0.168443781419 -0.0658842007915 0.0
 0.121590632368 0.0144205528577 -0.369227372078  0.0369177431186 0.221944910453 0.354906732665  0.189866484023 -0.0646846696013 0.0
 0.107540561412 0.00327171894891 -0.349880178981  0.0423293226739 0.218660819852 0.353893130999  0.217532009533 -0.0705495359745 0.0
 0.0930508586422 -0.00811803607692 -0.329201718934  0.048842454746 0.215043291816 0.357807920876  0.222244647089 -0.0688834712659 0.0
 0.0780209534001 -0.0197627874164 -0.307354932102  0.0566892154316 0.21114513616 0.360768078104  0.248535710331 -0.0465506796949 0.0
 0.0624567418596 -0.0316719354021 -0.284479610504  0.0645726552847 0.206824782722 0.359007440849  0.253253567869 -0.0417289450587 0.0
 0.0463553070832 -0.0438500797586 -0.260688888808  0.0759798661423 0.202402538043 0.362249898695  0.258741875678 -0.027667161664 0.0
 0.0296828696215 -0.0563144242771 -0.235856886607  0.0895317768587 0.197527078455 0.361950089839  0.287904955191 0.00859955450244 0.0
 0.0126148815001 -0.0690692290233 -0.210196060824  0.105287702527 0.192321589741 0.361921613438  0.2914809193 0.0120729323855 0.0
 -0.00473027076097 -0.0821164622008 -0.183912935522  0.122137440145 0.186963679933 0.36253958886  0.304947734202 0.0165878613692 0.0
 -0.0223471074544 -0.0954608598214 -0.157087965498  0.136412402496 0.18143243986 0.358670987979  0.320173457676 0.0234290752323 0.0
 -0.0402421051581 -0.109107593967 -0.129909426499  0.150012777579 0.175778572959 0.352936632544  0.32921822371 0.0323639454868 0.0
 -0.0584086387153 -0.123058032343 -0.102607755546  0.163622040546 0.169830804651 0.345040394873  0.338290190159 0.0417942176048 0.0
 -0.0768141260845 -0.13730982286 -0.075445892117  0.174843683172 0.163804843207 0.333750353776  0.340864897851 0.0433370180666 0.0
 -0.0954062271533 -0.151857900023 -0.0485993146045  0.184943161535 0.157736316617 0.322060756854  0.342871575768 0.0363922051488 0.0
 -0.114241394797 -0.166698537544 -0.0222971938865  0.19444336968 0.151927034233 0.311137867009  0.3400192008 0.0343085401895 0.0
 -0.133368116911 -0.181822527994 0.00332049921437  0.20094016892 0.145911694547 0.298169695755  0.339936535378 0.021322130615 0.0
 -0.152726055322 -0.197216521639 0.0283377926736  0.205965933 0.13992224923 0.286820143718  0.346073316623 0.00407880644235 0.0
 -0.17248203684 -0.212879028606 0.0526857163456  0.21521191328 0.133836531537 0.277249151067  0.333273438377 0.026059814687 0.0
 -0.192783553158 -0.228797742393 0.0763433466197  0.226681823937 0.127922789396 0.266704445132  0.327654169073 0.036120499885 0.0
 -0.213779213866 -0.244963853318 0.0994560095632  0.23652561964 0.122461378087 0.2558465509  0.326323534775 0.046564005452 0.0
 -0.235605115805 -0.261372187607 0.122154295588  0.245385035773 0.116603393782 0.246074446092  0.331958262042 0.0698520493513 0.0
 -0.258326010554 -0.278018005751 0.144591502322  0.243981371347 0.110677704015 0.237279551764  0.337650634596 0.119977955527 0.0
 -0.281639804889 -0.29489168939 0.166938506353  0.248878237635 0.104518665537 0.22936414687  0.349916627037 0.140091271086 0.0
 -0.305317253486 -0.311988142144 0.189040814445  0.263073233858 0.0981996688391 0.222240282464  0.351328691041 0.162359921755 0.0
 -0.329155001712 -0.329299503831 0.210572845461  0.279544829021 0.0918117931677 0.215828804499  0.354152343676 0.169901707357 0.0
 -0.35281955473 -0.346810430892 0.231318913108  0.288345992936 0.0856038619043 0.210058474331  0.360109780116 0.157244869955 0.0
 -0.376121275727 -0.364509879739 0.251198819858  0.290654446346 0.0794549885059 0.204865177179  0.363918677881 0.145853716293 0.0
 -0.399088157863 -0.382395300601 0.270108400364  0.291500021561 0.0734760636264 0.200191209743  0.361756623757 0.163379455774 0.0
 -0.421727873713 -0.400460097381 0.287709950419  0.285690197365 0.0677084906341 0.19598463905  0.351115122872 0.165263732419 0.0
 -0.444037888212 -0.418690090123 0.303744707108  0.280461355589 0.0622757394573 0.192198725427  0.335326591952 0.160015136955 0.0
 -0.46618850859 -0.437083704377 0.318174324121  0.27575539799 0.0571665748552 0.188791403166  0.321738032135 0.192791401037 0.0
 -0.488165889052 -0.455629738642 0.331199935038  0.271520036152 0.0521595391717 0.185724813131  0.317582862462 0.195901149823 0.0
 -0.509634389841 -0.474301306665 0.342918656463  0.267708210497 0.0471971447651 0.182964882099  0.308874265657 0.157033257062 0.0
 -0.530294967888 -0.493076936022 0.353091965763  0.264277567407 0.0424223134922 0.180480944171  0.284576901203 0.0984410424674 0.0
 -0.550330691007 -0.511954100331 0.361461759992  0.261189988627 0.038083252332 0.178245400035  0.26550430425 0.0970969382206 0.0
