 0.153165063755 0.29835409406 -0.197801994129  0.0562583586626 -0.0606446646512 -0.291338947368  -0.0255855855856 0.0372368421053 0.0
 0.153218344105 0.298354625328 -0.197970394686  0.0544346504559 -0.0602975590639 -0.29256  -0.0264864864865 0.0381140350877 0.0
 0.15341986434 0.298354162999 -0.198648073717  0.0482948328267 -0.0594729033703 -0.295427368421  -0.0342792792793 0.0353947368421 0.0
 0.153734476991 0.298345717795 -0.199944528735  0.0413708206687 -0.0583836076587 -0.299144842105  -0.0340855855856 0.034701754386 0.0
 0.154166578574 0.29833173015 -0.20200064169  0.0299416413374 -0.0567370227298 -0.304048463158  -0.0433707207207 0.0305692982456 0.0
 0.154656514195 0.298305612247 -0.204977073682  0.0172541641337 -0.0546224683686 -0.309682774737  -0.0510516666667 0.0290430701754 0.0
 0.155107228217 0.29825559031 -0.209053270333  0.00568345896657 -0.0519719727354 -0.315048392  -0.0606672207207 0.0250378859649 0.0
 0.155500659323 0.298163707119 -0.214367925824  -0.00369674103343 -0.0484920243702 -0.3199195528  -0.0742761743243 0.0227490096491 0.0
 0.155967952586 0.298013416819 -0.220921788662  -0.00958572954407 -0.0443243525568 -0.322240439625  -0.0892269352703 0.0167416525439 0.0
 0.156631421545 0.297788095175 -0.228558068769  -0.0127277644924 -0.0396860892864 -0.321339764084  -0.103133070572 0.0078262592193 0.0
 0.157639594243 0.297474604155 -0.237099403115  -0.0143397904748 -0.0346186952273 -0.316739682412  -0.115423367118 -0.00589934915877 0.0
 0.159015957992 0.297056590802 -0.246190094113  -0.00965079622973 -0.0292798522413 -0.305441714171  -0.119727877253 -0.0138664317868 0.0
 0.160749015496 0.296521773965 -0.25580874372  -0.00418450080128 -0.0232600239985 -0.288999858543  -0.129908242681 -0.0219139991344 0.0
 0.162804945386 0.295852142049 -0.265760206645  0.000552794263649 -0.0168624450675 -0.270960083215  -0.138620121116 -0.028718213256 0.0
 0.16528525055 0.295036024564 -0.275884440406  0.00436043277041 -0.0100857011766 -0.250597969631  -0.143307658554 -0.0392279708778 0.0
 0.168171815606 0.294062283965 -0.285951946478  0.00866876639307 -0.0030292920711 -0.225324698983  -0.147301217023 -0.04605517379 0.0
 0.171389397697 0.292918147977 -0.295776271675  0.0104490022158 0.00434879669261 -0.200052439611  -0.150444969194 -0.0508838669373 0.0
 0.175007333346 0.291597553351 -0.305249005524  0.00764391962337 0.0120135979101 -0.178528458808  -0.155301373176 -0.0618086381383 0.0
 0.179087635646 0.290091761273 -0.314178589644  0.00226220243307 0.0198496639393 -0.156546349769  -0.15584330793 -0.0703251427456 0.0
 0.183639113747 0.288394139758 -0.322492056778  -0.00580322753668 0.0278650614464 -0.134404556898  -0.154979697858 -0.0766742074184 0.0
 0.188616415532 0.286497725593 -0.330088135053  -0.0156457011356 0.0358459105811 -0.113340101208  -0.155328574919 -0.0841427515888 0.0
 0.193950816 0.284396666433 -0.336854736432  -0.0274826507789 0.0437956661807 -0.0936241963503  -0.153165086797 -0.0891100553773 0.0
 0.199563881034 0.282089423118 -0.342741505972  -0.0414185802299 0.0518406040974 -0.0751219872416  -0.151443172711 -0.0948964182606 0.0
 0.205268063623 0.279574228983 -0.347630487829  -0.0561797617206 0.0598060510217 -0.0555647358859  -0.148091648233 -0.0974725659082 0.0
 0.210690281965 0.276846450659 -0.35150079657  -0.0713189284056 0.067641172042 -0.0391842622973  -0.144174375302 -0.0949665373876 0.0
 0.215625264675 0.273906817048 -0.354392405633  -0.0863119595772 0.0753170111697 -0.026168151857  -0.139522703537 -0.0918339187366 0.0
 0.219883640613 0.270754425882 -0.356259189881  -0.100717541735 0.0827823148674 -0.0139483893029  -0.135561424175 -0.0903303514243 0.0
 0.223098050771 0.267387838765 -0.35716874878  -0.112861896984 0.0900217465763 -0.00366639247788  -0.12906834482 -0.0775736320713 0.0
 0.225171491177 0.263807912653 -0.357205935753  -0.121785737681 0.0970382988249 0.00512424676991  -0.125251600428 -0.0678469706186 0.0
 0.226138062617 0.260017838491 -0.356491478515  -0.12781111528 0.103733892299 0.0112252957771  -0.1211408548 -0.0586543788199 0.0
 0.226181799024 0.256026730854 -0.354923256049  -0.132170125333 0.110084638105 0.0167162398836  -0.115188931482 -0.0512582391835 0.0
 0.225421644711 0.251844191945 -0.352355958899  -0.134634267815 0.116029846895 0.0199738790532  -0.108255623919 -0.045040310002 0.0
 0.224002210397 0.247481329905 -0.348559496918  -0.135575400304 0.121506500544 0.0204636490426  -0.0986372687347 -0.0411985597036 0.0
 0.221994046389 0.24294946716 -0.343190333352  -0.135601750851 0.126415894158 0.0196412841383  -0.0841248932125 -0.0364251949613 0.0
 0.219258389903 0.238257850751 -0.335946904101  -0.134196894915 0.130641200946 0.0180590504613  -0.070388079567 -0.0303747807283 0.0
 0.215751886806 0.233414722886 -0.326584771117  -0.130288147673 0.133987701163 0.0181929348889  -0.0548717941328 -0.0266837938835 0.0
 0.211669467676 0.22842780685 -0.315027799839  -0.125524074547 0.136579665567 0.020545009821  -0.0400062363411 -0.0255548881794 0.0
 0.207212176152 0.223304767297 -0.30112771427  -0.120567715724 0.13851214241 0.0270829298916  -0.0227984054998 -0.027170451993 0.0
 0.202517709088 0.218043262798 -0.284813560452  -0.114982372723 0.139551561916 0.0375565316393  -0.00460865503992 -0.0312560383727 0.0
 0.198025979742 0.212646075651 -0.266246592881  -0.111444925724 0.139689256469 0.0469827732122  0.0146900483019 -0.0410734169916 0.0
 0.193361126812 0.207097271018 -0.24606669415  -0.107592530416 0.139093777245 0.0554663906278  0.028455277706 -0.0319266016082 0.0
 0.188178487357 0.201388358163 -0.224571348037  -0.102332061569 0.137835642382 0.0631016463019  0.0430962364218 -0.0193085028509 0.0
 0.182599041662 0.195515203285 -0.201915839396  -0.0958651168106 0.136009109831 0.0699733764085  0.0519938199869 -0.0145311613377 0.0
 0.17655617103 0.189471179886 -0.178185411237  -0.0882515534578 0.133458277227 0.0859684598203  0.0667584019521 -0.00496839608114 0.0
 0.170021719928 0.183251233067 -0.153631005985  -0.0787549695406 0.130014840054 0.0977956138383  0.0813978770722 0.00890125054452 0.0
 0.162970077824 0.176850038021 -0.128615739973  -0.068171569851 0.126050781869 0.104818999823  0.0884923235993 0.0148049851392 0.0
 0.15552940615 0.170272077296 -0.103137197493  -0.0554550207686 0.121458608172 0.113329520893  0.0957782263745 0.0161709778533 0.0
 0.147690307499 0.163509208773 -0.0773111218877  -0.0406970566857 0.11637111148 0.121283726699  0.102560764097 0.0239793186645 0.0
 0.139421446532 0.156550598287 -0.0513754293404  -0.0235547066402 0.110476722311 0.124821459292  0.104836219219 0.0288138429384 0.0
 0.130672046424 0.149394200737 -0.0254562994155  -0.00602932716159 0.104323602762 0.125352787047  0.11341566036 0.0379894761884 0.0
 0.121372585722 0.142047906619 0.000294019664015  0.0121143350379 0.0981867581054 0.124778350448  0.114605625856 0.0444931601485 0.0
 0.111450530562 0.134510281845 0.0259253018787  0.0281396796496 0.0919889814103 0.119208725929  0.120631549757 0.0485920897477 0.0
 0.101091186404 0.126791076962 0.0512301757368  0.0432311828092 0.0855292222235 0.110785537547  0.132135962349 0.0527197228782 0.0
 0.0902741017708 0.118890334537 0.076135920591  0.0570263016104 0.0788952620435 0.0998362469499  0.132580023771 0.0564345926956 0.0
 0.0791439075658 0.110814359645 0.100498710738  0.0684996592913 0.0721437103101 0.0866976748865  0.133880579953 0.0545148176366 0.0
 0.0677489365776 0.102569560854 0.124272667427  0.0791296325719 0.0652723299856 0.07234664424  0.135051080516 0.0549800025396 0.0
 0.0561513151154 0.0941581624874 0.147251490672  0.0873592225062 0.0584750544386 0.0562307166581  0.132050476969 0.0536442829874 0.0
 0.0444389645043 0.085578144939 0.169416006297  0.0940971604379 0.0515597234433 0.0385263818344  0.128449032876 0.0511263459167 0.0
 0.0327290975336 0.0768326768364 0.190768696814  0.0992798456099 0.0445157486356 0.0200240594404  0.1333158413 0.0554391499216 0.0
 0.0211769184497 0.0679294319512 0.211098453392  0.101482256186 0.0374287746006 -0.0002911886089  0.14062389681 0.0553733051048 0.0
 0.00999548103785 0.058878553696 0.23025404124  0.0977501399897 0.0304038738509 -0.0221959644849  0.137966912534 0.0487350974014 0.0
 -0.000633219914781 0.0496905037177 0.248368088687  0.0948167673281 0.0234320398193 -0.0408576311943  0.136026077136 0.0405677280121 0.0
 -0.0108560054262 0.0403730692403 0.265591299712  0.0949730845162 0.0165639506062 -0.0565583943906  0.139909955909 0.039357446439 0.0
 -0.0208860240236 0.0309376120061 0.281798251999  0.0933812471892 0.00964647056067 -0.0717838181095  0.135522563922 0.0334436316196 0.0
 -0.0306933991084 0.0213921262067 0.296816173484  0.090975949218 0.00288328470715 -0.0851919626143  0.13360093816 0.027682601791 0.0
 -0.0402399381818 0.0117432734775 0.310562791553  0.0919114849953 -0.00382221429318 -0.0969224505634  0.130745348849 0.0233748679277 0.0
 -0.0496997991885 0.0019994940817 0.322676674151  0.0938172969821 -0.0100223184713 -0.108700942349  0.120292435586 0.0273926442928 0.0
 -0.0591947818333 -0.00783131792391 0.332715668886  0.0915507648523 -0.0153056929392 -0.121870006009  0.111335264099 0.0305700465302 0.0
 -0.0686749674505 -0.0177412280001 0.340758422012  0.0848908251452 -0.020155904073 -0.136206373829  0.103499034986 0.0316753225789 0.0
 -0.0778813861289 -0.0277095195638 0.347022960402  0.0792920161869 -0.0245714803884 -0.14915121013  0.0948698522086 0.0295998955842 0.0
 -0.0868771961764 -0.037735882425 0.351434381047  0.0742530881244 -0.0279212688628 -0.160801562802  0.0742657498706 0.0351881516398 0.0
 -0.095534228536 -0.0478386013216 0.353414493699  0.0607210923819 -0.0302054772134 -0.171286880206  0.0516680037124 0.038463196125 0.0
 -0.103306371414 -0.0580370196318 0.35210862839  0.0493629649066 -0.0308756416183 -0.180723665869  0.0191678700078 0.0256212624774 0.0
 -0.109551844169 -0.068362960596 0.34702380534  0.044459799115 -0.029824439566 -0.189216772967  -0.0161633314074 0.00529159236999 0.0
 -0.114048333685 -0.0788650166389 0.337873903636  0.042326585161 -0.0270784472945 -0.20094477988  -0.0531415928613 -0.0208998475688 0.0
 -0.11680278527 -0.0895971491086 0.324896229827  0.043598181964 -0.022535617681 -0.211499986103  -0.0834941002418 -0.0418405645663 0.0
 -0.117911566355 -0.10061086856 0.308327090146  0.0438003698467 -0.0166023727867 -0.220999671703  -0.116441987515 -0.0707749291623 0.0
 -0.117498904268 -0.111964139308 0.288316285986  0.0407908495793 -0.00926099677775 -0.229549388743  -0.142941932908 -0.0880439274741 0.0
 -0.115685994958 -0.123721051632 0.265221629064  0.0375655640135 -0.000901435001668 -0.23724413408  -0.172422514392 -0.115428131218 0.0
 -0.112047717246 -0.135933102022 0.239183383775  0.0274895547246 0.00952498103237 -0.244169404882  -0.197828911601 -0.1444598795 0.0
 -0.107018344902 -0.148660574739 0.210870239708  0.0113998697689 0.0209913889867 -0.250402148604  -0.218667642063 -0.165325295058 0.0
 -0.101404323895 -0.161942537888 0.181376571902  -0.0103452843813 0.0333070132724 -0.256011617955  -0.228188265244 -0.176209432219 0.0
 -0.0961866821835 -0.175792358515 0.151807787793  -0.0341408471286 0.045591948492 -0.26106014037  -0.230675745026 -0.175917436366 0.0
 -0.0920530340884 -0.190206301754 0.122622864533  -0.0577756985859 0.0580228163458 -0.265603810543  -0.224355918271 -0.170830078694 0.0
 -0.0889368607406 -0.205167866906 0.094250622925  -0.081721836934 0.0692105974142 -0.269693113699  -0.218893299417 -0.165812860298 0.0
 -0.0870629797877 -0.220657755282 0.067007903945  -0.105066674517 0.0792796003757 -0.27337348654  -0.217355320826 -0.157788591812 0.0
 -0.0870264535995 -0.236645016952 0.0420967498948  -0.126958487309 0.0883417030411 -0.276685822096  -0.200881050005 -0.145742188772 0.0
 -0.0896435380326 -0.253079569223 0.0212870794862  -0.147086650736 0.0964975954399 -0.279666924097  -0.177720872932 -0.132707443579 0.0
 -0.0958890812046 -0.269917787773 0.00631347421546  -0.162314459826 0.103837898599 -0.282349915898  -0.135255091946 -0.109134067642 0.0
 -0.106360916031 -0.287151327587 -0.00171697817075  -0.17024441202 0.110444171442 -0.284764608519  -0.0889277809492 -0.0778303100004 0.0
 -0.121166415036 -0.304792570366 -0.00292927177897  -0.16987377021 0.115278519274 -0.286937831878  -0.0427286965479 -0.0496569281232 0.0
 -0.140295767429 -0.322874694814 0.00256087505573  -0.160512836958 0.117661567581 -0.2888937329  -0.00159997103729 -0.0260552703986 0.0
 -0.163683006641 -0.341460892719 0.0151021061359  -0.152087997031 0.117085451132 -0.290654043821  0.0309113774178 0.000887975939534 0.0
 -0.190948888062 -0.360616424518 0.0344223228553  -0.144505641097 0.113470988429 -0.292238323649  0.0759373567931 0.0475053186965 0.0
 -0.221743025764 -0.380412979355 0.0596742751923  -0.137681520756 0.106836491758 -0.293664175495  0.124568846339 0.102180225423 0.0
 -0.255285672645 -0.4009053226 0.0896841547544  -0.13153981245 0.0982901452359 -0.294947442156  0.145814664408 0.120685887091 0.0
 -0.29062215463 -0.422125188557 0.123482589911  -0.126012274974 0.0888713031454 -0.296102382151  0.169665630399 0.156200631716 0.0
 -0.327043132379 -0.444088850306 0.159877590813  -0.121037491245 0.078905150325 -0.297141828146  0.186852220513 0.157023551 0.0
 -0.364213209259 -0.466810992882 0.198719870049  -0.11656018589 0.0680489259654 -0.298077329542  0.199617448912 0.187150143269 0.0
 -0.401787877426 -0.490293952921 0.239002599092  -0.11253061107 0.0568227199661 -0.298919280798  0.207502550868 0.191457058766 0.0
