 -0.546170940054 0.335934079469 -0.0306355351822  0.448617672791 -0.0165418140299 -0.263796363636  -0.0799723756906 0.125584415584 0.0
 -0.546252764311 0.335928402977 -0.0307013234388  0.445905511811 -0.0161547244423 -0.267287272727  -0.0957182320442 0.152857142857 0.0
 -0.546342063739 0.335909681881 -0.0309086388851  0.44031496063 -0.015341279345 -0.274792727273  -0.104917127072 0.168311688312 0.0
 -0.546218628833 0.335874842711 -0.031320588505  0.432308836395 -0.0142944944164 -0.283802181818  -0.110157458564 0.16274025974 0.0
 -0.545735973062 0.335818983701 -0.0320389964572  0.423003587052 -0.012915171684 -0.292710690909  -0.117083701657 0.140842857143 0.0
 -0.544884877767 0.335730020799 -0.0331645782445  0.409991942257 -0.0113869450556 -0.301528349091  -0.123593563536 0.127628701299 0.0
 -0.543631312311 0.335593998044 -0.0347514284778  0.394869388451 -0.00986673059679 -0.310264241455  -0.128899953039 0.117034662338 0.0
 -0.541921492917 0.335398884503 -0.0368244091445  0.381259090026 -0.00805296683561 -0.320671999127  -0.137266863812 0.107500027273 0.0
 -0.539766193513 0.335132983166 -0.0394022296416  0.369009821444 -0.0057327296079 -0.332148071942  -0.154465591796 0.101516258312 0.0
 -0.537156151094 0.334783883054 -0.0424981123357  0.357985479719 -0.00292603327135 -0.343567446566  -0.17270687792 0.0961308662468 0.0
 -0.533968036156 0.334341906311 -0.0461116363806  0.348063572167 1.21463736975e-05 -0.354208520091  -0.189124035432 0.0834918055961 0.0
 -0.530064138371 0.333798947795 -0.0502414840608  0.33913385537 0.00332207935949 -0.362912758991  -0.208595609789 0.05263613153 0.0
 -0.525369408488 0.333143490659 -0.0548777533685  0.331097110253 0.00690532437405 -0.368710210365  -0.230816159307 0.0235673235718 0.0
 -0.519842462086 0.332364062759 -0.0599980350335  0.323864039648 0.0107623983863 -0.371746098419  -0.250262167686 -0.00389330488927 0.0
 -0.51347253263 0.331450204209 -0.0655847316581  0.317354276103 0.0147433865406 -0.373823852214  -0.262791199536 -0.0286078705042 0.0
 -0.506218870681 0.330390104059 -0.0716403906381  0.311495488913 0.018916657121 -0.376712012447  -0.272409869638 -0.0508509795577 0.0
 -0.497920478294 0.329174510289 -0.0781906694932  0.306222580441 0.0233409567658 -0.379020447566  -0.293221368862 -0.0825580893941 0.0
 -0.488542933916 0.327787531198 -0.0852348116784  0.301476962817 0.0280886511697 -0.379207130082  -0.314714149103 -0.0994061765586 0.0
 -0.478032165852 0.326207364495 -0.0927246213201  0.297205906955 0.0334643637352 -0.381556962528  -0.323007927563 -0.102881143318 0.0
 -0.466452734243 0.32441666815 -0.100622794593  0.29336195668 0.0389569370807 -0.385053629912  -0.337378405525 -0.104709912103 0.0
 -0.453768052032 0.322402882562 -0.10888702243  0.289902401432 0.0447217741588 -0.386964266921  -0.349759349503 -0.110251907906 0.0
 -0.439794047132 0.320155562874 -0.117470588853  0.286788801709 0.0505840532858 -0.388247476592  -0.360073469801 -0.13342152231 0.0
 -0.424467840925 0.317665295506 -0.126305379535  0.283986561958 0.0569406135648 -0.385838728933  -0.371289879727 -0.154274175274 0.0
 -0.40788692619 0.31492303917 -0.135313687834  0.281464546182 0.0633298739382 -0.37967085604  -0.379174703909 -0.170444160344 0.0
 -0.390137427411 0.311921766524 -0.144431728479  0.279194731984 0.0697123617734 -0.371719770436  -0.38323237164 -0.18239974431 0.0
 -0.371246581892 0.308656831844 -0.153606157938  0.277151899205 0.0758436904127 -0.36398197521  -0.386608029503 -0.195757172476 0.0
 -0.351217983804 0.305127438166 -0.162782425095  0.275313349705 0.0818520140112 -0.355854323144  -0.391303580144 -0.211674961722 0.0
 -0.330078322343 0.301333651513 -0.171898632311  0.273658655154 0.0877774812447 -0.34577579992  -0.396634548097 -0.227299673342 0.0
 -0.307943560896 0.297272165992 -0.180887119613  0.272169430059 0.093491921708 -0.334450583565  -0.399222474502 -0.236167108605 0.0
 -0.284989878428 0.292938631293 -0.189688625014  0.270829127473 0.0988716275851 -0.323312434299  -0.395198017107 -0.235056891251 0.0
 -0.261383206795 0.288333063687 -0.198262854687  0.269622855145 0.104259187041 -0.313797190869  -0.389642303794 -0.231460293035 0.0
 -0.237261210705 0.283459409366 -0.206584319801  0.268537210051 0.109525713128 -0.306106199055  -0.387404592752 -0.229522055939 0.0
 -0.212676785985 0.278322542057 -0.214623988384  0.267560129466 0.114711157354 -0.298893397331  -0.386771868283 -0.229076343852 0.0
 -0.187693452111 0.272927874887 -0.222345727332  0.266680756939 0.11984033681 -0.291383693962  -0.385649930074 -0.229973904272 0.0
 -0.1623525912 0.267281635797 -0.229706548633  0.265889321665 0.12487989053 -0.284188597293  -0.381049025464 -0.233379111247 0.0
 -0.136718949137 0.261388488099 -0.236662031543  0.265177029919 0.129810932918 -0.278149373927  -0.373869537282 -0.237742498824 0.0
 -0.110882325442 0.255254665329 -0.243177691392  0.264535967347 0.134530137601 -0.272568618353  -0.367131754825 -0.240370846344 0.0
 -0.0849226662647 0.248885062326 -0.249227569593  0.263959011032 0.139153372136 -0.265727756517  -0.362448966083 -0.240138956515 0.0
 -0.058911582296 0.242286862765 -0.254793626954  0.263439750349 0.143893525189 -0.254916435411  -0.356300754557 -0.245125060863 0.0
 -0.0329231733486 0.23546744359 -0.259864744938  0.262972415734 0.14850219545 -0.244531700961  -0.3455187454 -0.248313853478 0.0
 -0.00707399923261 0.228432033183 -0.264451084815  0.26255181458 0.153195822851 -0.237003621774  -0.337196152628 -0.247287662936 0.0
 0.018573556717 0.221188312648 -0.268565729184  0.262173273542 0.157932493873 -0.228046532324  -0.331087034603 -0.246364091447 0.0
 0.043978048467 0.213741857722 -0.272214405075  0.261832586608 0.162666131896 -0.21787606091  -0.319787723408 -0.241636773212 0.0
 0.0691530244968 0.206097176016 -0.275404642142  0.261525968367 0.16723830564 -0.205813545728  -0.306303426205 -0.233486082904 0.0
 0.0941191782761 0.198258109209 -0.278184575764  0.26125001195 0.171656807082 -0.187466372973  -0.296653746568 -0.219656955133 0.0
 0.118948838419 0.19023230966 -0.280653708525  0.261001651175 0.176009408698 -0.170953917494  -0.295151355337 -0.217600350528 0.0
 0.143716005271 0.182032675061 -0.282883313888  0.260778126478 0.180517131395 -0.156092707563  -0.296837877261 -0.243022133657 0.0
 0.168350046165 0.173667050713 -0.284844735228  0.26057695425 0.184574081821 -0.142717618625  -0.297250774618 -0.26979784237 0.0
 0.192597498074 0.165135152395 -0.286401454873  0.260395899245 0.188225337206 -0.13068003858  -0.291268791079 -0.283506369821 0.0
 0.216118169965 0.156439554531 -0.28738378777  0.26023294974 0.191511467051 -0.119846216541  -0.271796608104 -0.281558330241 0.0
 0.238562858146 0.147588377052 -0.287693021197  0.260086295186 0.194468983912 -0.110095776705  -0.252614184862 -0.273311588126 0.0
 0.259623052368 0.138595491488 -0.28726085332  0.259954306088 0.197130749087 -0.101320380852  -0.230653871349 -0.267188221522 0.0
 0.278946171272 0.129470537836 -0.285978786547  0.259835515899 0.199526337745 -0.0934225245853  -0.206193456589 -0.24869017859 0.0
 0.296211312758 0.12022043488 -0.28373202316  0.259728604729 0.201682367537 -0.086314453945  -0.180311679991 -0.22424973216 0.0
 0.311191208876 0.110851649233 -0.280405390921  0.259632384676 0.203622794349 -0.0799171903687  -0.146797086578 -0.197058525178 0.0
 0.323682000163 0.101369398751 -0.275918401267  0.259545786628 0.205369178481 -0.07415965315  -0.111937819909 -0.1660929324 0.0
 0.333546397687 0.091777912363 -0.270235242083  0.259467848385 0.206940924199 -0.0689778696532  -0.0819456953766 -0.135626496303 0.0
 0.340762456015 0.0820783819914 -0.263312110413  0.259397703967 0.208355495345 -0.064314264506  -0.0469417335737 -0.108206703815 0.0
 0.345320734839 0.0722666993307 -0.255115907566  0.25933457399 0.209628609377 -0.0601170198736  -0.00853209060309 -0.0731392801872 0.0
 0.34723095182 0.0623384996942 -0.245662641081  0.259277757011 0.210621247061 -0.0563394997044  0.0257603449766 -0.0389811963243 0.0
 0.346651143247 0.0522910203607 -0.234972270425  0.25922662173 0.211110822485 -0.0529397315522  0.0599384541253 -0.0160311286399 0.0
 0.343830950759 0.0421182028917 -0.223060693981  0.259180599977 0.211108654437 -0.0498799402151  0.0926324540166 0.000727828379922 0.0
 0.339044772691 0.0318121580007 -0.209955558468  0.259139180399 0.210466195242 -0.0471261280118  0.130896832924 0.00671998060686 0.0
 0.332473102646 0.0213609006216 -0.195725739839  0.259101902779 0.208943928944 -0.0446476970288  0.160638641345 0.0225025280007 0.0
 0.324333729675 0.0107560167138 -0.180482935122  0.259068352921 0.207094900722 -0.0424171091441  0.182710136326 0.0328107167591 0.0
 0.31483210109 -1.38223752579e-05 -0.164317175479  0.259038158049 0.204845963714 -0.0404095800479  0.203403211091 0.0485815931351 0.0
 0.304123764138 -0.0109634225175 -0.147303983778  0.259010982664 0.202290020327 -0.0386028038613  0.228656812634 0.0718662909645 0.0
 0.292437480332 -0.0221055842881 -0.129535656774  0.258986524818 0.199415998939 -0.0369767052933  0.249175109271 0.0915238177122 0.0
 0.280044918239 -0.0334459931678 -0.111112106828  0.258964512756 0.196049630882 -0.0355132165822  0.261287985085 0.101423383993 0.0
 0.267185722522 -0.044988727051 -0.0921147094655  0.2589447019 0.192446227291 -0.0341960767421  0.271637087129 0.106436889749 0.0
 0.254053546225 -0.0567448151911 -0.0725922842684  0.25892687213 0.188699112151 -0.0330106508861  0.287304870128 0.116143850125 0.0
 0.240736038389 -0.0687278398974 -0.0526096549961  0.258910825337 0.184616580144 -0.0319437676157  0.302787090298 0.13786712745 0.0
 0.227347616307 -0.0809396943173 -0.0322815365989  0.258896383223 0.180204324786 -0.0309835726723  0.303185176848 0.144431064056 0.0
 0.213961452853 -0.0933821021017 -0.011663232784  0.25162179302 0.175690255615 -0.0301193972232  0.308515830434 0.158130814793 0.0
 0.20054070256 -0.106067858047 0.00923050665346  0.250236516605 0.17096759169 -0.0293416393191  0.323258170043 0.191239811236 0.0
 0.187187626742 -0.119003873048 0.0303630951304  0.252926775706 0.166034913949 -0.0286416572054  0.333763844751 0.213245700242 0.0
 0.174079471994 -0.132187215631 0.0516802407249  0.263309513708 0.160879805968 -0.028011673303  0.336865360828 0.22136268866 0.0
 0.161277447584 -0.145621984706 0.0731596229234  0.277553365487 0.15574172651 -0.0274446877909  0.344352857895 0.240356289923 0.0
 0.148814380374 -0.159312169397 0.0947578442908  0.294922263409 0.150362769543 -0.02693440083  0.350539119067 0.253554427165 0.0
 0.136748168636 -0.173253275986 0.116426795731  0.312479030944 0.144967529655 -0.0264751425652  0.350305649149 0.258939244189 0.0
 0.125108062853 -0.187439394388 0.138161212282  0.329942413939 0.139410039827 -0.0260618101268  0.355620388101 0.267681683406 0.0
 0.11394972249 -0.201877197409 0.159992678464  0.344522100804 0.134037918297 -0.0256898109323  0.369243432164 0.283342086494 0.0
 0.103430160082 -0.216567515201 0.18189987535  0.353881789236 0.128314652241 -0.0253550116573  0.371559420439 0.277955929793 0.0
 0.09369548005 -0.231501534989 0.203813599835  0.36466771355 0.122651306429 -0.0250536923097  0.36535651707 0.258822674476 0.0
 0.0847110780345 -0.246679687604 0.225704854488  0.375424914198 0.117089230731 -0.0247825048969  0.366679981385 0.25199235508 0.0
 0.0763438120514 -0.262107724911 0.24755355819  0.381256875972 0.111537538436 -0.0245384362254  0.376710878274 0.26013078191 0.0
 0.068578451322 -0.277782763254 0.269304890182  0.383268546205 0.105981267117 -0.0243187744211  0.378003878844 0.266156664758 0.0
 0.0614655375488 -0.293695293631 0.29087692505  0.3865663635 0.100521128097 -0.0241210787971  0.370604043446 0.266385154126 0.0
 0.0551041136358 -0.309839535318 0.312213932126  0.389796866258 0.09528953382 -0.0239431527356  0.362839219212 0.26399339196 0.0
 0.0497717206255 -0.326209223973 0.333310555327  0.389729690568 0.0902162879208 -0.0237830192802  0.358337065247 0.242360286531 0.0
 0.0457310549846 -0.342793620868 0.354212817419  0.387482005851 0.085310618916 -0.0236388991704  0.357600043805 0.199513868267 0.0
 0.0428779322223 -0.359586147121 0.374938645479  0.387033892755 0.0804193130744 -0.0235091910715  0.353898050474 0.170043000921 0.0
 0.0408789718104 -0.376583102319 0.395459394715  0.391704956673 0.0756411874981 -0.0233924537826  0.347803825537 0.159103635894 0.0
 0.0394386048725 -0.393779419637 0.415716991507  0.399933411137 0.0709259367201 -0.0232873902225  0.342595266188 0.164842622954 0.0
 0.0383883438793 -0.411167545449 0.435651747385  0.405414260749 0.0663257544213 -0.0143928330184  0.335145131834 0.1777999191 0.0
 0.0377410506824 -0.428735125794 0.455246880508  0.405185170632 0.0618291337537 -0.011115004262  0.328163767822 0.186864083034 0.0
 0.0376192462051 -0.446468527086 0.474514958415  0.397367440971 0.0574814148978 -0.0123104129267  0.327129158996 0.188528324081 0.0
 0.0381107886771 -0.464356513421 0.493452209943  0.390331484275 0.0532565684037 -0.0188408261795  0.331170386743 0.188727439725 0.0
 0.0393031012235 -0.482390389008 0.512038708747  0.383999123249 0.0492119274647 -0.0293727435616  0.330387602212 0.196698851597 0.0
 0.0414173381354 -0.50055794216 0.530262023501  0.378299998326 0.0453155474392 -0.0427787419327  0.320843317129 0.190886109294 0.0
