 0.216524978102 0.302248747046 -0.151547964741  0.208303516348 -0.528885124057 -0.520005980861  -0.0559471365639 -0.0542028985507 0.0
 0.216424667894 0.302241767714 -0.151586126825  0.204663787785 -0.527945130615 -0.522278708134  -0.0555066079295 -0.0295652173913 0.0
 0.216093716351 0.302218830702 -0.151719050929  0.196391116595 -0.526181003388 -0.526895933014  -0.056872246696 -0.00159420289855 0.0
 0.215517977081 0.302177998336 -0.151996099846  0.184874151758 -0.523620504973 -0.532726076555  -0.0598634361233 0.019231884058 0.0
 0.214752127603 0.302121193382 -0.152441098072  0.16963534855 -0.520124669363 -0.539049760766  -0.0647581497797 0.0278304347826 0.0
 0.213830626368 0.302049209913 -0.153049193812  0.15481 -0.51607121434 -0.545458779904  -0.0726876211454 0.0341198550725 0.0
 0.212755090933 0.301960731796 -0.153806244789  0.143688037631 -0.511515901847 -0.551884791866  -0.0771809735683 0.0397803333333 0.0
 0.211535507676 0.301856366449 -0.154717770266  0.134171794016 -0.50650891763 -0.557787819856  -0.0794628762115 0.0405269376812 0.0
 0.210200165714 0.301734073037 -0.155823260779  0.126285768223 -0.500854965424 -0.563040736435  -0.0876839894714 0.0383003308696 0.0
 0.208763950629 0.301587391741 -0.15715421802  0.119373415954 -0.494268977024 -0.567588935519  -0.095964048674 0.0377456601014 0.0
 0.207294214706 0.301410810391 -0.158754002837  0.112226944192 -0.486811365583 -0.57084499412  -0.107380859666 0.0285508042362 0.0
 0.205819344864 0.301193268971 -0.160652763035  0.107337377472 -0.478438131527 -0.573237169349  -0.123823390439 0.0304203614938 0.0
 0.204386063892 0.300922895912 -0.162862699419  0.10435564466 -0.4689457229 -0.573954720357  -0.13509743906 0.0234073108516 0.0
 0.203108356316 0.300593776422 -0.165387713176  0.101301943241 -0.458620939658 -0.572567023441  -0.151411483701 0.00405208701285 0.0
 0.202003597378 0.300192185155 -0.168230665575  0.100157560145 -0.447459578012 -0.569523837843  -0.16741570978 -0.00177341154351 0.0
 0.201078267714 0.299701758135 -0.171369536209  0.100916634482 -0.435752968774 -0.565588798557  -0.18270057052 -0.00991491096887 0.0
 0.200410766748 0.299114139016 -0.174778143062  0.104746007431 -0.4232058717 -0.559535301476  -0.199981174261 -0.0273871879879 0.0
 0.200045296505 0.298415934514 -0.178417642067  0.110289913782 -0.409344897602 -0.550917297644  -0.212450017187 -0.0416629619428 0.0
 0.200004311868 0.297595266725 -0.1822270066  0.117870422712 -0.394596548404 -0.539273534387  -0.223231447187 -0.0559604338644 0.0
 0.200338353872 0.296646223725 -0.186175309108  0.126173448301 -0.379552348804 -0.525026204872  -0.238661606433 -0.0862194629417 0.0
 0.201062577806 0.295559361322 -0.19023344823  0.135867022656 -0.364143512437 -0.508136622662  -0.254310864292 -0.116351139836 0.0
 0.202118461595 0.294321294973 -0.194340583992  0.146195187756 -0.348843709232 -0.490065185276  -0.263108852752 -0.137672547592 0.0
 0.203464473213 0.292924452251 -0.198421087462  0.155860678234 -0.333598315246 -0.471049695457  -0.269705456464 -0.162658916021 0.0
 0.205058943236 0.291366258483 -0.202426902092  0.166472019418 -0.317593057992 -0.448493170887  -0.280928743417 -0.185146647607 0.0
 0.206800548071 0.289639723907 -0.206315933413  0.175343633022 -0.300532298482 -0.424244930353  -0.284421772159 -0.195240678499 0.0
 0.208614315969 0.287742285315 -0.21003301388  0.182155969288 -0.283931577104 -0.401105724399  -0.287565498026 -0.204325306301 0.0
 0.210409870164 0.28567249515 -0.213524776719  0.187485097837 -0.267253033013 -0.378187137605  -0.290394851308 -0.205255094511 0.0
 0.212142639109 0.283429909941 -0.21674035253  0.191664410385 -0.250537238948 -0.356005385567  -0.292500740626 -0.204642628538 0.0
 0.213804561355 0.281015127886 -0.219629097453  0.193821843499 -0.233787919906 -0.334965253709  -0.287788111497 -0.199743583076 0.0
 0.2153778576 0.278421593833 -0.22216479831  0.192247185367 -0.216931917291 -0.316507603936  -0.282225159379 -0.198232992884 0.0
 0.216961512057 0.275653429872 -0.224383693461  0.187868857947 -0.199936178836 -0.297682800481  -0.285588546524 -0.224409693596 0.0
 0.218529840096 0.272704296559 -0.226342252861  0.180905537852 -0.182191659214 -0.277092152011  -0.289937180859 -0.239273072062 0.0
 0.220015313397 0.269559349792 -0.228057434889  0.172479388756 -0.163806027012 -0.255749563605  -0.293410423125 -0.246853011233 0.0
 0.221448107096 0.266210164133 -0.22953455461  0.163291906388 -0.145433621928 -0.233849846479  -0.296536341165 -0.258022782573 0.0
 0.222866522984 0.262646879414 -0.23079689401  0.152493869358 -0.126526613435 -0.211030053218  -0.298909138767 -0.26807557678 0.0
 0.224313791072 0.2588593263 -0.231854858058  0.140554784705 -0.107608458595 -0.188398937849  -0.301044656608 -0.282920193015 0.0
 0.225847632465 0.254840718168 -0.23270813689  0.125491286494 -0.0878277198513 -0.164502225882  -0.304288208568 -0.302077449076 0.0
 0.227448675985 0.250582645038 -0.233354936161  0.107862577339 -0.0672378651248 -0.139107625303  -0.307647933967 -0.314971153444 0.0
 0.229061194907 0.246077180113 -0.233779625065  0.0888505330532 -0.0462695710159 -0.113142436936  -0.307587986385 -0.326575487375 0.0
 0.23064368599 0.241318643382 -0.233946247471  0.0686551774653 -0.0253650972458 -0.0869029540076  -0.305771919024 -0.332671561825 0.0
 0.232151202333 0.236302615628 -0.233841936913  0.0469630095028 -0.00460550303114 -0.0617922040614  -0.302375343862 -0.336708753469 0.0
 0.233569111275 0.23102718081 -0.233460323001  0.0234301878863 0.0162750931786 -0.037039419062  -0.300640012119 -0.343240776673 0.0
 0.234800361531 0.225486471048 -0.232794518157  -0.000463725411886 0.0367180833689 -0.0133863144763  -0.294672927207 -0.337525394658 0.0
 0.23577186465 0.219675623973 -0.231838341184  -0.0252378340552 0.057106062987 0.00903784328708  -0.292386251226 -0.336729376931 0.0
 0.236406823422 0.213590207304 -0.230610456698  -0.0506807378797 0.077258720433 0.0291597766617  -0.286804013769 -0.325868033441 0.0
 0.236661534891 0.207225479243 -0.229100657532  -0.0753683704459 0.0969044737039 0.0484656889477  -0.284863700498 -0.323339201111 0.0
 0.23648012417 0.200577578519 -0.227314552892  -0.099437949194 0.116400057594 0.0685323975649  -0.277390546307 -0.310918324478 0.0
 0.235830529419 0.193644008278 -0.225306498899  -0.123383111708 0.135596536696 0.0873699472821  -0.277713165685 -0.308435187683 0.0
 0.234660176442 0.186419939548 -0.223123852134  -0.147154609297 0.154786145241 0.105340488439  -0.275360351319 -0.294606161668 0.0
 0.232928089436 0.178898863176 -0.220760315564  -0.170152905308 0.173630735439 0.121334549643  -0.269278060681 -0.280710762893 0.0
 0.230623152772 0.171076840385 -0.218233680801  -0.19208517801 0.192142948811 0.136506716688  -0.266887699546 -0.260958527183 0.0
 0.227786900227 0.162949905647 -0.215599582785  -0.212749578161 0.209951607259 0.146632958895  -0.259009502279 -0.234485862871 0.0
 0.224596808558 0.154522596065 -0.212860954801  -0.234432054027 0.227859386745 0.149885332862  -0.262491811963 -0.24254452296 0.0
 0.221055493634 0.14579412358 -0.210020579983  -0.256475585207 0.246151489386 0.155264622542  -0.259458489798 -0.228058186606 0.0
 0.21707901043 0.13676034923 -0.207046717499  -0.277178427673 0.264068092552 0.15753421292  -0.257609557117 -0.210672657801 0.0
 0.21268854946 0.127433057785 -0.203848243415  -0.296366198725 0.281592095407 0.159995504546  -0.254183403168 -0.20372133405 0.0
 0.207920521784 0.117834812901 -0.200249658445  -0.315794353683 0.298915780172 0.163167604809  -0.240086648754 -0.204711519485 0.0
 0.202668436335 0.107984887438 -0.196075757139  -0.335068712269 0.315348718495 0.168115796482  -0.22519692661 -0.195457758841 0.0
 0.196777287685 0.0979051853259 -0.191219232953  -0.353217609086 0.33083789299 0.173167255111  -0.205628775799 -0.171187345276 0.0
 0.190100742692 0.0876137908938 -0.18557250742  -0.36911978402 0.344865591285 0.175859500892  -0.181409510554 -0.146445422342 0.0
 0.182547400272 0.077127843176 -0.179015142379  -0.382814838314 0.3574030785 0.178641373769  -0.155647414124 -0.118380590253 0.0
 0.174027721881 0.066458724734 -0.171413980534  -0.393227987425 0.367714033083 0.17994888711  -0.117043025135 -0.0844265891988 0.0
 0.164547479089 0.05561679407 -0.162712706698  -0.401119254074 0.375857155953 0.181843352466  -0.0831801323128 -0.0669114665108 0.0
 0.154073750839 0.0446066565539 -0.152885730563  -0.407110968395 0.382027369967 0.184026840186  -0.0474171851608 -0.0366551024684 0.0
 0.1425726682 0.0334227598009 -0.14193071979  -0.409665756812 0.385492902727 0.186829299708  -0.0112657750148 -0.0152214762796 0.0
 0.130020881155 0.0220564913821 -0.129868697204  -0.409374073173 0.386710035014 0.191205580263  0.0256757804602 0.0185615409136 0.0
 0.116422915788 0.0104936042132 -0.116756353346  -0.405286758391 0.385378959373 0.197237534199  0.0549584226785 0.0359227781266 0.0
 0.101821815374 -0.00127016978482 -0.102647879415  -0.398770420615 0.382508677383 0.208108876473  0.0857180870186 0.0587942684299 0.0
 0.0862390552004 -0.0132627702773 -0.0876203876568  -0.388340633334 0.377553579674 0.220943323754  0.12000971444 0.0967699140507 0.0
 0.0698421153374 -0.0254939444668 -0.0718563401887  -0.372908173949 0.370230290785 0.23697997224  0.13677526282 0.115005966124 0.0
 0.0527364613718 -0.0379727379566 -0.0554937449807  -0.355502612569 0.361945156559 0.251951233389  0.159353243146 0.144461891251 0.0
 0.0349908257417 -0.0507179387443 -0.0386196097082  -0.334470549955 0.352018320431 0.264588047849  0.173065495924 0.170972223865 0.0
 0.0167648022226 -0.0637335965086 -0.0213001725889  -0.310421397489 0.340613952591 0.276678884212  0.190692867036 0.186135871043 0.0
 -0.00185028468449 -0.0770215687796 -0.00356550076275  -0.285137431706 0.328404453714 0.287919488614  0.199949571522 0.193986052055 0.0
 -0.0208567703053 -0.090584067866 0.0145941219198  -0.258927204884 0.315710800342 0.297916415351  0.225020693665 0.219891794676 0.0
 -0.0402004533658 -0.104428154235 0.033166908461  -0.232006723754 0.301149557448 0.30338494128  0.233487787294 0.217120006512 0.0
 -0.0598397100496 -0.118545444249 0.0520991257553  -0.204323633118 0.286470496337 0.310280298826  0.245513457904 0.227668875426 0.0
 -0.0798850034135 -0.132950759044 0.0713767830122  -0.176447716444 0.270417500698 0.311701431623  0.259860790528 0.251655611072 0.0
 -0.100324068008 -0.147634996054 0.0909009860395  -0.148213185392 0.253991446333 0.310707723868  0.264403345836 0.264548020979 0.0
 -0.121154363865 -0.16259726776 0.110646016347  -0.119100688568 0.236628480517 0.306643530428  0.276861689667 0.271803363809 0.0
 -0.142386578067 -0.177836968582 0.130599983183  -0.089321403178 0.218750199085 0.302268052983  0.285431027308 0.284130273805 0.0
 -0.164042947663 -0.193362980446 0.150710936775  -0.0586335565061 0.20042999391 0.295638735723  0.295786602991 0.308267971062 0.0
 -0.185937537131 -0.209168011838 0.170962099118  -0.0291637850627 0.181832289087 0.286083833443  0.303344506569 0.299557115985 0.0
 -0.20789974542 -0.225236722459 0.191381474987  0.0013688796866 0.162514837859 0.278381550577  0.308384505251 0.291717346415 0.0
 -0.22983697331 -0.241569102928 0.212004324088  0.0317477227482 0.14283379893 0.271270070161  0.312479975431 0.271618075542 0.0
 -0.251639536701 -0.25815094442 0.232936497204  0.0600140362229 0.122628788258 0.265288398073  0.330262814892 0.249180905669 0.0
 -0.273302208187 -0.274987081472 0.254259376308  0.0879830212496 0.101678949108 0.26104125683  0.339659440892 0.226088902059 0.0
 -0.294844147194 -0.292073153851 0.275986187725  0.114018772178 0.0803429483937 0.258355193348  0.362653849226 0.205306098809 0.0
 -0.316360258358 -0.309422463945 0.298125947386  0.135785309519 0.0579380119542 0.254442520903  0.386873045801 0.192398677334 0.0
 -0.337952327215 -0.32703845054 0.320547397069  0.157842805711 0.035030099927 0.251220158765  0.390168120075 0.192376200905 0.0
 -0.359690121713 -0.344927989415 0.343142025844  0.176337365362 0.0119536939347 0.244851133319  0.405909017319 0.208298001104 0.0
 -0.381565600116 -0.363094227323 0.365841965632  0.191563591812 -0.0109901725623 0.235709919509  0.402454679464 0.219729070559 0.0
 -0.403557589897 -0.38153046186 0.388597148753  0.208043259774 -0.0341754486714 0.224492396457  0.403310533103 0.234364859155 0.0
 -0.425631474443 -0.400222901182 0.411462127795  0.222566509368 -0.0581354314029 0.210269831453  0.408045559088 0.238841416718 0.0
 -0.447767666974 -0.419158429367 0.434496570933  0.2406960398 -0.0830331135332 0.195555647351  0.413628668377 0.244319593887 0.0
 -0.469893356431 -0.438323078055 0.457678974335  0.258431494426 -0.108348449027 0.18063824051  0.416450823566 0.23765575044 0.0
 -0.491955492309 -0.457711618582 0.480926189439  0.278526654669 -0.134192694735 0.166674296842  0.411061247817 0.230209015976 0.0
 -0.513976662108 -0.477327386511 0.504116429411  0.299018221158 -0.160108543854 0.151235934143  0.405770101009 0.245246085393 0.0
 -0.535929713191 -0.497168873075 0.527103972539  0.315486540929 -0.184919309317 0.133513656519  0.390435381657 0.257330172506 0.0
 -0.557703712696 -0.517227111063 0.549825521803  0.32864239023 -0.208396664646 0.114573176034  0.379277306047 0.260959474096 0.0
