 -0.490041879554 0.333930047239 0.485466702329  0.652854378326 0.00362717808829 0.00296963946869  0.00124223602484 0.237007874016 0.0
 -0.490070805923 0.33392910106 0.485381356248  0.649177552008 0.0036828480766 -0.00186907020873  -0.00269151138716 0.23937007874 0.0
 -0.490129644742 0.33393263304 0.48504582292  0.639675858732 0.00384707454211 -0.0102087286528  -0.00788819875776 0.232047244094 0.0
 -0.490158835288 0.333949428384 0.484340228394  0.622222544751 0.00415632132717 -0.0202760910816  -0.0121511387164 0.204984251969 0.0
 -0.490238154536 0.333979060676 0.483121597199  0.598822254475 0.0046100038969 -0.0304752371917  -0.0197144927536 0.184564566929 0.0
 -0.490566415346 0.334005019053 0.481197567202  0.572730546686 0.00529388465178 -0.0432597817837  -0.0323186128364 0.185084488189 0.0
 -0.49124046903 0.334009802009 0.478392297461  0.546635527818 0.00617659327507 -0.0594148282732  -0.0457327142857 0.195788637795 0.0
 -0.492199463286 0.333981923139 0.474558696392  0.520634287567 0.00730783446529 -0.0797418463947  -0.0584265236025 0.205422372441 0.0
 -0.493285970413 0.333914434101 0.469521367468  0.493895000077 0.00878801243946 -0.103633885664  -0.0733706207246 0.204643914724 0.0
 -0.494302372805 0.333801939258 0.463136212944  0.467265538773 0.0104681100431 -0.127698390836  -0.0893047801843 0.191344877583 0.0
 -0.495046982687 0.333638839888 0.455287703377  0.439283542225 0.0126565882444 -0.151159102037  -0.105508877735 0.172289129982 0.0
 -0.495334595311 0.333412139152 0.44583702017  0.411051849831 0.0153916809648 -0.172463495439  -0.127131903005 0.151201949267 0.0
 -0.494989852354 0.333104142381 0.434639278997  0.384917637272 0.0182485213302 -0.191068189538  -0.151768609185 0.131436085049 0.0
 -0.493811860175 0.33269518003 0.421626969365  0.359848708572 0.0218106034509 -0.206199511002  -0.174148684084 0.104197988355 0.0
 -0.49159307835 0.332166937226 0.406794440146  0.336028811106 0.0258877126766 -0.215927757245  -0.198638577581 0.0686600792835 0.0
 -0.488200868189 0.331497758979 0.390150333034  0.314252248331 0.030188965347 -0.22079323579  -0.223163953777 0.0351011579693 0.0
 -0.483522261512 0.330665879927 0.371750730597  0.293830893841 0.0350538020417 -0.218815430237  -0.246064949704 -0.00140108381188 0.0
 -0.47745210383 0.329650401728 0.351708804065  0.273129468705 0.0406095753197 -0.208781135791  -0.267918082062 -0.0452767234622 0.0
 -0.469961385573 0.328429444373 0.330202141086  0.253482220915 0.0462917286267 -0.193773041187  -0.288414058535 -0.0879144054467 0.0
 -0.461077644097 0.326983043351 0.307443789558  0.235267525674 0.0524160768908 -0.180265756043  -0.305618201336 -0.128650523957 0.0
 -0.450901973445 0.325295213794 0.283648312273  0.218680782783 0.0587185041625 -0.168109199414  -0.317996339795 -0.164525629042 0.0
 -0.439553030312 0.323354221143 0.258958809889  0.20322054195 0.0651505840474 -0.157168298448  -0.32727331037 -0.195238420468 0.0
 -0.427106305812 0.321152295734 0.233430336463  0.188387118621 0.0715462588164 -0.147321487579  -0.338107055938 -0.226029539051 0.0
 -0.413624116836 0.318682138726 0.20710079071  0.173634038109 0.0779815399659 -0.138459357796  -0.351584135023 -0.25767855365 0.0
 -0.399182164104 0.315932951535 0.180060596966  0.15682457721 0.0846389613186 -0.130483440992  -0.35957271945 -0.287737469939 0.0
 -0.383893270367 0.312893810214 0.152462917054  0.137680581028 0.0912652784028 -0.123305115868  -0.363242776698 -0.310853486724 0.0
 -0.36793132097 0.309553980764 0.12445132734  0.117403088963 0.0978329831517 -0.116844623257  -0.36654582822 -0.322209082934 0.0
 -0.351451905761 0.305906929605 0.0961369478707  0.0963957263653 0.104645771236 -0.111030179906  -0.370553771278 -0.327704710073 0.0
 -0.334541882413 0.301953340889 0.0675941532474  0.0751185146383 0.111375732887 -0.105797180891  -0.371055329968 -0.338162585523 0.0
 -0.317297706844 0.297693310587 0.0388834498107  0.0518084048291 0.118167542218 -0.101087481777  -0.371920811464 -0.347574673427 0.0
 -0.299851576185 0.293124091583 0.0100729716174  0.0269589625077 0.125003880464 -0.0968487525749  -0.373113823486 -0.348958938368 0.0
 -0.282347447963 0.288242508356 -0.0187296571343  0.00125629315586 0.131983284212 -0.0930338962927  -0.37128898358 -0.338393753193 0.0
 -0.264907454565 0.283049131889 -0.0474029060678  -0.0243434532376 0.139024642925 -0.0896005256388  -0.368611430978 -0.324948078661 0.0
 -0.247599862326 0.277548382734 -0.0758284719128  -0.0491248795636 0.145946400645 -0.0865104920502  -0.361853807549 -0.312059570007 0.0
 -0.230475304565 0.271747616193 -0.103926251143  -0.0731214385351 0.152732682475 -0.0837294618205  -0.3559789858 -0.300459912219 0.0
 -0.213581396765 0.265655346077 -0.131614062354  -0.0964599961814 0.159388685508 -0.0812265346138  -0.350070528214 -0.287658015485 0.0
 -0.196964543527 0.259281417336 -0.158772760645  -0.118867697579 0.165891252129 -0.0789739001278  -0.341854365662 -0.273774103701 0.0
 -0.180674845343 0.252636497835 -0.185290722199  -0.139905456123 0.172110984011 -0.0769465290903  -0.33238942599 -0.255766772071 0.0
 -0.164753320968 0.245730510774 -0.211074320269  -0.159323231749 0.178223690097 -0.0751218951566  -0.323249862273 -0.23404836258 0.0
 -0.149208221423 0.238576435839 -0.236032788179  -0.176847609107 0.184134299989 -0.0734797246163  -0.313574979565 -0.214501794039 0.0
 -0.134008918724 0.231190324826 -0.260062881752  -0.192861445196 0.189453848891 -0.07200177113  -0.301140877054 -0.200059488651 0.0
 -0.11912768366 0.223589039005 -0.28302240237  -0.207902828495 0.194241442903 -0.0706716129923  -0.288293870094 -0.187848815376 0.0
 -0.104617423783 0.215787952001 -0.304768494725  -0.221681969932 0.198550277514 -0.060461187936  -0.275282288467 -0.170559996831 0.0
 -0.0905320660448 0.207803577977 -0.325118400697  -0.233938059344 0.202428228663 -0.0558258850817  -0.25570437018 -0.154212658565 0.0
 -0.0768695187319 0.199653799879 -0.343891540785  -0.244871781228 0.205918384698 -0.0554491789264  -0.236013850346 -0.140287455701 0.0
 -0.0636529373034 0.191353074839 -0.360955716473  -0.254373475867 0.209059525129 -0.058525703159  -0.216636067796 -0.123030363674 0.0
 -0.0508581318652 0.182917863413 -0.376204954301  -0.262973380337 0.211886551517 -0.0646152580803  -0.195676394764 -0.117735201322 0.0
 -0.0384575520281 0.174361376223 -0.389564180269  -0.271197087296 0.214430875267 -0.072183144037  -0.17557045301 -0.111394752056 0.0
 -0.026471991865 0.165688893876 -0.400959105282  -0.278646802853 0.216720766641 -0.0801327613221  -0.156853987419 -0.101751339843 0.0
 -0.0148813884984 0.156905607945 -0.410286568577  -0.285351546854 0.218781668878 -0.0891849500855  -0.129036083501 -0.0954344735749 0.0
 -0.00369341803516 0.148016362422 -0.417468700742  -0.291530954336 0.220636480891 -0.0951497567847  -0.10275773395 -0.0826626797607 0.0
 0.00704483444454 0.139018749826 -0.422504268797  -0.296415110958 0.222305811703 -0.0977666596641  -0.0764157079672 -0.0625066480051 0.0
 0.0173793731345 0.129912249357 -0.425394707558  -0.299698128164 0.224055940882 -0.0989833523315  -0.0483600584955 -0.0475158257243 0.0
 0.0273854199951 0.120701005441 -0.42615619837  -0.302265809301 0.225283119716 -0.100078375732  -0.0214536592712 -0.0434729045692 0.0
 0.0370622086429 0.111386684131 -0.424814860139  -0.304286446561 0.225833664283 -0.0966046937566  0.00131282466831 -0.0351098660807 0.0
 0.0463330187174 0.101959494649 -0.42142205022  -0.30484715846 0.225972866468 -0.0862677537927  0.0199393061766 -0.0134099030947 0.0
 0.055154495997 0.092408170279 -0.416036353701  -0.30298121378 0.22573629351 -0.070228264941  0.0398087295962 0.0171436856399 0.0
 0.0635957530405 0.082730234601 -0.408675785207  -0.299560208996 0.225178223921 -0.0546542050503  0.0682502168851 0.0399175060523 0.0
 0.0717682180798 0.0729238238527 -0.399419757442  -0.294933167294 0.224071941917 -0.039878537866  0.0942616341199 0.0533273302502 0.0
 0.0796753146774 0.0629870512268 -0.388547089106  -0.287866072141 0.222491753237 -0.0265804374  0.101729880646 0.0701205814772 0.0
 0.0873241088932 0.0529158754381 -0.376279955694  -0.27840941171 0.220777315986 -0.0146121469807  0.110521695894 0.0883841138807 0.0
 0.0948156993447 0.0427035508176 -0.362646151045  -0.26762459052 0.218816797548 -0.00384068560333  0.133134122578 0.0961598757209 0.0
 0.102157093763 0.0323422669767 -0.34768885112  -0.256563631226 0.216445528081 0.00585362963632  0.157212014668 0.103945462952 0.0
 0.109268784855 0.0218194327172 -0.331574417328  -0.244286561766 0.213718500185 0.014578513352  0.170186465375 0.125125719806 0.0
 0.116119440886 0.0111229884547 -0.31452137506  -0.226415718845 0.210431908754 0.0224309086961  0.179586038299 0.147337557275 0.0
 0.122813473035 0.000250647474755 -0.296640373454  -0.2089289607 0.20664171014 0.0294980645058  0.199018738817 0.145280966901 0.0
 0.129371917937 -0.0108020906681 -0.278045451445  -0.192223292497 0.202311976581 0.0358585047346  0.20118725831 0.142642633991 0.0
 0.135713643394 -0.022047749089 -0.258751712511  -0.173462985501 0.197624702544 0.0415829009404  0.217631679477 0.148929551694 0.0
 0.141801831809 -0.0334947289369 -0.238762580772  -0.157352777904 0.192434714614 0.0467348575257  0.23388093389 0.148288565029 0.0
 0.147557960541 -0.0451512110981 -0.218174270085  -0.141111936495 0.186992696139 0.0513716184524  0.234219548575 0.156373094353 0.0
 0.152985942545 -0.0570258863844 -0.19691861191  -0.123979455956 0.181279314183 0.0634194660949  0.253778960177 0.162074367594 0.0
 0.158176454879 -0.0691253881262 -0.174963316565  -0.108947257821 0.175043355153 0.0684750526922  0.269726115919 0.15539448989 0.0
 0.163114360832 -0.0814560748849 -0.152440295253  -0.0891289713228 0.168604292699 0.0792869402124  0.265445015715 0.165918033027 0.0
 0.16787235334 -0.0940290663684 -0.129371213704  -0.0662126876399 0.162313673594 0.0917690621304  0.276705897166 0.176176623425 0.0
 0.172683818095 -0.106850036395 -0.105739378199  -0.0471361697226 0.155572118627 0.0960769756517  0.30174752277 0.164149512264 0.0
 0.177602968403 -0.119921994671 -0.081707798342  -0.0319024753435 0.148750390815 0.0966334147089  0.315175254965 0.154112513793 0.0
 0.182470013773 -0.133257215165 -0.0575680709644  -0.0148539791395 0.141906610432 0.096185443257  0.312146342305 0.177362679737 0.0
 0.187341437123 -0.146865198604 -0.0335651224146  0.00165077049188 0.135276796686 0.0898999160091  0.316666697723 0.193563419637 0.0
 0.192535820483 -0.160737518253 -0.00978306064946  0.0115219779129 0.128753264431 0.0757989187156  0.32798139441 0.171136211532 0.0
 0.198113706252 -0.174867977783 0.013719501644  0.0137781013602 0.122111056064 0.057700051512  0.333816795342 0.147802117938 0.0
 0.20382951252 -0.189262397529 0.0368079269431  0.015469957407 0.115707193123 0.0404623044253  0.329337807319 0.164596709293 0.0
 0.209530749254 -0.203926010751 0.0593071134171  0.0202340405246 0.109242274624 0.0201096223699  0.324892639423 0.192310266711 0.0
 0.215402205607 -0.218852122775 0.081089419978  0.0226833021712 0.102844880096 -0.00437477440223  0.324411657055 0.181031995945 0.0
 0.221698813794 -0.234030067492 0.102121254406  0.0200980875806 0.0964915561456 -0.028877524666  0.320252064848 0.147259505012 0.0
 0.228417511574 -0.249453672676 0.122444370058  0.0180132909173 0.0901277927261 -0.0481785767535  0.31257468445 0.129462688369 0.0
 0.235399660872 -0.265122104121 0.142133785397  0.0208781446993 0.0838381387667 -0.0638417437461  0.312497340229 0.129193584886 0.0
 0.242536865222 -0.281033128277 0.161236450152  0.028487959644 0.0773089983855 -0.0793617439445  0.319881146579 0.139975013799 0.0
 0.249751598207 -0.297183170598 0.179595722054  0.0406585153971 0.0707341136892 -0.0968401805557  0.316795723432 0.166213732892 0.0
 0.2570495474 -0.313560951713 0.19697049018  0.0570788757587 0.0642683680777 -0.117694113164  0.311120291876 0.181954564327 0.0
 0.264630327194 -0.330144549723 0.213211576517  0.0737923718306 0.0580288886156 -0.139214075662  0.308496875525 0.174074068524 0.0
 0.272679427918 -0.346911470396 0.22827187097  0.0917372759151 0.0517481007394 -0.158107658608  0.302616132071 0.151233590806 0.0
 0.281202206516 -0.36385289035 0.242090714212  0.112290205314 0.0457335367268 -0.17520675992  0.289041889465 0.154299208103 0.0
 0.290175300805 -0.380964192364 0.254591545817  0.135287116084 0.0399724916885 -0.194106387533  0.277446189131 0.164932279419 0.0
 0.299674170374 -0.398233055205 0.265725009594  0.15680678377 0.0344423972266 -0.214626488818  0.264111508106 0.168202831004 0.0
 0.309755941768 -0.41564611557 0.275359337398  0.176126105393 0.0292899517476 -0.235276743162  0.241344249635 0.170358925857 0.0
 0.320451197646 -0.433190081552 0.283427554822  0.192207253924 0.0245497613382 -0.257562161825  0.221267795686 0.16836240335 0.0
 0.331863714935 -0.45084936636 0.289982154993  0.205374046674 0.0202028684867 -0.278283175244  0.203820105144 0.154754509472 0.0
 0.344096242317 -0.468608301839 0.295066719807  0.217272539443 0.0162377784314 -0.296457704019  0.185839750945 0.130696381359 0.0
 0.357193194155 -0.486455692469 0.298681834323  0.229480941038 0.0126302283899 -0.31082237005  0.16675888144 0.105107058184 0.0
 0.371128875306 -0.504385548091 0.300805025901  0.240710398942 0.00939456735015 -0.322327419573  0.148136823524 0.0883758799244 0.0
