 0.398299245283 0.34468384583 0.0959065159286  -0.479371428571 -0.474820038911 -0.170289389068  -0.121489361702 0.173275862069 0.0
 0.39793817937 0.344668265096 0.0958548553744  -0.480442857143 -0.473944552529 -0.179533762058  -0.119361702128 0.202586206897 0.0
 0.397221210045 0.344648361089 0.0955972368382  -0.484264285714 -0.471879863813 -0.194525723473  -0.120992907801 0.199655172414 0.0
 0.396351789227 0.344628539173 0.0949868019166  -0.486489285714 -0.469304231518 -0.212359324759  -0.11395035461 0.205637931034 0.0
 0.395489500428 0.344605614415 0.0940544780242  -0.487134642857 -0.466256590467 -0.230981913183  -0.113285815603 0.198953448276 0.0
 0.394884524933 0.34458233439 0.0928549748061  -0.484215464286 -0.462954375 -0.24870687299  -0.114106170213 0.184316724138 0.0
 0.394668135207 0.344562953665 0.09098102326  -0.478945346429 -0.459070416099 -0.265141651929  -0.112716829787 0.171143672414 0.0
 0.394983557591 0.344542430985 0.0888805444528  -0.4703450975 -0.455100631299 -0.279129094453  -0.117849402128 0.145494822414 0.0
 0.395537181718 0.344523147194 0.0866330352648  -0.46089058775 -0.450688817196 -0.292923580506  -0.118213398085 0.132755685 0.0
 0.395796274875 0.344490043254 0.0843234245509  -0.447667243261 -0.44579405999 -0.307991351073  -0.119250214305 0.126462875121 0.0
 0.39578132327 0.344439652196 0.0810934893915  -0.42976623322 -0.4400633894 -0.322115045548  -0.127984767343 0.129420035884 0.0
 0.395542326987 0.344329731987 0.0761854548857  -0.408155324184 -0.433531758631 -0.336996788581  -0.130881326069 0.137253894365 0.0
 0.395241331347 0.34413632969 0.0690086506784  -0.383705506051 -0.425501053585 -0.351837302649  -0.141289647363 0.128787125618 0.0
 0.395034713828 0.343842011429 0.0598197474771  -0.35662924116 -0.416789956008 -0.365756466275  -0.154203235818 0.126339447539 0.0
 0.39498342788 0.34344007511 0.0489739160736  -0.326546317044 -0.407247633559 -0.377721012574  -0.167953125002 0.112067571751 0.0
 0.395090908765 0.342919193362 0.0366077254314  -0.294614542483 -0.396689698997 -0.387042158905  -0.176781925977 0.0957746076791 0.0
 0.395317542519 0.342265484331 0.0227504319291  -0.263947373949 -0.385278511199 -0.394225402821  -0.188983166004 0.0845592158767 0.0
 0.395720651553 0.34146172197 0.00781276612814  -0.233775493697 -0.372795407161 -0.397153344854  -0.198545842311 0.0589481218752 0.0
 0.396331525668 0.340500995917 -0.00803289430457  -0.207977944327 -0.359931236094 -0.398582704903  -0.204315371555 0.0462429648601 0.0
 0.397221828174 0.339360689889 -0.0243181924372  -0.181331578466 -0.346699785637 -0.398261411904  -0.214472486882 0.0348083235465 0.0
 0.398290097261 0.338037791813 -0.040099562696  -0.152206992048 -0.33327153859 -0.396042987756  -0.219358571527 0.0262412842953 0.0
 0.399165414499 0.336529727329 -0.054626699151  -0.121852007129 -0.320030960607 -0.39396602017  -0.215954629268 0.0254275006934 0.0
 0.399775955312 0.334845117459 -0.0684213712071  -0.092603949273 -0.306314829527 -0.390408646449  -0.219983279816 0.0195226816585 0.0
 0.400096060951 0.332966334346 -0.0819761546133  -0.0662806972029 -0.29248684852 -0.386483537431  -0.22360906531 0.0124842065961 0.0
 0.400159234594 0.3308819282 -0.0956687511437  -0.0434469131969 -0.278023183123 -0.381584379829  -0.230418371545 -0.000746972684186 0.0
 0.400049882341 0.328584796527 -0.109562846393  -0.0228965075915 -0.262537499052 -0.37339700294  -0.239383626589 -0.0247239995537 0.0
 0.399548740236 0.32604339636 -0.123843545096  -0.00490114254661 -0.246180636306 -0.365224505218  -0.245324696554 -0.0273378064949 0.0
 0.398539743549 0.323236153205 -0.13861373906  0.0108661145652 -0.229319382014 -0.356663469487  -0.258473077963 -0.033138508604 0.0
 0.397251540845 0.320153376418 -0.153610483804  0.0284852173944 -0.212052813462 -0.341482653085  -0.280944919103 -0.0642212094677 0.0
 0.39589990547 0.316795369786 -0.169032424093  0.0436995527978 -0.194239069081 -0.323237924754  -0.292658937831 -0.088747364383 0.0
 0.394283241641 0.313146806075 -0.184872209103  0.0578210260895 -0.175641037659 -0.304084550285  -0.297527795821 -0.0866829727723 0.0
 0.392164860947 0.309175968025 -0.200764868871  0.0682446377662 -0.156483062298 -0.286685741559  -0.3139665056 -0.0968939858399 0.0
 0.389455151513 0.304872720594 -0.216503051221  0.076411602561 -0.136942732722 -0.271428742966  -0.323087585537 -0.0991873458766 0.0
 0.386179376586 0.300242465018 -0.231927317208  0.0825475851621 -0.11625575517 -0.255285868669  -0.324913578756 -0.102975507841 0.0
 0.382342089571 0.295289564712 -0.246335347811  0.0878556837887 -0.0950961329601 -0.238104548683  -0.325138532937 -0.10983312947 0.0
 0.377698242232 0.290015879181 -0.258846960846  0.092847258267 -0.0743744574073 -0.221917888027  -0.315411913686 -0.102211885489 0.0
 0.372319226401 0.28444662585 -0.269480611674  0.095268246726 -0.0534024785927 -0.205742176395  -0.313040935083 -0.107421731423 0.0
 0.366065280179 0.278583423679 -0.277962389286  0.096589993482 -0.0330199155583 -0.192229052003  -0.302396416043 -0.0931450755219 0.0
 0.358841050572 0.272431121177 -0.284527992108  0.0957081369909 -0.013131348127 -0.181514185388  -0.295653228339 -0.0889167748662 0.0
 0.350738357036 0.265997472024 -0.289946809641  0.0926287518633 0.0065922925223 -0.173558908328  -0.295258118272 -0.0833871663451 0.0
 0.341939126938 0.259285174344 -0.295151301087  0.0882144481055 0.0260702228031 -0.16816764772  -0.293484079494 -0.0766863807451 0.0
 0.332822347799 0.252301085947 -0.300257192725  0.084813003295 0.045266216087 -0.158733519604  -0.294015104169 -0.0878970530154 0.0
 0.323317440206 0.245038175691 -0.305872101329  0.0807517029655 0.0648529213266 -0.143249235168  -0.302294444816 -0.103159071852 0.0
 0.312959905797 0.237472093259 -0.313089664063  0.0746679612403 0.0847183101278 -0.133975758597  -0.307618191823 -0.0806879922528 0.0
 0.30181262571 0.229580218061 -0.321959224347  0.0684783079735 0.105904553045 -0.127558890132  -0.317374103138 -0.0777053999241 0.0
 0.29023768558 0.221363774514 -0.332445188373  0.0626219057475 0.128303883733 -0.122024866071  -0.324735983604 -0.0767452047593 0.0
 0.278507327644 0.212818887633 -0.344158953837  0.0572082866014 0.151223495359 -0.115195369818  -0.331361676024 -0.077605167042 0.0
 0.266877677437 0.203953033465 -0.356570277744  0.0515503150841 0.174915348158 -0.104306057916  -0.342289338209 -0.0904480986136 0.0
 0.255387577732 0.194778139248 -0.369399827317  0.04452956929 0.199095505949 -0.0884767382982  -0.348578134884 -0.0864894956488 0.0
 0.243801529493 0.185281074251 -0.381970493932  0.0371394695038 0.223788095432 -0.0704522155938  -0.354238051892 -0.0829267529805 0.0
 0.232098231054 0.175463586591 -0.393647966651  0.0306312368391 0.247786717796 -0.0519793413013  -0.344438360178 -0.079720284579 0.0
 0.220385379305 0.165340262198 -0.403787056729  0.0225595417267 0.271099972086 -0.0337460373962  -0.331363318487 -0.0820068768107 0.0
 0.208678497797 0.154920495686 -0.411710440095  0.0133664446969 0.293273535189 -0.0177379931421  -0.316758901532 -0.0875130856814 0.0
 0.196718186554 0.144209273976 -0.416748092284  0.00287837165574 0.314178185561 -0.00501885620733  -0.29652272769 -0.0872962598719 0.0
 0.184311170102 0.133225147349 -0.418367998622  -0.00870375122412 0.333746261946 0.00474026414009  -0.279019391092 -0.0871011166433 0.0
 0.171186672392 0.121984152673 -0.41573642083  -0.0210562332446 0.351576402289 0.0100668808129  -0.251918870422 -0.0817530739445 0.0
 0.156993011759 0.110507315474 -0.407814036671  -0.0329591813487 0.367514092799 0.0142981348538  -0.215471664231 -0.0769398355156 0.0
 0.141329381198 0.0988006257332 -0.393548960706  -0.0442432632138 0.380921730212 0.0181866493427  -0.175576980077 -0.0605389554123 0.0
 0.123896609596 0.0868591138223 -0.373090962993  -0.0526846511781 0.391334907385 0.0191943509679  -0.138253324623 -0.0457781633193 0.0
 0.10535111363 0.0747114095584 -0.347515763641  -0.062281900346 0.399065229876 0.01777009272  -0.109626573721 -0.0687003469874 0.0
 0.0860265659752 0.0623802296108 -0.316868845914  -0.0723479960257 0.404514738017 0.0263757201039  -0.0668412213133 -0.0634682433231 0.0
 0.0654702436923 0.0498546982506 -0.281196902531  -0.0800503392803 0.406756357601 0.0378989197977  -0.0297528438628 -0.0518627983012 0.0
 0.0436290190446 0.0371341664455 -0.24163198028  -0.0851253053523 0.406232472813 0.0494755873035  0.00149903626813 -0.0362454839883 0.0
 0.0211976876514 0.0242211926624 -0.199734136952  -0.0919784891028 0.403377708022 0.0591711153899  0.0267888489534 -0.0773623148998 0.0
 -0.00157852822323 0.0111258165638 -0.156807947288  -0.102360640192 0.399373594808 0.0695851935615  0.0623156378169 -0.057470910996 0.0
 -0.0249306860874 -0.0021721650929 -0.113289990008  -0.111347433316 0.393398783965 0.08257522726  0.0822330102054 -0.0395686474826 0.0
 -0.0489486102417 -0.0156895772267 -0.0707651746983  -0.117292689984 0.385966493117 0.0916135244697  0.0944848864898 -0.0251807482516 0.0
 -0.0731103155367 -0.0294194730865 -0.0302379111569  -0.1203577067 0.377550777658 0.102239953373  0.103383915571 -0.0225764665299 0.0
 -0.0970217819774 -0.0433459495566 0.00833612754349  -0.120187650316 0.368626925573 0.116707276364  0.121322119759 -0.0185084750493 0.0
 -0.120368088483 -0.0574513535805 0.0455971443563  -0.118748885284 0.358564816673 0.13527449085  0.133211184379 -0.0217438344409 0.0
 -0.143017470174 -0.071729210975 0.0822108785968  -0.123025425327 0.346748704656 0.143705241122  0.157386519842 -0.0436211751348 0.0
 -0.16513361726 -0.0861762346478 0.117737399184  -0.129660025652 0.333791733023 0.14912249836  0.179853541616 -0.0408969886558 0.0
 -0.186637074277 -0.100788655682 0.151550313266  -0.136202594515 0.319990380732 0.158178094183  0.192981662632 -0.0470659104799 0.0
 -0.207597423037 -0.115559118968 0.182529419789  -0.143233763635 0.30555068118 0.167453532353  0.197704772965 -0.0491696642595 0.0
 -0.228102986701 -0.1304746216 0.210825160107  -0.1459189587 0.290925574152 0.181026507092  0.201955572264 -0.0389940771439 0.0
 -0.248277269977 -0.145534393214 0.23742846467  -0.142692777116 0.275476985608 0.198306493039  0.217838029222 -0.0315601866709 0.0
 -0.268026758473 -0.160726041777 0.263088773404  -0.137432070833 0.257706524401 0.215064268172  0.237805999349 -0.0317662369693 0.0
 -0.287609695931 -0.176031396945 0.286905373952  -0.129483149464 0.238965054841 0.230146265792  0.251521853315 -0.00264133741029 0.0
 -0.306974356012 -0.191438661461 0.308252336792  -0.117186263089 0.219483432625 0.244604308023  0.259610802735 0.00460555495143 0.0
 -0.325885523581 -0.206941132529 0.326712199832  -0.103119065351 0.199359992086 0.258902719665  0.258380218916 -0.00611362123337 0.0
 -0.344226204397 -0.222521502682 0.342498024393  -0.0936014445306 0.178573798325 0.27128897503  0.279967728939 -0.0123126039376 0.0
 -0.362508356174 -0.238181139621 0.355317050591  -0.0838927286489 0.157616710321 0.281471974633  0.29159506952 0.00107382886994 0.0
 -0.380744646174 -0.253913552876 0.36547294416  -0.0716548843555 0.135970798044 0.289591658198  0.292130598029 0.00967334253467 0.0
 -0.398551836706 -0.269694607136 0.373696118026  -0.0552836816342 0.114276441975 0.299471720674  0.296867892836 0.00879221517775 0.0
 -0.415817070735 -0.28550529093 0.381140245602  -0.0336924563279 0.0924047316298 0.311016510022  0.310351316319 0.0286888557289 0.0
 -0.432254182711 -0.301344447232 0.388506970108  -0.0142603535523 0.0698991806458 0.324943797926  0.314684979013 0.0379751425698 0.0
 -0.447404701117 -0.31719347173 0.396547136787  0.0032285389458 0.0457409746435 0.343346524243  0.327095913736 0.0601259041749 0.0
 -0.461448624909 -0.333039957609 0.404650080402  0.0189685421941 0.020642558113 0.357577788217  0.346067173426 0.0766133137574 0.0
 -0.474465574319 -0.3488962172 0.412032780748  0.0331345451175 -0.00519261209522 0.363713900071  0.356049108566 0.0966243961748 0.0
 -0.486228564982 -0.364762653882 0.416683710178  0.0458839477486 -0.0307424170336 0.365699423247  0.360068311184 0.107737818626 0.0
 -0.496745293443 -0.380646678076 0.417962535981  0.0573584101166 -0.0566068912835 0.363708259057  0.362267153825 0.109119209177 0.0
 -0.50603346113 -0.396530264897 0.415562856805  0.0676854262478 -0.0822195484587 0.359102706464  0.36850143135 0.10519004688 0.0
 -0.51394958137 -0.41237971997 0.409425968697  0.0769797407659 -0.107958196726 0.353430377939  0.375530720839 0.099929662882 0.0
 -0.520698158142 -0.428186506074 0.399240607734  0.0853446238322 -0.133177941255 0.345109848184  0.375474102656 0.102091869008 0.0
 -0.526020870603 -0.443913970949 0.384929370964  0.0928730185918 -0.157991470087 0.336897898735  0.376841586007 0.0833481993482 0.0
 -0.530017706517 -0.459539483906 0.36634311918  0.0996485738755 -0.182427245257 0.328542514007  0.373817001875 0.0750995863099 0.0
 -0.532851603008 -0.475017424223 0.342854180285  0.105746573631 -0.20600018221 0.321504982863  0.364711897432 0.0607792828514 0.0
 -0.534909596963 -0.490339057905 0.314148567526  0.111234773411 -0.229246467491 0.313241944384  0.365737161589 0.0737530787042 0.0
 -0.53608234161 -0.505496190187 0.279629120081  0.116174153212 -0.251943416073 0.305483666344  0.365241459615 0.0612915639372 0.0
 -0.536236187596 -0.520478186586 0.239536762578  0.120619595034 -0.275544307929 0.292150733793  0.380398164717 0.110421028233 0.0
