 0.213125925875 0.395994641486 -0.267172054715  0.280966796875 -0.460236700538 -0.317497820401  -0.139387755102 0.0876470588235 0.0
 0.213102248293 0.3959925641 -0.266681682427  0.281748046875 -0.459818290496 -0.320897994769  -0.12306122449 0.0920588235294 0.0
 0.213164577487 0.396010563774 -0.265783073812  0.275419921875 -0.458736401674 -0.325265911072  -0.119591836735 0.0857352941176 0.0
 0.21299287909 0.396040125695 -0.264891878673  0.266208984375 -0.456878063359 -0.332335658239  -0.118510204082 0.0829852941176 0.0
 0.21282883051 0.39607896728 -0.264159394231  0.260458203125 -0.4545839211 -0.338524062772  -0.117536734694 0.0731573529412 0.0
 0.21259909906 0.39613535074 -0.263669378328  0.25479421875 -0.451634554692 -0.345401386225  -0.122783061224 0.0731357352941 0.0
 0.211933322241 0.396186493001 -0.263441702445  0.251063820312 -0.447928122534 -0.354119312119  -0.127504755102 0.0745868676471 0.0
 0.211620066654 0.396235384747 -0.2634581178  0.252784586719 -0.443516422056 -0.359524294595  -0.126652238776 0.0670693573529 0.0
 0.212263489209 0.396276774647 -0.264200398288  0.258044213984 -0.437382113981 -0.358373085711  -0.152415586327 0.0485388922059 0.0
 0.214397451859 0.396281851309 -0.266078291233  0.266586472273 -0.430056096247 -0.35332653564  -0.166418925653 0.0318614735735 0.0
 0.21809468606 0.396225745756 -0.269484484952  0.275153410984 -0.421263038923 -0.346169121832  -0.17698111472 0.0256753262162 0.0
 0.223369424899 0.396092043743 -0.274376731341  0.280910530823 -0.411603919729 -0.337373482534  -0.187507493044 0.0142254406534 0.0
 0.23007578936 0.395858247337 -0.280497559983  0.283650532428 -0.401129481133 -0.327277808213  -0.205144498842 -0.000491221059015 0.0
 0.237816695222 0.395507051802 -0.287727759236  0.287874346373 -0.389921255076 -0.31601210237  -0.215915763243 -0.0107950401296 0.0
 0.246217931106 0.395025653614 -0.295579556253  0.293335935173 -0.377968938296 -0.302647160659  -0.227650717531 -0.0259508302343 0.0
 0.254533345863 0.394394747368 -0.303801834363  0.300302146343 -0.365083939266 -0.288439114166  -0.240252992717 -0.0351792766226 0.0
 0.261879660555 0.393578423776 -0.312432114092  0.306278767646 -0.351347571639 -0.275564688364  -0.255676673037 -0.0331907607251 0.0
 0.267231026883 0.392542008157 -0.321202176246  0.307458508069 -0.336510244242 -0.269208742632  -0.264455944509 -0.0240481552408 0.0
 0.270816332545 0.391293045051 -0.329256546913  0.31418433695 -0.321231963392 -0.264447415012  -0.266234839854 -0.0143492220696 0.0
 0.273806233839 0.389813101037 -0.336973028385  0.322288364192 -0.304863459223 -0.254495262874  -0.27906033546 -0.0291495939803 0.0
 0.277398264807 0.38806653492 -0.345096599787  0.330656207461 -0.287549617784 -0.238127689508  -0.293664505996 -0.0498228698764 0.0
 0.282028298658 0.386022430517 -0.353341964873  0.340531016402 -0.269934883142 -0.217032444532  -0.303747034988 -0.0669582299476 0.0
 0.287539383013 0.383681436999 -0.361207729844  0.344047250699 -0.251595070859 -0.195605573226  -0.315882535571 -0.0779682893058 0.0
 0.293784496466 0.381052772258 -0.367727992926  0.347211861567 -0.23279396186 -0.179983115294  -0.30639632283 -0.0790538133164 0.0
 0.300558523429 0.378139928111 -0.372803004678  0.350060011348 -0.21231050112 -0.163656120242  -0.323368935445 -0.106501373161 0.0
 0.307079678586 0.374896235087 -0.377018340488  0.35262334615 -0.191496426501 -0.149310560528  -0.331501429656 -0.110615941727 0.0
 0.313585073669 0.371306072402 -0.380626379909  0.354930347473 -0.169751207043 -0.132301910753  -0.336779858119 -0.124613171084 0.0
 0.319451735376 0.367355838271 -0.382905527384  0.357006648663 -0.147921095304 -0.114988894917  -0.333367178429 -0.125445971623 0.0
 0.323911343502 0.363031126035 -0.383580800438  0.358875319734 -0.1265884 -0.100279020247  -0.329275358546 -0.11296019799 0.0
 0.326774276634 0.35832510224 -0.382785436769  0.360557123698 -0.105559924614 -0.0890453640807  -0.321511087997 -0.10172300172 0.0
 0.328435688077 0.353240149471 -0.380800079451  0.362070747266 -0.0846737468569 -0.0788478895733  -0.321666101646 -0.0989624662542 0.0
 0.329397706558 0.34778113231 -0.377949520247  0.363433008477 -0.0634254994875 -0.0665315400231  -0.3309892874 -0.100889749041 0.0
 0.329339885191 0.341948980742 -0.373594289869  0.364659043567 -0.0426045275423 -0.0486464766921  -0.340400562742 -0.0967419506071 0.0
 0.327786181018 0.335772010629 -0.366868217297  0.365762475148 -0.0221322397612 -0.0283650897029  -0.33050336361 -0.0974206967228 0.0
 0.325121455844 0.329252054064 -0.358426519427  0.36675556357 -0.00209331345391 -0.00993747349636  -0.317514251739 -0.0877374505799 0.0
 0.322678330086 0.322391717601 -0.34973475019  0.367649343151 0.0183684984653 0.00908853191779  -0.316028132688 -0.0951989996396 0.0
 0.320560526895 0.315164559933 -0.341938429247  0.368453744773 0.0386849062398 0.0278684319954  -0.318772258194 -0.0930908643815 0.0
 0.31859006834 0.307543614675 -0.335161922472  0.369177706233 0.059731179513 0.0477345966424  -0.319201154824 -0.0764876602963 0.0
 0.316758833351 0.299544294937 -0.329109859757  0.369829271548 0.0809800579753 0.0666603523226  -0.332852467913 -0.0880153648549 0.0
 0.315172806115 0.291164004847 -0.324032439462  0.37041568033 0.102315644527 0.0854372115977  -0.335954976224 -0.0969197107224 0.0
 0.313964815639 0.282384041405 -0.319446657672  0.370943448235 0.123394540325 0.104167248067  -0.33466560105 -0.101992445532 0.0
 0.312989627342 0.273197574971 -0.315460113691  0.371418439349 0.144636915342 0.120326809223  -0.332484755231 -0.10067555392 0.0
 0.312270026149 0.263608156439 -0.311975592766  0.371845931351 0.165739511913 0.134521678432  -0.331542402157 -0.105372704411 0.0
 0.311256688896 0.253631125822 -0.307792422188  0.372230674154 0.18597512438 0.147035508845  -0.328653468064 -0.114011904558 0.0
 0.309570003856 0.243311127156 -0.302729145469  0.372576942676 0.206075998075 0.155682437472  -0.3199309784 -0.108551890573 0.0
 0.306036714789 0.232625898949 -0.296386980975  0.372888584346 0.224931877048 0.158233635748  -0.300856247907 -0.0933437603389 0.0
 0.300849728429 0.221578784422 -0.288966243418  0.373169061849 0.242499896755 0.160529714196  -0.298995112912 -0.076715266658 0.0
 0.295034923171 0.210184554144 -0.281968689903  0.373421491601 0.25967393577 0.162596184799  -0.293238458764 -0.0691025635216 0.0
 0.289925260737 0.198436293602 -0.2767790671  0.373648678379 0.277521485409 0.164456008341  -0.307445225132 -0.0887217189341 0.0
 0.285458767104 0.186329060169 -0.272829511763  0.373853146478 0.29516228367 0.16612984953  -0.313088457721 -0.0916730764525 0.0
 0.281429582436 0.173880123729 -0.269931829295  0.374037167768 0.312796324281 0.1676363066  -0.306942877255 -0.0913881217484 0.0
 0.277518074848 0.161097478721 -0.267413256364  0.374202786929 0.330161282409 0.168992117962  -0.29630981402 -0.0881904860442 0.0
 0.273267370738 0.148014190505 -0.264093849328  0.374351844173 0.347786158352 0.1649813107  -0.278576791801 -0.0882537903809 0.0
 0.266759458845 0.13468193406 -0.257248670546  0.374485995693 0.363230136659 0.165643598113  -0.237106867723 -0.0736048819311 0.0
 0.25691023241 0.121163760246 -0.245656250855  0.374606732062 0.376125533035 0.168419255738  -0.194681895237 -0.054538511385 0.0
 0.244031239373 0.107497581554 -0.229539926351  0.374715394793 0.386225113623 0.169783956145  -0.158540236325 -0.0520846602465 0.0
 0.229116988768 0.0937073487986 -0.209510154921  0.374813191251 0.393987778591 0.17484828067  -0.117849477999 -0.0513467824572 0.0
 0.212580348841 0.0797748113315 -0.186114019642  0.374901208064 0.398929945143 0.182196059404  -0.0700033057091 -0.0374473983291 0.0
 0.194945041725 0.0656675301631 -0.159999540507  0.374980423195 0.400544661328 0.191947682757  -0.0249009343218 -0.0278791290844 0.0
 0.176707303299 0.0513740370534 -0.131699602014  0.375051716813 0.399355945344 0.202031903147  0.0156911999267 -0.0222088632348 0.0
 0.158154420217 0.0368849855233 -0.102191944779  0.375115881069 0.395620231264 0.211456437331  0.0481424880973 -0.0200468004407 0.0
 0.139116859773 0.0221797013198 -0.0726812010451  0.3751736289 0.389831310349 0.218107654976  0.0753078311243 -0.00927741451431 0.0
 0.119820557268 0.00726582387341 -0.0436642802207  0.375225601947 0.382302094437 0.224616854605  0.101797456175 -0.0054673201217 0.0
 0.100162891117 -0.00783731498116 -0.0149714627672  0.37527237769 0.373565250206 0.23239318135  0.130740159537 0.00531470600812 0.0
 0.0800106458162 -0.0231084925555 0.0133717821246  0.375314475858 0.363873040786 0.2413099225  0.15270695991 0.0120773530544 0.0
 0.0594217705521 -0.0385274860571 0.0412852515466  0.37535236421 0.35269936492 0.248288782037  0.169415855756 0.0166931471607 0.0
 0.0386593950167 -0.0540658050048 0.0682866154254  0.375386463727 0.340228232971 0.247595038969  0.180372229364 0.00614147950345 0.0
 0.0173972177033 -0.069719999071 0.0943688395062  0.375417153291 0.32715125546 0.244180783546  0.196355414591 0.0187038021413 0.0
 -0.00425147225355 -0.0854687698938 0.119414971062  0.3754447739 0.313660517242 0.239451458461  0.209719873132 0.0255981278096 0.0
 -0.0259788176408 -0.101288536494 0.143510013784  0.375469632447 0.299462666354 0.237374664838  0.211543804186 0.0200383150286 0.0
 -0.0475701578085 -0.117158376177 0.166349482899  0.37549200514 0.284747959791 0.236638942033  0.215226158461 0.0150344835257 0.0
 -0.0688774978602 -0.133049626795 0.187920418837  0.375512140564 0.269245309657 0.235540871718  0.227723950778 0.00758985870258 0.0
 -0.0899939674194 -0.148933812002 0.208253306634  0.375530262445 0.252686827705 0.227316339908  0.239992372027 0.0185367551853 0.0
 -0.111148485905 -0.164781641098 0.227697227434  0.375546572138 0.235835598611 0.217909030242  0.248993134824 0.0195654326079 0.0
 -0.13274739314 -0.180552352872 0.2475006648  0.375561250861 0.218218805038 0.208309060086  0.270359127464 0.0307853599354 0.0
 -0.154887499279 -0.196217186586 0.268275121925  0.375574461713 0.19948263882 0.201325582151  0.291629337167 0.0379421180595 0.0
 -0.177094056258 -0.211776493208 0.289728231616  0.375586351479 0.179559718632 0.195650739716  0.308731709573 0.0326184944888 0.0
 -0.200310918804 -0.227263781626 0.310304668671  0.375597052269 0.159608767689 0.181301881961  0.320042212085 0.0587095862164 0.0
 -0.224983845221 -0.242693698512 0.329251642762  0.375606682979 0.139226133598 0.163505608324  0.321037990876 0.0807209805359 0.0
 -0.250003257587 -0.25800290262 0.347569510085  0.375615350619 0.11766598288 0.150714768503  0.335199497911 0.0843547648353 0.0
 -0.274431346331 -0.273143635448 0.365767501814  0.375623151494 0.0949743397625 0.138767092873  0.338761180773 0.0802722295282 0.0
 -0.297615185429 -0.288109082642 0.38319682865  0.375630172283 0.0720055369877 0.130280967719  0.333803430043 0.0677744183401 0.0
 -0.319530733237 -0.302888418572 0.399628057397  0.375636490992 0.0487155630857 0.124125582368  0.341586352345 0.0638793294473 0.0
 -0.340426146083 -0.317450818154 0.415555334588  0.36626717783 0.0248854891442 0.117103608264  0.349611390579 0.0677266906202 0.0
 -0.360195940193 -0.331778463513 0.430799839671  0.356662920985 0.000784507474215 0.109737624072  0.367038006624 0.0682481392052 0.0
 -0.379075147696 -0.345875105528 0.44441998585  0.340206589824 -0.0234048817072 0.0978772008103  0.380681144737 0.0745997958729 0.0
 -0.397050523767 -0.359736370972 0.455783852754  0.318950579279 -0.0472912913248 0.0841513813395  0.3745926221 0.0626692280504 0.0
 -0.413537967034 -0.373324563758 0.465065230933  0.301968607288 -0.0711441107877 0.0723212475648  0.369112951727 0.0578140699512 0.0
 -0.42831352031 -0.38660887083 0.472669511002  0.284927019997 -0.0947993350945 0.0645511977865  0.363160840227 0.0446208982502 0.0
 -0.441359752075 -0.399577868717 0.478503658761  0.269296622685 -0.118025677736 0.0596505679817  0.358824348041 0.0327470437193 0.0
 -0.453661996829 -0.412246859756 0.483556305083  0.264701921354 -0.142049529568 0.0528860342873  0.367166403033 0.0352958687591 0.0
 -0.46566121491 -0.424601220677 0.487847347939  0.257051065156 -0.1655120004 0.0424387560547  0.368551803546 0.0464133407068 0.0
 -0.477588690838 -0.436670724957 0.490285655079  0.247528575828 -0.187847590558 0.0300719510683  0.355512949722 0.0520073007537 0.0
 -0.489157947815 -0.448464748699 0.489722036923  0.229290366683 -0.209192897252 0.0147569965892  0.341737164954 0.0585124530313 0.0
 -0.500329692649 -0.459985350801 0.485796561267  0.204282228452 -0.229897994855 -0.00765767429906  0.335461407642 0.0893670900811 0.0
 -0.511543484781 -0.471253922859 0.478903320008  0.180505372794 -0.251210406965 -0.0278308780984  0.343078532184 0.145077439897 0.0
 -0.522115017664 -0.482215802744 0.46910709248  0.158813233952 -0.271921763161 -0.0459867615179  0.322382923864 0.136393225319 0.0
 -0.531601621005 -0.492834268153 0.457130696689  0.139290308995 -0.292247578476 -0.0623270565954  0.303756876375 0.131518608669 0.0
 -0.540426258713 -0.503122996918 0.443484554865  0.121719676533 -0.312274225291 -0.0770333221652  0.289034249962 0.135954983096 0.0
 -0.549158463767 -0.51314315618 0.426976836851  0.105906107317 -0.330405798578 -0.0902689611779  0.280885927007 0.172300661257 0.0
