 -0.00121490133964 0.327022613481 0.341105916027  0.078767816092 -0.439113741978 -0.32926335175  0.00911949685535 -0.00047619047619 0.0
 -0.00158229872049 0.327006356638 0.341093576555  0.0741701149425 -0.438427749502 -0.336077348066  -0.0116352201258 0.0519047619048 0.0
 -0.00185628635302 0.326982118063 0.340891909096  0.0738482758621 -0.43625027661 -0.347458563536  -0.0227672955975 0.0514285714286 0.0
 -0.00182541702007 0.326963848674 0.340401462174  0.0718574712644 -0.433228369108 -0.361845303867  -0.0334150943396 0.0652857142857 0.0
 -0.00154495133083 0.326948150318 0.339609616067  0.0713071264368 -0.429667758354 -0.377371639042  -0.0417402515723 0.066646031746 0.0
 -0.000649529541064 0.326943374732 0.338263305813  0.0709037701149 -0.425190803275 -0.391161178637  -0.0486039622642 0.0615211111111 0.0
 0.00111253678179 0.326944407276 0.336279932229  0.0708166114943 -0.420232134543 -0.403940088398  -0.0591838176101 0.0600832857143 0.0
 0.00370954601582 0.326948761912 0.333434060324  0.0698186285057 -0.414574378048 -0.415625269245  -0.069334618239 0.0508527349206 0.0
 0.00686253189116 0.326935822386 0.329682536987  0.0673112484138 -0.408409150909 -0.428075633665  -0.0759546155346 0.0520690487302 0.0
 0.0108389699321 0.32690547288 0.325031905533  0.0631235718483 -0.401698685033 -0.439465123705  -0.0894597829119 0.0436399216349 0.0
 0.0157027910029 0.326849040954 0.319562795252  0.0608259273071 -0.394397924739 -0.449255259585  -0.0965829870107 0.0392283104238 0.0
 0.0214309831864 0.326760104132 0.313184287061  0.0582523000937 -0.386145452469 -0.456685166408  -0.109283178876 0.0273213523973 0.0
 0.0279315506304 0.32663096341 0.30596096209  0.0570854608889 -0.377257727315 -0.461622542953  -0.122600144007 0.0181923917607 0.0
 0.0349526030846 0.326451873933 0.298018368985  0.0582881791678 -0.367931047303 -0.464132480186  -0.132069689355 0.00997632718785 0.0
 0.0422462036839 0.326212294606 0.289634645153  0.061991315274 -0.358231436709 -0.464457722039  -0.138076556897 0.00734377383414 0.0
 0.049971013555 0.325916029554 0.28073397606  0.0656919538616 -0.347997029484 -0.463000900111  -0.149143115044 -0.0013747305334 0.0
 0.0581814083386 0.32554372588 0.271594933109  0.0652064366363 -0.337956233373 -0.465280920597  -0.155958363288 0.00506432982153 0.0
 0.0666395825217 0.325089467009 0.262523065483  0.065459126306 -0.327857334975 -0.467056695941  -0.152658124443 -0.00342623014475 0.0
 0.075386547008 0.324556787474 0.253397312746  0.0650428688478 -0.317396341464 -0.469115298906  -0.159121871748 4.33769967067e-05 0.0
 0.0845245840694 0.323939835703 0.244340744215  0.0657716854113 -0.306664784326 -0.468850177856  -0.171857483315 -8.57975058298e-06 0.0
 0.0940447327286 0.323238934204 0.235000663479  0.0666115283645 -0.295014791842 -0.466862029315  -0.178288087185 -0.00799184875965 0.0
 0.103879843062 0.322438682444 0.225560350683  0.0703099157579 -0.283323779575 -0.46092904922  -0.187849215573 -0.0167640924551 0.0
 0.114002582754 0.321542358281 0.215995631684  0.0764890391246 -0.271485205556 -0.450248667318  -0.195825300305 -0.0278337149556 0.0
 0.124046667117 0.320527275884 0.206556325812  0.0895445030283 -0.259845757805 -0.432256949757  -0.197972330023 -0.0298598672696 0.0
 0.134445590519 0.319389323229 0.197241061163  0.106811661921 -0.247843368348 -0.416064403953  -0.208080757398 -0.0554929281617 0.0
 0.145905950557 0.318125824195 0.1876552689  0.12253601297 -0.235049626778 -0.401491112729  -0.21340475713 -0.0769753813773 0.0
 0.158639326208 0.316715546358 0.177117892674  0.132733905926 -0.220680645512 -0.388375150627  -0.229517111606 -0.0978968908586 0.0
 0.172607543138 0.3151286294 0.165296293806  0.13832580269 -0.204241149228 -0.376570784736  -0.247162884722 -0.11196434463 0.0
 0.187788611083 0.313342555225 0.15210362497  0.138990693685 -0.185794352296 -0.365946855433  -0.264301942162 -0.129386957786 0.0
 0.203975094869 0.311319021264 0.137797853948  0.13802587719 -0.166957227312 -0.356385319061  -0.277840301405 -0.141892706452 0.0
 0.220757432719 0.309023704219 0.122624955587  0.140054094069 -0.148045416951 -0.347779936327  -0.295056271264 -0.149973277076 0.0
 0.238400007642 0.306444590255 0.106488948087  0.141051903053 -0.12834720409 -0.340035091865  -0.314324229043 -0.177880711274 0.0
 0.256364081248 0.303549012445 0.0893569906569  0.141812000104 -0.107863778215 -0.33306473185  -0.320344636328 -0.187124386178 0.0
 0.274236927698 0.300319723758 0.0713189373578  0.13881792653 -0.0860540545204 -0.326791407836  -0.332681241877 -0.201792899941 0.0
 0.291386624049 0.296742640703 0.0526372530987  0.132353145371 -0.0632276931046 -0.321145416224  -0.335608086243 -0.208645355979 0.0
 0.307496831471 0.292803375466 0.0337398954704  0.122718750375 -0.0399068047413 -0.316064023773  -0.342015831078 -0.211637963238 0.0
 0.322101655047 0.288486511606 0.0150418951484  0.110277679935 -0.0161740353094 -0.311490770567  -0.345267078159 -0.212744008184 0.0
 0.33454676079 0.283780279846 -0.00325610207624  0.0959083027459 0.0079294270841 -0.307374842681  -0.340017099903 -0.204215639112 0.0
 0.344358128757 0.278680153797 -0.0209833923121  0.0809068977587 0.0320013881155 -0.303670507584  -0.332776396202 -0.193365503772 0.0
 0.351260705171 0.273178973995 -0.0379445644378  0.0643711505115 0.0559564827626 -0.300336605997  -0.328146555324 -0.178838477204 0.0
 0.355355601683 0.267268722616 -0.0540167098312  0.0464544952305 0.0789986968453 -0.297336094569  -0.325237560169 -0.167351454881 0.0
 0.357090265234 0.260952363863 -0.0691235301133  0.0289042181212 0.101562314658 -0.294635634283  -0.315072294718 -0.164949642726 0.0
 0.356653917437 0.254224980411 -0.0831578021738  0.0122354055045 0.123208362458 -0.292205220026  -0.308439279083 -0.151676900676 0.0
 0.354221188147 0.247085685221 -0.0963037033376  -0.00391595113789 0.144260949536 -0.290017847195  -0.303727426646 -0.146080639179 0.0
 0.350130226012 0.239538245151 -0.10859329046  -0.019095850277 0.164646649227 -0.288049211647  -0.298857828635 -0.134694797484 0.0
 0.344448337607 0.231585474646 -0.120117248457  -0.033585345709 0.184188733585 -0.286277439653  -0.293846259608 -0.127622143132 0.0
 0.337908165194 0.223242642408 -0.13082916904  -0.0469937076899 0.203447333119 -0.284682844859  -0.281788677673 -0.116494849454 0.0
 0.331037467486 0.214521364428 -0.140683315158  -0.0605784748519 0.222306959178 -0.283247709545  -0.277855092924 -0.117591396255 0.0
 0.324074678956 0.20543746147 -0.149857805716  -0.0745518917345 0.24087389548 -0.281956087761  -0.276201659104 -0.116990986788 0.0
 0.316935488596 0.195999810689 -0.158395166428  -0.0887371623312 0.259011445078 -0.280793628156  -0.270311052942 -0.106926808744 0.0
 0.309384041348 0.186218047429 -0.166449492065  -0.102423446098 0.27687319059 -0.279747414512  -0.264380576578 -0.105805556441 0.0
 0.301302087414 0.176105827668 -0.174086773431  -0.116304319879 0.29449777682 -0.278805822232  -0.255898493763 -0.0968599214318 0.0
 0.292615034613 0.165676739354 -0.181260752245  -0.129026991339 0.311742953774 -0.27795838918  -0.245119965142 -0.0935707546854 0.0
 0.283972140526 0.154957789971 -0.187932301281  -0.142776246228 0.32862453359 -0.277195699433  -0.243595390011 -0.116007330011 0.0
 0.275184842976 0.143954067555 -0.193535651806  -0.157817242295 0.344537141085 -0.276509278661  -0.230902517677 -0.109216120819 0.0
 0.265101662429 0.132681970712 -0.197406187732  -0.173147242204 0.359345321201 -0.275891499967  -0.200611008047 -0.0951675246101 0.0
 0.252137721593 0.121163336269 -0.198732430305  -0.18689826511 0.372030948408 -0.275335499141  -0.162027894664 -0.071412676911 0.0
 0.235467932606 0.109419143962 -0.196997911294  -0.197021312162 0.381921126415 -0.274835098398  -0.11912699199 -0.0389222028707 0.0
 0.215945512239 0.097472929771 -0.192112379383  -0.204384928072 0.389394979696 -0.27438473773  -0.0886922802124 -0.0461887127424 0.0
 0.196387594783 0.085330937117 -0.18311860637  -0.212943216874 0.393167254242 -0.273979413128  -0.0518670773484 -0.0749507938491 0.0
 0.17810848938 0.0729994391866 -0.170737159366  -0.224277860704 0.394924770907 -0.273614620987  -0.00740364005384 -0.0913128573213 0.0
 0.160135594401 0.0604481224955 -0.155643596548  -0.235398580381 0.394415365292 -0.273286308059  0.0194059063415 -0.0838164922241 0.0
 0.142155584148 0.0476682724079 -0.138660479216  -0.245177343032 0.391976373574 -0.272990826424  0.0554841836319 -0.0818316683985 0.0
 0.124368639425 0.0346774562011 -0.120754020349  -0.254254091488 0.388132686205 -0.272724892953  0.0816653250171 -0.0673469142571 0.0
 0.106946116409 0.0214764419338 -0.102605496498  -0.262469142109 0.38309115912 -0.272485552829  0.0951654591821 -0.0701836514028 0.0
 0.0899779458044 0.00806992096547 -0.0846036418332  -0.270000618703 0.376683902027 -0.272270146718  0.111089164836 -0.0648002068974 0.0
 0.0731684032935 -0.00554476323148 -0.0671488378777  -0.277330671775 0.368759813661 -0.272076281217  0.129823015648 -0.0551932020807 0.0
 0.0560603619721 -0.0193780065831 -0.0505769644071  -0.281858754023 0.359835702177 -0.271901802267  0.147312412197 -0.0386103898092 0.0
 0.0382191525192 -0.0334387077427 -0.0350147251887  -0.284048970575 0.34945835015 -0.271744771211  0.158021422549 -0.0205112555901 0.0
 0.0196103937452 -0.0477211818579 -0.0203457450192  -0.284502924092 0.337551793736 -0.271603443261  0.169546324319 -0.024856955428 0.0
 0.000583531175263 -0.0622079310031 -0.00644309095835  -0.285371252372 0.324545563245 -0.271476248107  0.181805528366 -0.044641101155 0.0
 -0.0187618097418 -0.0768957676121 0.00701795113629  -0.284681483457 0.310405788952 -0.271361772467  0.198499189365 -0.0354627053252 0.0
 -0.0397289199503 -0.0917986699617 0.0201069823036  -0.281577932812 0.295223696447 -0.271258744392  0.205976314454 -0.00497992685618 0.0
 -0.0629220625493 -0.106908411948 0.0328166049512  -0.273865197002 0.278638812972 -0.271166019124  0.224026481751 0.0240418753532 0.0
 -0.0879164377021 -0.122207978789 0.0450696130605  -0.262417987647 0.26022713349 -0.271082566383  0.249076663764 0.0453995925798 0.0
 -0.113687847125 -0.137688508252 0.0564356472901  -0.248943085434 0.240403689891 -0.271007458916  0.255269626319 0.050335823798 0.0
 -0.139439531987 -0.153338782825 0.0662914483596  -0.234930615971 0.220073101826 -0.270939862195  0.265874739159 0.0627149398309 0.0
 -0.164631019072 -0.169146265463 0.0746137149324  -0.219330887707 0.198788185979 -0.270879025147  0.267243240085 0.0706815410859 0.0
 -0.188627503661 -0.185089408403 0.0815588225162  -0.20161297135 0.177042693338 -0.270824271804  0.272248475825 0.0635657679297 0.0
 -0.21070792943 -0.201133977431 0.0871408697629  -0.18139098456 0.154650329293 -0.270774993795  0.263545640821 0.0476377625653 0.0
 -0.23116418861 -0.217282593701 0.0910930086826  -0.160708437828 0.132417095434 -0.270730643586  0.262002397494 0.0380644624993 0.0
 -0.25031530029 -0.233526000079 0.0933118654846  -0.139795295195 0.109630021872 -0.270690728399  0.255582031958 0.0532580162493 0.0
 -0.268900534216 -0.249859939752 0.0937012381331  -0.11959415648 0.0875837047924 -0.27065480473  0.273703074046 0.0669322146244 0.0
 -0.287248273529 -0.266277977749 0.0923495513861  -0.0984246258894 0.0655844624388 -0.270622473429  0.270515156578 0.0935247074477 0.0
 -0.305728658443 -0.282761831695 0.0888737829449  -0.0783145770936 0.0437935532607 -0.270593375257  0.273306408216 0.117457950989 0.0
 -0.323502732772 -0.299285999317 0.0835530128906  -0.0537327745567 0.0216922461754 -0.270567186903  0.273931742237 0.0866169177945 0.0
 -0.340795689718 -0.31582630551 0.0765073019196  -0.0245746695148 -0.00124163876525 -0.270543617384  0.280783851032 0.120764749825 0.0
 -0.359372792297 -0.332399083675 0.06774537155  0.00511590088497 -0.0244933323793 -0.270522404817  0.290095403036 0.165783512937 0.0
 -0.377827594381 -0.348994499116 0.0574332446592  0.0360213222907 -0.0480753113786 -0.270503313506  0.304765108015 0.180903574342 0.0
 -0.39469032822 -0.365602727189 0.0459379443703  0.0678821785674 -0.072928213965 -0.270486131327  0.32237035822 0.172289407384 0.0
 -0.409646229494 -0.382236896301 0.0336838844545  0.0965569492164 -0.100451834259 -0.270470667365  0.336957221769 0.207393799979 0.0
 -0.421780041853 -0.398878140993 0.0202045783687  0.122364242801 -0.129991846673 -0.2704567498  0.354487914687 0.197717912045 0.0
 -0.430470397731 -0.41550110767 0.00438806515735  0.145590807026 -0.158447740563 -0.270444223991  0.355800129507 0.19694612084 0.0
 -0.435716584455 -0.432098594381 -0.0146963456207  0.166494714829 -0.185883670202 -0.270432950764  0.362641500204 0.196251508756 0.0
 -0.437991015716 -0.448653410812 -0.0383397563427  0.188388691622 -0.210974325089 -0.270422804858  0.356220117479 0.211499373753 0.0
 -0.436837439067 -0.465135727294 -0.0672528603667  0.208093270736 -0.233046952328 -0.270413673544  0.318365401329 0.212524039553 0.0
 -0.431271511112 -0.481512550851 -0.101176503  0.225827391938 -0.253720017662 -0.270405455361  0.316371628492 0.194398619724 0.0
 -0.420868615015 -0.497746147924 -0.139742378406  0.24178810102 -0.274593977392 -0.270398058996  0.310174717215 0.146339710133 0.0
 -0.407303537949 -0.513824655654 -0.182863044313  0.256152739194 -0.295836836789 -0.270391402268  0.312144666877 0.14435653277 0.0
 -0.392883026914 -0.52973992874 -0.230466148279  0.261632637688 -0.316991258886 -0.270385411212  0.303854728491 0.172730403303 0.0
