 0.19341386106 0.303613844006 -0.141465892097  0.08599662874 -0.501767196978 -0.55489059081  -0.02096069869 -0.00269230769231 0.0
 0.193412991054 0.303613151874 -0.141533739505  0.0846902654867 -0.500862996452 -0.555601750547  -0.0331877729258 0.00115384615385 0.0
 0.193431661376 0.303614722167 -0.141758968824  0.0813653603034 -0.49877875701 -0.556296498906  -0.0402620087336 -0.005 0.0
 0.193493491189 0.303620453954 -0.142164691587  0.0764344711336 -0.496261989241 -0.556429431072  -0.0448820960699 -0.0134230769231 0.0
 0.193592424532 0.303624072788 -0.142774187481  0.0712381373788 -0.493321609248 -0.556603774617  -0.0503502183406 -0.0152346153846 0.0
 0.193760113055 0.303618553242 -0.143641612693  0.0644543994943 -0.489084332151 -0.555776001094  -0.0543981659389 -0.0245573076923 0.0
 0.194014250201 0.303593799292 -0.144792648709  0.0568741091445 -0.484378027813 -0.554702777352  -0.0641548558952 -0.0281400384615 0.0
 0.194363760251 0.303544691131 -0.1462401896  0.0511896480826 -0.479055024162 -0.553025716247  -0.0768660078603 -0.03521065 0.0
 0.194816829173 0.303470473657 -0.148002873791  0.046115773877 -0.472753504806 -0.55075049692  -0.0900527695197 -0.0425357388462 0.0
 0.195362589019 0.303367224187 -0.150101015557  0.0401586423384 -0.465720113808 -0.548155753574  -0.103667579904 -0.0500898572692 0.0
 0.196014694104 0.303230814355 -0.15249641908  0.0335751422006 -0.45778768123 -0.544835801849  -0.116357590472 -0.0588116407731 0.0
 0.196758562564 0.303057192789 -0.155168438839  0.0254165323211 -0.448668407213 -0.541246094749  -0.129525324875 -0.0637766305419 0.0
 0.197554826379 0.30283810561 -0.158158803395  0.0156717606735 -0.43888157107 -0.53823417674  -0.145306416842 -0.0653605059493 0.0
 0.19839762458 0.302566891661 -0.161480877279  0.0029823764308 -0.427601174063 -0.535796973508  -0.160382762057 -0.0677475322774 0.0
 0.199307951496 0.302235659107 -0.165117695232  -0.00839592863748 -0.415434395332 -0.533111149243  -0.180065009869 -0.0670112405881 0.0
 0.200341058319 0.301836768677 -0.169069457575  -0.0166979286941 -0.4013825433 -0.528833951168  -0.198215714122 -0.0692331934524 0.0
 0.201565980275 0.301359317809 -0.173350290427  -0.0248018399966 -0.386034720468 -0.523945085591  -0.221101566291 -0.0789252587225 0.0
 0.203034702317 0.300791817168 -0.177922536724  -0.0302411671642 -0.369486187187 -0.516536353837  -0.237332021015 -0.0886096559272 0.0
 0.2047808067 0.300122132501 -0.182771063968  -0.0341251836126 -0.351284735689 -0.505984469001  -0.257616286163 -0.105979459565 0.0
 0.206858400353 0.299339613847 -0.187882711398  -0.0367358426639 -0.331721559132 -0.491673768271  -0.278928893354 -0.126419975147 0.0
 0.209241811429 0.298425566822 -0.193176315852  -0.0390854358101 -0.311585227873 -0.47578538488  -0.291996702709 -0.137124131479 0.0
 0.211950013707 0.297369858549 -0.198580473215  -0.0414529141422 -0.290864383923 -0.458203564116  -0.308124543355 -0.158296333715 0.0
 0.21504801842 0.296168864878 -0.203986941956  -0.0434150816408 -0.269571696246 -0.436581238339  -0.320456193823 -0.186966700344 0.0
 0.218494578338 0.294814476961 -0.209278841807  -0.0448017656385 -0.248382410334 -0.411486571835  -0.326751185794 -0.208923876463 0.0
 0.222166261419 0.293298327243 -0.214391712007  -0.0459233589862 -0.227343413893 -0.38392325382  -0.331979997346 -0.223877642663 0.0
 0.225943234024 0.291610069668 -0.219296698522  -0.0485341415031 -0.206405341246 -0.356381037848  -0.333192477961 -0.232528339935 0.0
 0.229781971613 0.289740109512 -0.223972465397  -0.0529487425234 -0.18526051503 -0.328857813713  -0.337340479073 -0.243198582865 0.0
 0.23365799774 0.287677859969 -0.228398906338  -0.0573011501927 -0.164227195586 -0.300093476543  -0.339763636406 -0.250878724578 0.0
 0.237534612822 0.285409691234 -0.232594196141  -0.0622296950976 -0.143122548592 -0.270813888188  -0.34107111556 -0.253944698274 0.0
 0.241381814852 0.282927245417 -0.236624282616  -0.067887467265 -0.121656121821 -0.240906459982  -0.353601558589 -0.259588689985 0.0
 0.245200844896 0.280220828382 -0.240530529147  -0.0727266177151 -0.099806865367 -0.208847542649  -0.365752319761 -0.266591359448 0.0
 0.24897589706 0.277274495475 -0.244271709325  -0.0775454013713 -0.0772468037588 -0.174688171316  -0.370137786475 -0.268086069657 0.0
 0.25258101245 0.274066645915 -0.247793240371  -0.0797331284065 -0.0548825445801 -0.138583686789  -0.370591256736 -0.242508231922 0.0
 0.255781917158 0.270579884 -0.251063859232  -0.0786258079805 -0.0328089633509 -0.103573239335  -0.368815973857 -0.210834331807 0.0
 0.258444205853 0.266816229248 -0.254074405309  -0.0753114783414 -0.0104018223094 -0.0698209482244  -0.372458393938 -0.193866283242 0.0
 0.260601918919 0.262782633268 -0.256828989317  -0.072707848417 0.0124428694786 -0.0382950897258  -0.370933078562 -0.191095039533 0.0
 0.262338951968 0.258480355721 -0.259291498567  -0.0719237892391 0.0350404046665 -0.00959358950599  -0.370870338391 -0.195331689426 0.0
 0.263677994245 0.253908502826 -0.261429047032  -0.0734515957345 0.0579648865759 0.017441261786  -0.365573697565 -0.197221597406 0.0
 0.26458780762 0.249063616276 -0.263247027898  -0.0769757998357 0.0804854403814 0.0409520590209  -0.361680083267 -0.195076360743 0.0
 0.265064384391 0.243942292286 -0.264743002697  -0.0828024507834 0.103100281945 0.0604159340816  -0.356429105508 -0.193145647745 0.0
 0.265132763185 0.238544702508 -0.265912425701  -0.089900629641 0.125445169625 0.0777693078507  -0.349519819412 -0.190446467586 0.0
 0.264828499022 0.232871427808 -0.266777398194  -0.0993231246205 0.147787455913 0.0919650247681  -0.347231592929 -0.192824897751 0.0
 0.264169089668 0.226924540961 -0.267335988645  -0.109404718606 0.169692469049 0.104741169994  -0.339058651977 -0.192080869514 0.0
 0.26316084728 0.220702185427 -0.267560781223  -0.120500909198 0.19144429345 0.1173337926  -0.333013048788 -0.193334321024 0.0
 0.261816929877 0.214207212545 -0.267454389272  -0.131920266234 0.212623316091 0.130198881612  -0.327135324695 -0.195423965845 0.0
 0.260118137872 0.207441719065 -0.267028758263  -0.144557569573 0.233458500792 0.141777461722  -0.319661966898 -0.197304646183 0.0
 0.258020982095 0.200406015783 -0.266285369425  -0.157574631832 0.253720983092 0.152471706797  -0.313372626103 -0.193228027719 0.0
 0.255501052731 0.193103056031 -0.265198131376  -0.170680632618 0.273330686317 0.161823004389  -0.302472044716 -0.187635994178 0.0
 0.252577291101 0.185539283362 -0.263731815042  -0.18416166333 0.292661918933 0.16980153546  -0.293534883912 -0.187410856298 0.0
 0.249237586774 0.177724143075 -0.261830799043  -0.197895939475 0.311490725323 0.177693373161  -0.281997989408 -0.183362078361 0.0
 0.245440550391 0.169663310468 -0.259365823197  -0.21215312176 0.329306514871 0.182115501928  -0.258951028895 -0.175872024371 0.0
 0.241134797665 0.161367090865 -0.256245620203  -0.22620666757 0.346016014466 0.18505603051  -0.238208764433 -0.172015591165 0.0
 0.236248703431 0.152846811365 -0.252373306193  -0.240161222052 0.361237693321 0.185186094855  -0.209933739518 -0.16277557051 0.0
 0.230693290762 0.144110166502 -0.247651357775  -0.253352432337 0.374582391426 0.182239695435  -0.180992767313 -0.153498013459 0.0
 0.224410618344 0.135165194025 -0.242001703831  -0.265814492095 0.385814320534 0.176415069436  -0.147522311543 -0.14322513519 0.0
 0.21735152684 0.126019844134 -0.235383656038  -0.277241049628 0.395201985424 0.170407041705  -0.122202394799 -0.136864160132 0.0
 0.209443375861 0.116672306417 -0.227710932706  -0.286934980907 0.402231632367 0.16746152353  -0.0810738583757 -0.114793128735 0.0
 0.200660520976 0.10712153558 -0.218984044768  -0.293678903802 0.407047498545 0.171101585619  -0.0580319747215 -0.0949292004764 0.0
 0.191036064675 0.0973668442042 -0.209278559216  -0.297852100653 0.410076982409 0.17913694128  -0.0172069431882 -0.0722439727365 0.0
 0.180586629803 0.0874015961514 -0.198663064338  -0.299037392063 0.410365610138 0.187298739494  0.00861855462406 -0.0470195754628 0.0
 0.169400217623 0.0772237986565 -0.187240460005  -0.296058642321 0.408256140804 0.200060112809  0.0423418520001 -0.0272022333012 0.0
 0.157588333829 0.0668320743863 -0.175095568336  -0.290470055797 0.40402272084 0.213788237196  0.0582823392892 -0.0112897022788 0.0
 0.1452384326 0.0562267388475 -0.162272830701  -0.28358613492 0.399045194092 0.227948800785  0.0848558520851 -0.000814578204721 0.0
 0.132389296898 0.0453963243544 -0.148755476668  -0.275578553876 0.391715471524 0.239161579349  0.112265463383 0.0143822642311 0.0
 0.119063119359 0.0343430588976 -0.13464790851  -0.26571686368 0.383550677262 0.252152423603  0.124270358093 0.0194055762696 0.0
 0.10526140935 0.0230572697669 -0.119897780891  -0.255450697751 0.374233723304 0.263570660455  0.154725418353 0.0296957878734 0.0
 0.0908908090266 0.0115304325868 -0.104517890549  -0.242544903155 0.363261764503 0.276582303381  0.162484317566 0.0476108244707 0.0
 0.0758559514522 -0.000246612517891 -0.088547950422  -0.225324968254 0.350754519036 0.289496283108  0.198724968779 0.0771958958697 0.0
 0.060251455508 -0.0122856547863 -0.0719858454561  -0.20839424134 0.33606432523 0.29422608587  0.224354655307 0.0980532293597 0.0
 0.044221310457 -0.0245790192537 -0.0550225930697  -0.189363919608 0.320943185141 0.300069341615  0.222093862266 0.101440214116 0.0
 0.0278752555922 -0.0371274995153 -0.037655753443  -0.172194489299 0.305193836296 0.302045996075  0.250190152895 0.097757731166 0.0
 0.0111544013032 -0.0499455874673 -0.0198955098915  -0.15610989077 0.288821871689 0.301582096687  0.263249740225 0.109828111896 0.0
 -0.00593817497816 -0.0630304228434 -0.00183310094674  -0.137588240083 0.27187810732 0.301875746974  0.268453150482 0.103383762244 0.0
 -0.0233214477945 -0.0763855313644 0.0166618099291  -0.121171598966 0.254751644877 0.300608303568  0.286673337618 0.0908530783277 0.0
 -0.0410919116849 -0.0900165685088 0.0356826125813  -0.101381872697 0.236934257658 0.305375700782  0.278617357568 0.0805370012641 0.0
 -0.0594390922914 -0.103930726157 0.055321104348  -0.0748058430341 0.218048660667 0.318254979719  0.279227237531 0.0722140703685 0.0
 -0.0786274785633 -0.118162685028 0.0756885202547  -0.045661963324 0.197160127437 0.330174558334  0.301610190634 0.118569586409 0.0
 -0.0988347470745 -0.132730041463 0.0966209875206  -0.0194324715849 0.173164155898 0.336744629853  0.323064892095 0.162212627768 0.0
 -0.119869473587 -0.147629848959 0.118027049512  0.00417407098021 0.148134108627 0.336585484154  0.331893774064 0.193799057299 0.0
 -0.141601703306 -0.162860553002 0.139768553262  0.0254199592889 0.122585433943 0.332339408386  0.335909636833 0.227996074646 0.0
 -0.163769519055 -0.17842061143 0.161783304579  0.0445412587666 0.0970163720644 0.323211594462  0.354807756119 0.242427236412 0.0
 -0.186283207186 -0.194309508762 0.183944897675  0.0617504282966 0.0709711386579 0.310620194316  0.354785495791 0.26695374354 0.0
 -0.208998296256 -0.210515600359 0.206096230526  0.0772386808736 0.0454931160133 0.295294498736  0.354765461495 0.275566061494 0.0
 -0.231650104973 -0.227019941304 0.22822546327  0.0911781081929 0.0205141374783 0.277453232669  0.364791098752 0.266970993806 0.0
 -0.254117597511 -0.2438106853 0.250277329878  0.10372359278 -0.0042903951891 0.259864364545  0.358967010711 0.264043125194 0.0
 -0.276280138806 -0.260865884112 0.272120690987  0.115014528909 -0.0286861238973 0.243159109709  0.35154192536 0.247946504983 0.0
 -0.298063226725 -0.278163266222 0.293702941419  0.125176371425 -0.0524163440588 0.226373833312  0.342675942431 0.227690316023 0.0
 -0.319514610326 -0.295693395575 0.315116531641  0.134322029689 -0.075135565782 0.210446515626  0.337316645131 0.220998207498 0.0
 -0.340706525784 -0.31345717388 0.33648178932  0.142553122127 -0.0981695655733 0.193267290759  0.344283670575 0.219783002132 0.0
 -0.361686510967 -0.331446225863 0.357853496736  0.149961105321 -0.121612766965 0.174359598883  0.345313818801 0.223497009611 0.0
 -0.382543127172 -0.349650717623 0.379201791767  0.156628290195 -0.144794743101 0.152200444246  0.354974576659 0.233570385573 0.0
 -0.403215948993 -0.368058010176 0.400475237933  0.162628756582 -0.167295239033 0.127716723673  0.356245677945 0.232059500862 0.0
 -0.423633834768 -0.386652637702 0.42162342688  0.168029176331 -0.189823355051 0.100429734019  0.367433337225 0.228776627699 0.0
 -0.443767437914 -0.405425734695 0.44254406046  0.172889554104 -0.212296210115 0.0703462792164  0.360471662891 0.240245118775 0.0
 -0.463608199025 -0.424366714293 0.463038773021  0.185607762621 -0.233460316928 0.0360501633297  0.359883011886 0.247682145359 0.0
 -0.483028289219 -0.443441556487 0.482981941856  0.197054150287 -0.253194747636 0.000916700607261  0.332278990173 0.247644700054 0.0
 -0.502110253224 -0.462643147279 0.50232202203  0.207355899186 -0.271012963155 -0.0365568075279  0.317479038754 0.262034076203 0.0
 -0.52080743559 -0.481962741922 0.521154119631  0.216627473195 -0.288148132446 -0.0773398576285  0.311582663263 0.266330668582 0.0
 -0.538928508692 -0.501375867738 0.539532337934  0.224971889803 -0.305572760657 -0.11574044517  0.296232257199 0.232697601724 0.0
 -0.556532952727 -0.52087107696 0.557417079602  0.23248186475 -0.322124789845 -0.15106683829  0.291587197418 0.222620149244 0.0
