 0.144565941283 0.32900244013 -0.0876430923672  0.000445434298437 -0.0148155982965 -0.412063424947  -0.0745292620865 0.06235 0.0
 0.144563319124 0.329001264001 -0.0876466053955  -0.00185597624351 -0.0146736437777 -0.413162790698  -0.0740203562341 0.06485 0.0
 0.144571741306 0.329000072378 -0.0876632869568  -0.00537490720119 -0.0144094970357 -0.414871035941  -0.0727989821883 0.0631 0.0
 0.144610036614 0.328999295006 -0.087727113561  -0.00876466221233 -0.0139964093857 -0.41661987315  -0.0760254452926 0.057025 0.0
 0.144683238174 0.328995826889 -0.0878842495904  -0.0109988121752 -0.0133741225262 -0.418362959831  -0.0789292620865 0.0510575 0.0
 0.144773334855 0.328983921236 -0.0881721569139  -0.0136776985895 -0.0125774734879 -0.420523704017  -0.0789981679389 0.04868675 0.0
 0.144875562723 0.328959920817 -0.0886377290331  -0.0158288596882 -0.0116795669274 -0.422891206765  -0.082622524173 0.045053075 0.0
 0.145016238923 0.328920768646 -0.0893176140334  -0.0172452313289 -0.0106543441117 -0.425148809133  -0.0879200681934 0.0397827675 0.0
 0.145211466275 0.328861510483 -0.090241916366  -0.0177404557832 -0.00939763294486 -0.427138367966  -0.0931967636641 0.03653949075 0.0
 0.145486019066 0.328775643018 -0.0914472679877  -0.0174066477699 -0.00795763305951 -0.428928970916  -0.099472507145 0.032620541675 0.0
 0.145892952802 0.328655759656 -0.092992155246  -0.0165123081599 -0.00635545674941 -0.430244530484  -0.106138487983 0.0280934875075 0.0
 0.146524767344 0.328493175321 -0.0949561921051  -0.015707402511 -0.00446258371622 -0.430371451643  -0.119771458523 0.0160191387567 0.0
 0.147485689842 0.328276819016 -0.0974276064655  -0.0146117921782 -0.00224963177152 -0.428540648973  -0.137130190533 0.000652224881075 0.0
 0.148841744277 0.32799202092 -0.100466723005  -0.0133287866798 0.000217990130272 -0.424990178156  -0.156060937383 -0.014677997607 0.0
 0.150631904206 0.327621991351 -0.104105686682  -0.0120256036317 0.00336016250367 -0.418412090573  -0.174370874179 -0.0284751978463 0.0
 0.152939830344 0.327151574522 -0.108369572912  -0.0112239341371 0.00712891425508 -0.408390331833  -0.198992310934 -0.0513926780617 0.0
 0.155831853882 0.326564211734 -0.113257142067  -0.0101683558682 0.0113057158181 -0.39484643607  -0.221660509866 -0.0765184102555 0.0
 0.159317943286 0.325840313246 -0.118736111961  -0.00888425970228 0.0159388317137 -0.376948684641  -0.240026265495 -0.10013156923 0.0
 0.163396721069 0.324963617391 -0.124783383337  -0.00650362883228 0.0207126385805 -0.355682145987  -0.258336616045 -0.126383412307 0.0
 0.168090065792 0.323914547518 -0.131395999275  -0.0017255747835 0.0256325512749 -0.329523233713  -0.278632725433 -0.155010071076 0.0
 0.173447940865 0.322671542846 -0.138576421996  0.00554423585001 0.0307090100116 -0.297734969539  -0.300461564849 -0.188774063969 0.0
 0.179488038091 0.321215214166 -0.146315524336  0.0140544002383 0.0361518173635 -0.269125531781  -0.321125332028 -0.224161657572 0.0
 0.186148245608 0.319521278371 -0.154585155242  0.020488603867 0.0418241352792 -0.2433770378  -0.337178193227 -0.252010491815 0.0
 0.193318944565 0.317563969156 -0.163341235823  0.0239037375412 0.0477391971876 -0.220203393217  -0.353661391716 -0.271574442633 0.0
 0.200898870271 0.315322947726 -0.172516577485  0.0246017082563 0.0539005629088 -0.199347113092  -0.36824181743 -0.28668199837 0.0
 0.208801541846 0.312781919151 -0.182017670816  0.0223716784848 0.0602752517956 -0.180576460979  -0.376529594975 -0.298278798533 0.0
 0.216959870129 0.309927318765 -0.191753197652  0.015650472032 0.066958835253 -0.163682874078  -0.382716330134 -0.30771591868 0.0
 0.225321923521 0.306751293569 -0.201643576407  0.0067803023344 0.0736086805667 -0.148478645867  -0.391083373965 -0.318709326812 0.0
 0.233832957579 0.303249823236 -0.211611613997  -0.00331866331106 0.0802532123486 -0.134794840477  -0.401412695602 -0.33060339413 0.0
 0.242444183434 0.299417709798 -0.22156411521  -0.01582272868 0.0872186223187 -0.122479415625  -0.407910102886 -0.347308054717 0.0
 0.251022860056 0.295251006111 -0.231403084295  -0.0293406785292 0.0941304617597 -0.11139553326  -0.410704334328 -0.355342249246 0.0
 0.259371909427 0.290744168782 -0.241037172182  -0.0456642201789 0.101336448623 -0.10142003913  -0.402023213872 -0.351073024321 0.0
 0.267371990428 0.28589766402 -0.2504017978  -0.0648468701729 0.108673563913 -0.0924420944138  -0.397518093503 -0.346230721889 0.0
 0.274966402353 0.280721342989 -0.259465834823  -0.0863800005275 0.116228897977 -0.084361944169  -0.392445673466 -0.3408726497 0.0
 0.282128806161 0.27522294913 -0.268180112111  -0.110770953704 0.123885992593 -0.0770898089488  -0.384318154465 -0.33355038473 0.0
 0.288823478084 0.269410312155 -0.276502482097  -0.136063568801 0.131478800075 -0.0705448872505  -0.376494481512 -0.320960346257 0.0
 0.295054346678 0.263292190181 -0.28440282625  -0.162353277252 0.139102818639 -0.0646544577221  -0.362837399773 -0.305129311631 0.0
 0.300850548574 0.256879949531 -0.291875202133  -0.188389664449 0.146479368406 -0.0593530711465  -0.350291573282 -0.292381380468 0.0
 0.306245855671 0.25018803706 -0.29891960697  -0.214012464893 0.153588661504 -0.0545818232284  -0.345107199669 -0.284908242421 0.0
 0.311242150909 0.243232445968 -0.305520989549  -0.239968308233 0.160646696292 -0.0502877001022  -0.339932357564 -0.279182418179 0.0
 0.315772822897 0.236023939626 -0.311605733486  -0.266038292554 0.167627980959 -0.0464229892886  -0.326369147253 -0.265029176361 0.0
 0.319736217028 0.22857782725 -0.317046410685  -0.291283015638 0.173911137159 -0.0429447495564  -0.31238108749 -0.248291258725 0.0
 0.323024091207 0.220913278313 -0.321703466066  -0.314708537385 0.179565977739 -0.0398143337974  -0.29190379299 -0.227727132853 0.0
 0.325553201639 0.213052079427 -0.325457744007  -0.336199821731 0.184655334262 -0.0369969596142  -0.267367357712 -0.208219419567 0.0
 0.327247262501 0.205019634673 -0.328215229832  -0.356024531466 0.189235755132 -0.0344613228494  -0.245793471813 -0.192662477611 0.0
 0.327997475869 0.196840555724 -0.329872676109  -0.374720519299 0.193358133915 -0.0321792497611  -0.225104709874 -0.17566122985 0.0
 0.327647066969 0.188528986248 -0.330304482869  -0.390990115476 0.197068274819 -0.0301253839816  -0.194779989522 -0.150860106865 0.0
 0.32608240622 0.180100275429 -0.329414246628  -0.40429644914 0.200407401634 -0.0282769047801  -0.163416494387 -0.128539096178 0.0
 0.323233212528 0.171572506105 -0.327132452293  -0.415492639415 0.203412615767 -0.0266132734987  -0.13417153706 -0.10845018656 0.0
 0.319019532881 0.162950896513 -0.32342024865  -0.42363899537 0.206117308486 -0.0251160053454  -0.099199675975 -0.0798701679043 0.0
 0.313410271949 0.154233260947 -0.318275269879  -0.428149631839 0.208237005255 -0.0237684640075  -0.0621270366218 -0.0501481511139 0.0
 0.306463614329 0.145424074926 -0.311744693709  -0.428979805997 0.209524029254 -0.0225556768034  -0.032578455097 -0.0273983360025 0.0
 0.298237666043 0.136521187159 -0.30390173665  -0.427165715524 0.210200818858 -0.0214641683196  -0.00420356124125 -0.00442350240225 0.0
 0.288747006721 0.127514403931 -0.294822719393  -0.422563472108 0.210228194316 -0.0204818106843  0.0266773546793 0.024753847838 0.0
 0.278024561346 0.118396489751 -0.284600760944  -0.414746620072 0.209568110432 -0.0195976888125  0.0478544029264 0.0475134630542 0.0
 0.266087948584 0.109159683303 -0.273307025128  -0.404482054575 0.208511986894 -0.0188019791279  0.0630969524556 0.0739971167488 0.0
 0.252942892636 0.0997832126322 -0.260978331723  -0.389453299749 0.206667997267 -0.0180858404117  0.0958992164976 0.112332405074 0.0
 0.238717016942 0.0902529438245 -0.24768942447  -0.371770033619 0.204148329224 -0.0174413155671  0.120841101464 0.137334164566 0.0
 0.223619445605 0.080568795171 -0.233519627109  -0.352514336865 0.20119868961 -0.016861243207  0.137181927704 0.14233574811 0.0
 0.20782475028 0.0707160218003 -0.218521742084  -0.332140408746 0.19770063711 -0.016339178083  0.159776712033 0.141837173299 0.0
 0.191454018434 0.0606816772918 -0.202742945047  -0.311131267649 0.193781381983 -0.0158693194713  0.175531865257 0.136388455969 0.0
 0.174553118958 0.0504531774147 -0.186246928539  -0.288028534351 0.189513662133 -0.0154464467208  0.191747126569 0.136484610372 0.0
 0.157169699202 0.0400107521753 -0.169072220809  -0.26363548047 0.184795936358 -0.0150658612453  0.215755620019 0.141071149335 0.0
 0.139335065794 0.0293436667637 -0.151311350125  -0.236856193745 0.179550734683 -0.0147233343174  0.221841635625 0.139699034401 0.0
 0.120990661378 0.0184506406531 -0.133064513811  -0.208152014608 0.174220483772 -0.0144150600823  0.224520067482 0.143464130961 0.0
 0.10202873343 0.00731259701716 -0.114314072784  -0.17923733282 0.168571530838 -0.0141376132707  0.250594778291 0.169352717865 0.0
 0.0823985845825 -0.00408391545126 -0.0951186910371  -0.146161409486 0.16229895203 -0.0138879111402  0.257777030742 0.189652446079 0.0
 0.0621729067116 -0.0157371943252 -0.0755907743932  -0.109080532086 0.155929941399 -0.0136631792228  0.261442075759 0.203422201471 0.0
 0.0414370364808 -0.0276559791845 -0.0557336216041  -0.0730351366358 0.149382289202 -0.0134609204971  0.280771150626 0.221314981324 0.0
 0.0202791219341 -0.0398462813107 -0.0356226659645  -0.0379587944644 0.142626541424 -0.013278887644  0.285953577548 0.231418483191 0.0
 -0.00117781707747 -0.0523030369678 -0.0153486559058  -0.00334628547083 0.136106587758 -0.00419328217774  0.27840402132 0.230511634872 0.0
 -0.0228530034131 -0.0650234593256 0.00511699106921  0.0312942079612 0.129542773973 0.0014890481542  0.286367690435 0.231195471385 0.0
 -0.0447709259216 -0.0780183826144 0.0258449165924  0.0625077715749 0.122917218707 0.00207883255654  0.307020997727 0.243810924246 0.0
 -0.0668976306486 -0.091290465652 0.0468023424042  0.0927157917448 0.116052390259 -0.00195695767586  0.309832892866 0.249164831822 0.0
 -0.0890693533615 -0.104829974566 0.0679256819577  0.124394472407 0.109183756015 -0.00732278410701  0.307274539966 0.24298334864 0.0
 -0.111111599383 -0.118632010377 0.0892248716586  0.153907512174 0.102414683166 -0.0137587932227  0.31744021574 0.231420013776 0.0
 -0.132978368324 -0.132700191968 0.110681012787  0.179726857468 0.0956684134468 -0.021792216226  0.326843776863 0.225013012398 0.0
 -0.154729648377 -0.147043785157 0.132199116782  0.204708885901 0.0889983349824 -0.0317707113053  0.321820976785 0.234746711158 0.0
 -0.176377228996 -0.161662520899 0.153685372296  0.229939556331 0.0825081655251 -0.0441340207245  0.319081627198 0.249507040042 0.0
 -0.197838954 -0.176550631359 0.175068132826  0.251125259198 0.0759711575289 -0.0622377433878  0.324758706209 0.258291336038 0.0
 -0.218964570782 -0.191693752381 0.196251974236  0.267259949314 0.069277874548 -0.0844084722202  0.314091995893 0.249197202434 0.0
 -0.239687788316 -0.207079444986 0.21711145643  0.283265951413 0.0628586739499 -0.106476293074  0.300929615642 0.241012482191 0.0
 -0.259973025236 -0.222698021936 0.237555486296  0.297559994727 0.0567028480279 -0.129043462921  0.287811208785 0.232646233972 0.0
 -0.279771447631 -0.238536028504 0.257562012155  0.30912545034 0.0508953961919 -0.151002964409  0.279312530655 0.217116610575 0.0
 -0.299029583415 -0.2545770932 0.277166979189  0.316787515551 0.045284577312 -0.171781314903  0.277007231788 0.197139949517 0.0
 -0.317764111121 -0.270809679772 0.296424278293  0.321716039423 0.0398368109828 -0.19107379652  0.275950274512 0.184160954565 0.0
 -0.336079156341 -0.287225867713 0.315342121299  0.326745623305 0.0344662064008 -0.2101283619  0.268892142736 0.182479859109 0.0
 -0.354035960642 -0.303814103648 0.333904693844  0.332979746944 0.0292875179566 -0.229433918945  0.26228537121 0.182966873198 0.0
 -0.371630452807 -0.320561171053 0.352096623704  0.339110131566 0.0242926877241 -0.249176784978  0.25684818269 0.183905185878 0.0
 -0.388825164546 -0.337451529759 0.369897507349  0.343291174831 0.0194855972577 -0.268932679419  0.251954713021 0.18024966729 0.0
 -0.405593240122 -0.354471683788 0.387262048388  0.345383735151 0.0148446891588 -0.288573449532  0.241443720091 0.172959700561 0.0
 -0.421896941504 -0.371604127269 0.40412162726  0.34682160514 0.0105120002413 -0.307053525298  0.224604691593 0.158398730505 0.0
 -0.437702646066 -0.388834774742 0.420426735523  0.347336178108 0.00652072729149 -0.323854726679  0.208940660093 0.143793857455 0.0
 -0.452950369229 -0.406152481078 0.436167753338  0.346128915159 0.00284786240046 -0.338722108134  0.197387561005 0.127149471709 0.0
 -0.467568231644 -0.423547269889 0.451360000231  0.342852326539 -0.000588536832602 -0.350961102395  0.185717507194 0.101669524538 0.0
 -0.48156386537 -0.441015903628 0.46599096929  0.339495082007 -0.00376201537858 -0.360242582007  0.168089776831 0.0837375720845 0.0
 -0.495051517872 -0.458559553966 0.480095678417  0.336547800978 -0.00667938135263 -0.368511347062  0.157313878028 0.077598814876 0.0
 -0.508109589705 -0.476172669364 0.493722234916  0.333115738029 -0.00939686365325 -0.376333785295  0.150160098368 0.0745739333884 0.0
 -0.520771185391 -0.493843783319 0.506877824325  0.329173132303 -0.0119316672259 -0.383839095983  0.138378185223 0.0698515400496 0.0
 -0.533039179773 -0.511559160974 0.519553199001  0.325364950476 -0.0142269075509 -0.390636158901  0.123703216574 0.0621013860446 0.0
