 0.399292149393 0.329901694057 0.240652996876  0.338381696429 0.141421575486 0.537102040816  0.0615517241379 -0.259054054054 0.0
 0.399170145413 0.329899917079 0.240659310103  0.338660714286 0.141222890723 0.527204081633  0.0615517241379 -0.238783783784 0.0
 0.398907548385 0.329900807576 0.240698815177  0.340027901786 0.140688680565 0.518602040816  0.0689408866995 -0.225945945946 0.0
 0.398718260682 0.329907434901 0.240840734599  0.341928013393 0.13973496572 0.503207142857  0.0787931034483 -0.225202702703 0.0
 0.398684833217 0.329910530227 0.241106085834  0.344698381696 0.138353325871 0.479963979592  0.0903694581281 -0.22047972973 0.0
 0.39861386652 0.329881537226 0.241512056081  0.347303320313 0.136379473625 0.451392071429  0.105960591133 -0.193256081081 0.0
 0.398301803637 0.329785001904 0.242064855892  0.34702499721 0.133878226976 0.417514088776  0.1234408867 -0.159295337838 0.0
 0.397747165368 0.32959639364 0.242753895951  0.344040131417 0.130714834109 0.378554516633  0.139665763547 -0.136838777027 0.0
 0.396861103258 0.329295403819 0.243548856821  0.339289020061 0.126935921008 0.338694983337  0.155745985222 -0.105817061486 0.0
 0.395574290649 0.328863732605 0.244416696932  0.333506323412 0.122611434825 0.303535689085  0.167016214286 -0.0806002202027 0.0
 0.393981523173 0.3283026488 0.245326632057  0.327130021428 0.117770747478 0.267912732421  0.174942671675 -0.0754726306149 0.0
 0.392076187297 0.327613659763 0.246217656629  0.325855635357 0.112680954107 0.245852071424  0.176165153276 -0.060046989175 0.0
 0.389851867657 0.326805180837 0.24710060984  0.326717616464 0.107476102015 0.231711762241  0.182191495091 -0.0421098578251 0.0
 0.387387926681 0.325874226362 0.248036165545  0.324647417318 0.101873867496 0.216332422751  0.195250670705 -0.0246150882588 0.0
 0.384792707035 0.324815683721 0.249022025216  0.320105666657 0.0959167871687 0.199123670272  0.203309347477 -0.0210319578113 0.0
 0.382085390465 0.323619117648 0.25006363596  0.31356273392 0.0897578774458 0.179043956306  0.21277890534 -0.0151044377058 0.0
 0.379196893518 0.322271590481 0.251161425258  0.303154005171 0.0831346851959 0.154339560676  0.224010867023 -0.00841831825957 0.0
 0.376053372126 0.32075653298 0.252306421193  0.289935702868 0.0760376711327 0.127513767873  0.234365937956 -0.00104945940658 0.0
 0.372552823444 0.319056435632 0.253493012883  0.273072712939 0.0684442580141 0.100207289045  0.246148555983 0.0177446757233 0.0
 0.368649486906 0.317156426354 0.254698790438  0.254938432716 0.0602193928675 0.0766518662631  0.257984439301 0.0346593973401 0.0
 0.364319437659 0.315046742499 0.255899213014  0.233372044802 0.0515129705809 0.0557581082082  0.265681069263 0.0552880522007 0.0
 0.35958103394 0.312718160966 0.257069750438  0.210446670679 0.0425858235158 0.038892501469  0.273346952484 0.0684484361698 0.0
 0.354534382343 0.310169514982 0.258181259978  0.187749101825 0.0334768144117 0.0251420268323  0.279999941965 0.080292781742 0.0
 0.34926104649 0.307394902397 0.259219184734  0.166707450571 0.0241985327187 0.0155217017001  0.286726548754 0.0828445846489 0.0
 0.343917481506 0.304401491283 0.260185135066  0.144756571585 0.0148574537577 0.00584300091784  0.294012021957 0.0702763424002 0.0
 0.33854603409 0.30118999437 0.261063763609  0.121206137641 0.00524997898502 -0.00439844203109  0.297366977397 0.0630189784305 0.0
 0.333184434345 0.297759898583 0.261858372724  0.0978344078056 -0.00437618023991 -0.0143300263994  0.305558851086 0.0551359995064 0.0
 0.327823969665 0.294113096398 0.262580099687  0.0769672616679 -0.0141254937956 -0.0246970237595  0.314163064499 0.049392669826 0.0
 0.322461771825 0.290241889124 0.263237752723  0.0613676337154 -0.0240164283953 -0.0350477295468  0.325108827015 0.0563858352758 0.0
 0.317105993886 0.286140444241 0.263841184351  0.0567029685582 -0.0343902158063 -0.0471184667962  0.34431961919 0.0680850895861 0.0
 0.311788229758 0.281811440618 0.264375276169  0.0525047699166 -0.0452965139402 -0.0654311099125  0.355698002099 0.054290094141 0.0
 0.306533143488 0.27726162225 0.264815236023  0.0487263911392 -0.0563378713611 -0.0901777948396  0.363968103367 0.0256583820242 0.0
 0.301230860607 0.272484673098 0.265150751039  0.0453258502396 -0.0681556023444 -0.112449811274  0.373874248695 0.00529524652447 0.0
 0.295850752613 0.267470710235 0.265382403519  0.0422653634299 -0.0800900071303 -0.132494626065  0.383036084909 -0.0265450889388 0.0
 0.290441012688 0.262214357849 0.26548834464  0.0488859253012 -0.091955918968 -0.150534959377  0.388572377896 -0.0619581476125 0.0
 0.285000467883 0.25670745767 0.265422557974  0.0479247881282 -0.103810557937 -0.175852892011  0.389367849466 -0.087073143662 0.0
 0.279633213171 0.250949101521 0.265147121521  0.040084318244 -0.115442374677 -0.192618623218  0.386635498017 -0.121838802269 0.0
 0.274325719392 0.24494689713 0.264616507968  0.0234854846339 -0.12689324005 -0.19780982212  0.378018746245 -0.143668435555 0.0
 0.26887998461 0.238706004827 0.263786159738  0.00201751652764 -0.137934992021 -0.194114554194  0.369032142556 -0.151152943351 0.0
 0.262982313917 0.232225567305 0.262632032971  -0.0205402619108 -0.148611340307 -0.184462282448  0.362668337168 -0.128159270638 0.0
 0.256444082967 0.225510277446 0.261145617632  -0.0417351196483 -0.159087550617 -0.170367074611  0.355709385224 -0.106113613844 0.0
 0.249188426446 0.218575331935 0.259333022423  -0.0617033487549 -0.169587918264 -0.150946693681  0.351909382663 -0.078164414622 0.0
 0.241184788517 0.211430585781 0.257207011604  -0.0774426120937 -0.180104430761 -0.133468350843  0.351445045382 -0.0476047299165 0.0
 0.23257586017 0.204085488768 0.254787826247  -0.0904918776701 -0.190579506084 -0.114472536167  0.352997585178 -0.0201010136816 0.0
 0.223336822918 0.196532946446 0.252038988541  -0.0974929131173 -0.201182392191 -0.104213037653  0.353902260158 0.0289766552541 0.0
 0.213610493239 0.188792529737 0.24889731254  -0.0993295593056 -0.21184713884 -0.0949794889894  0.344617945472 0.0244979086476 0.0
 0.203668253168 0.18088286043 0.245374307449  -0.102824058732 -0.222203770975 -0.0866692951925  0.339710338117 0.00289946913419 0.0
 0.193591834376 0.172809354588 0.241499975067  -0.107810626073 -0.232341865964 -0.0791901207753  0.341697432384 -0.0124850723738 0.0
 0.183427077533 0.164593340282 0.237273490474  -0.114419072394 -0.241466151454 -0.0724588637998  0.337820792594 -0.0357906191905 0.0
 0.173202595162 0.156254951459 0.232708713875  -0.124551941941 -0.249678008394 -0.0664007325219  0.333346595108 -0.0770358815958 0.0
 0.163041756346 0.147790197847 0.227852223481  -0.13863804239 -0.257068679641 -0.0609484143717  0.330305039046 -0.122264725869 0.0
 0.152959056207 0.139148822947 0.222659381744  -0.152096782793 -0.263720283763 -0.0560413280366  0.323380446471 -0.137295010039 0.0
 0.14288757225 0.130283525781 0.216995690934  -0.1639306313 -0.269706727473 -0.051624950335  0.309266539755 -0.142714157683 0.0
 0.132423546972 0.121158834345 0.210703747996  -0.17357663067 -0.275094526812 -0.0476502104035  0.278830033563 -0.117861660834 0.0
 0.121702600909 0.111789383674 0.203658708148  -0.18488079796 -0.279943546217 -0.0440729444652  0.238382990798 -0.117116035291 0.0
 0.110874169087 0.102180748469 0.195799757759  -0.197286691378 -0.284307663681 -0.0408534051207  0.192867351816 -0.1137422696 0.0
 0.0999696157795 0.0923445428635 0.187089379979  -0.210181906169 -0.2882353694 -0.0379558197107  0.145745641265 -0.105300475072 0.0
 0.0888404930295 0.0822875722567 0.177546055043  -0.222401438766 -0.291770304546 -0.0353479928417  0.105799155956 -0.0855406978353 0.0
 0.077408568338 0.0720240392282 0.167224834104  -0.232896785961 -0.294951746177 -0.0330009486595  0.0654138216416 -0.0718109523761 0.0
 0.0655502801958 0.0615795444367 0.156175844477  -0.241338134151 -0.297815043646 -0.0308886088956  0.0312837695267 -0.0459406679493 0.0
 0.0532349845508 0.0509825718507 0.144473241762  -0.247484454664 -0.300392011367 -0.0289875031081  0.00105933346075 -0.0307655200733 0.0
 0.0405102430106 0.0402700092289 0.132197319268  -0.252458107412 -0.302817620641 -0.0272765078993  -0.0229406885553 -0.0306214004984 0.0
 0.0274981790478 0.0294715869328 0.119407197918  -0.257883055599 -0.304482969252 -0.0257366122114  -0.0425702650199 -0.0331943955837 0.0
 0.0143412647272 0.0186109731571 0.106123624234  -0.264495419682 -0.305466881646 -0.0243507060923  -0.0607294946756 -0.053077658728 0.0
 0.00113334374055 0.00769931339521 0.0923481712652  -0.2732925295 -0.30574795338 -0.0231033905851  -0.0787969392967 -0.0723239469093 0.0
 -0.0120953413572 -0.00326395199747 0.0780809347472  -0.284446535478 -0.305404863653 -0.0219808066287  -0.0997374424114 -0.0964023630291 0.0
 -0.0254059670504 -0.0142866504611 0.0633065207562  -0.297889158716 -0.304276158455 -0.0209704810678  -0.12129325482 -0.108613478078 0.0
 -0.0389221757361 -0.0253881611285 0.0480372698015  -0.311494216059 -0.30235085127 -0.0200611880631  -0.143895456432 -0.116900778918 0.0
 -0.0525951793412 -0.0365782852174 0.0322764865956  -0.326640553382 -0.299591070467 -0.0192428243588  -0.168670935419 -0.125710701027 0.0
 -0.0666181206901 -0.0478843464826 0.0160578527869  -0.340830292686 -0.29608586016 -0.018506297025  -0.190722561089 -0.118774766059 0.0
 -0.0810252802805 -0.0593156291935 -0.000590776027175  -0.353098825918 -0.291792231469 -0.0178434224245  -0.208352275424 -0.112532424588 0.0
 -0.095831437304 -0.0708739083494 -0.017623684586  -0.362578005826 -0.286884171047 -0.0172468352841  -0.222494880394 -0.0961035064538 0.0
 -0.111072914032 -0.0825600224698 -0.0350097658076  -0.3686539106 -0.281319582122 -0.0167099068577  -0.237439973635 -0.0867228855382 0.0
 -0.126665044609 -0.0943709162602 -0.0527291254914  -0.37423383204 -0.27519489969 -0.00643075290667  -0.252368390065 -0.0850370834708 0.0
 -0.142594005052 -0.106314415485 -0.0707750036006  -0.377079422051 -0.268566133102 -0.00381216741192  -0.265311354014 -0.0686549967454 0.0
 -0.158912231874 -0.118409520288 -0.0891309968951  -0.375008756631 -0.261455707003 -0.00727176699726  -0.279176770337 -0.0633705781519 0.0
 -0.175543670678 -0.130675266398 -0.107787231848  -0.366895157754 -0.253189806094 -0.0103854066241  -0.295350226308 -0.0356416284448 0.0
 -0.192461502077 -0.143145447399 -0.126730277578  -0.352505865193 -0.244541596438 -0.0131876822882  -0.312615696288 -0.0174423304652 0.0
 -0.209591166706 -0.155856756174 -0.145937321978  -0.330850144745 -0.235487744615 -0.0157097303859  -0.329386146364 0.0056937944732 0.0
 -0.226801682535 -0.168838214604 -0.165357685894  -0.30349169277 -0.225903710604 -0.0179795736738  -0.342262802663 0.0251649555664 0.0
 -0.244019306248 -0.182109118583 -0.184948507891  -0.270777568136 -0.215730577546 -0.020022432633  -0.356068542101 0.0237700816314 0.0
 -0.261082952039 -0.195669246348 -0.204667661169  -0.237763427394 -0.205262319008 -0.0218610056962  -0.366030653408 0.0238660464412 0.0
 -0.278048501503 -0.2095275362 -0.224470291142  -0.202079718583 -0.194391327068 -0.0235157214531  -0.37204088856 0.0401686309863 0.0
 -0.294857440744 -0.223685949717 -0.244322318081  -0.163825987796 -0.183135488051 -0.0250049656343  -0.377203794778 0.0494355516715 0.0
 -0.311412129766 -0.238148400762 -0.264192790228  -0.128114147945 -0.171617237972 -0.0263452853974  -0.384313464561 0.053721726234 0.0
 -0.327478359309 -0.252909822075 -0.284088357578  -0.0928484920793 -0.15998034977 -0.0275515731842  -0.391697389041 0.0359576617187 0.0
 -0.343023455143 -0.267986100422 -0.303977890874  -0.0596585089428 -0.14870121783 -0.0286372321923  -0.394648339792 0.0267267604117 0.0
 -0.358045435763 -0.28339181198 -0.323840246165  -0.0282808276914 -0.137682502231 -0.0296143252996  -0.394594835862 0.0211216519381 0.0
 -0.37252763908 -0.299138822392 -0.34367151398  0.00274926400632 -0.126954128879 -0.0304937090962  -0.394300376907 0.02418516242 0.0
 -0.386397918956 -0.31523388532 -0.363480817569  0.0331875072485 -0.116562619727 -0.0312851545131  -0.397729945127 0.0134288083402 0.0
 -0.399653532254 -0.331680172647 -0.383261349049  0.0628698725951 -0.106029346421 -0.0319974553883  -0.401062861945 0.0172616031818 0.0
 -0.412339206043 -0.348479532112 -0.40301213965  0.0933228406928 -0.0951670022365 -0.032638526176  -0.409234900873 0.0166570644853 0.0
 -0.424552767496 -0.365632060532 -0.422712999927  0.127092119123 -0.0840588650463 -0.033215489885  -0.404028159554 0.0404373039827 0.0
 -0.436498259922 -0.38314206662 -0.44233627762  0.163399648283 -0.0728666346212 -0.0359796551822  -0.401312535717 0.0591368168276 0.0
 -0.448124854284 -0.400986135036 -0.461871063649  0.200205888811 -0.0618925498634 -0.0305082202762  -0.399114779682 0.0624528648746 0.0
 -0.459638272087 -0.419166562753 -0.481278755849  0.232382844573 -0.0510392400289 -0.022522704371  -0.391471774621 0.096518389198 0.0
 -0.471169640941 -0.43767683635 -0.500556195428  0.255259515473 -0.0402050795631 -0.0144173727094  -0.38557829174 0.127177361089 0.0
 -0.482586280029 -0.456500706959 -0.519751669974  0.272723519283 -0.0295672496536 -0.00457155380584  -0.382244600497 0.141256922277 0.0
 -0.493657767132 -0.475628283184 -0.538919567741  0.286655408426 -0.0190081740516 0.0031672342278  -0.380968416309 0.130955554374 0.0
 -0.50436277548 -0.495068746783 -0.558100404067  0.299919555083 -0.00833528444828 0.0146219393765  -0.377110490934 0.139251890828 0.0
