 -0.249980825354 0.311961994448 0.0183375694773  0.0777919255524 0.0789986072423 0.151957831325  0.159453333333 0.0678512396694 0.0
 -0.250004693263 0.311960292881 0.0183721121005  0.0776804769998 0.078561281337 0.14390060241  0.160653333333 0.0802479338843 0.0
 -0.250117225332 0.31195382508 0.0185172682754  0.0775021593157 0.0776412256267 0.134540662651  0.166533333333 0.102975206612 0.0
 -0.250358808795 0.311938936518 0.0188750500479  0.0773054526204 0.0761195821727 0.12927936747  0.177825333333 0.129214876033 0.0
 -0.250735125632 0.311910989671 0.0195619753851  0.077108913098 0.0739005208914 0.12958938253  0.192921466667 0.155309917355 0.0
 -0.251233777635 0.311864354737 0.0206536825124  0.0768623721824 0.0709869311978 0.132729841867  0.20544132 0.177969008264 0.0
 -0.25180356095 0.311793523987 0.0221759038914  0.0764956022401 0.0672978481058 0.13615866491  0.216975854667 0.190097727273 0.0
 -0.252378230239 0.311694234824 0.0241339884371  0.0761153574434 0.0632395117632 0.139696412877  0.2286902692 0.191096219008 0.0
 -0.252920002505 0.311559490007 0.0265282599944  0.0757257714915 0.058639933846 0.141901470384  0.23923324228 0.187862630165 0.0
 -0.253427721469 0.31137802659 0.0293314282919  0.0753277784999 0.0535337399043 0.142907106478  0.249388584719 0.18743173905 0.0
 -0.253893060882 0.311138799052 0.0325057289537  0.0749974469456 0.0479632349946 0.14516760065  0.259861726247 0.183738151921 0.0
 -0.254278600535 0.310833756101 0.0360337475929  0.0747753763198 0.04194142403 0.147955057452  0.269154220289 0.16719078301 0.0
 -0.254552199042 0.310453986971 0.0399291339119  0.0745392919769 0.035541292769 0.147150515562  0.27725079826 0.142380795618 0.0
 -0.254708765445 0.309987605495 0.0441981198151  0.0741735743086 0.0288062442721 0.14092943991  0.284137718434 0.122531145809 0.0
 -0.254765612609 0.309420973672 0.0488466677712  0.0735936691638 0.021563642129 0.129005170618  0.292069279924 0.111278031228 0.0
 -0.254754796914 0.308740101216 0.0538957983479  0.072854429856 0.0139700912866 0.114282364399  0.302141018598 0.106108905791 0.0
 -0.254692754501 0.307933573047 0.0593476058124  0.0720330865054 0.00623617407992 0.0985468990436  0.312005583405 0.0973244614928 0.0
 -0.254606294068 0.306990738055 0.0652110890977  0.071068194171 -0.00211710906624 0.0809964260067  0.323017025064 0.0968564781535 0.0
 -0.254532501933 0.305899092233 0.0714940826237  0.0699546042543 -0.0111475987167 0.0644479882253  0.335993989225 0.103873309677 0.0
 -0.25447265996 0.304649549525 0.0781653900691  0.0688186350662 -0.0203279641932 0.0494790930172  0.347939923636 0.113494243172 0.0
 -0.254457443658 0.303232762899 0.0851633698217  0.067676455603 -0.0301975354619 0.0372872078119  0.359091264605 0.131243992409 0.0
 -0.254504120757 0.301641547692 0.0924043777499  0.066843529053 -0.0404450521107 0.0277452340187  0.371794138145 0.149698105564 0.0
 -0.254624424983 0.2998689605 0.0998373788732  0.0665201858716 -0.0508572321364 0.0184044455565  0.384293390997 0.161348129719 0.0
 -0.254833368997 0.297909542321 0.107444600033  0.0667752749159 -0.0618800047445 0.00751279618162  0.391142718564 0.171006705177 0.0
 -0.255122227957 0.295757535211 0.115257465241  0.0671998900227 -0.0730985502311 -0.00266619427992  0.399573780041 0.18052586937 0.0
 -0.255421854383 0.293407131967 0.123279362356  0.0677408578063 -0.084604711921 -0.012354394129  0.408495068703 0.180002208053 0.0
 -0.255602977962 0.290857165973 0.131470015239  0.0683308187226 -0.0963363020103 -0.024085822186  0.412257561833 0.153911078156 0.0
 -0.255551285515 0.28810607839 0.139818996676  0.0687364039256 -0.107900304121 -0.0360748303289  0.412310472316 0.113073689349 0.0
 -0.255161681672 0.285149457169 0.148340540184  0.0686946433915 -0.119541889308 -0.0451330099466  0.412091425085 0.0664026840505 0.0
 -0.254332813602 0.281982216009 0.157024659636  0.0683672926742 -0.130737978929 -0.0515534438917  0.412294282576 0.0186136553148 0.0
 -0.25303821194 0.278596977377 0.165828298421  0.0675405101901 -0.142293568222 -0.0537926778158  0.412210187652 -0.0161320077373 0.0
 -0.251264811895 0.274987813009 0.174678486085  0.0665512191387 -0.153676885495 -0.0548290726848  0.41213450222 -0.0449237656413 0.0
 -0.248961050008 0.271154026844 0.183507582673  0.0653766633835 -0.16539819416 -0.0589997798741  0.412599718665 -0.0848859345317 0.0
 -0.24609037875 0.267093720543 0.192274093533  0.0641133833816 -0.176933444382 -0.0659913681518  0.411418413465 -0.1266370105 0.0
 -0.242649016099 0.262804031199 0.200961196828  0.0625975063011 -0.188727425849 -0.0747687373607  0.409155238785 -0.167518763995 0.0
 -0.238686252305 0.25828080142 0.209584816473  0.0608737953467 -0.200509140089 -0.0808611407331  0.407251714907 -0.198527218174 0.0
 -0.23425510656 0.253519060567 0.218135036469  0.0589686063333 -0.212274242793 -0.080997918226  0.404471876749 -0.222302595531 0.0
 -0.229399760853 0.248515468344 0.226553746575  0.0569446664879 -0.223960328263 -0.0760758372468  0.399970022408 -0.236262418622 0.0
 -0.224200321686 0.243268922022 0.234792263113  0.0549336580877 -0.235327387359 -0.0690857234016  0.3947183535 -0.23642956519 0.0
 -0.2187454609 0.237780559072 0.242847031968  0.052937074202 -0.246814007954 -0.0628699221458  0.391725184817 -0.22748908801 0.0
 -0.21313874355 0.232050895652 0.250741608885  0.0510426312213 -0.25715196649 -0.0582546166782  0.389164666335 -0.208698856895 0.0
 -0.207438600857 0.226078871628 0.258510230037  0.0492624047658 -0.266456129173 -0.0503357815164  0.386193533035 -0.192614095172 0.0
 -0.201637508447 0.219867021817 0.266123661585  0.0475933318242 -0.274829875587 -0.0375612395094  0.381386179732 -0.185575826151 0.0
 -0.195699450818 0.213420445895 0.273493713841  0.0459769314105 -0.28236624736 -0.01898583845  0.373992895092 -0.191638078246 0.0
 -0.189591330995 0.206741908581 0.280525247537  0.0443410671402 -0.289148981955 0.00209949238296  0.368005605583 -0.208664353066 0.0
 -0.183314806121 0.199826466801 0.287119141723  0.0427378372476 -0.295253443091 0.0231847238676  0.361550378358 -0.231426016933 0.0
 -0.176943793509 0.192660965948 0.29311247842  0.0410831780945 -0.300747458114 0.0492397454567  0.347740673855 -0.225465233422 0.0
 -0.170602667119 0.185227565849 0.298328487078  0.0396329918501 -0.305692071634 0.0809723974171  0.331445273136 -0.182910445617 0.0
 -0.164306924258 0.177516196192 0.302526251  0.0384504176379 -0.310142223802 0.111941422736  0.307712745823 -0.128908657253 0.0
 -0.157912550454 0.169528941006 0.305444165931  0.0374501837647 -0.314147360753 0.141244268414  0.27035347124 -0.110885560123 0.0
 -0.151210809365 0.161274020157 0.306881121753  0.0364301660848 -0.317751984009 0.172737311452  0.22406345745 -0.126069731384 0.0
 -0.144105616525 0.152756960992 0.306746772506  0.0353756256959 -0.32099614494 0.204544905608  0.177735778371 -0.147173502047 0.0
 -0.136618211399 0.143978477604 0.305019530107  0.0342398630205 -0.323915889777 0.235731981312  0.133774200534 -0.157075986553 0.0
 -0.128815679322 0.134939163836 0.301702633441  0.0331006556324 -0.326543660131 0.263725048241  0.0919421138142 -0.153591528393 0.0
 -0.120752673603 0.125645052225 0.296833863243  0.0319639204305 -0.328908653449 0.286584471128  0.0534932357661 -0.147976177207 0.0
 -0.112480652645 0.116105550078 0.290505600071  0.0308043342719 -0.331037147436 0.302489277027  0.0198225788562 -0.142922361139 0.0
 -0.104037429151 0.10633343465 0.282833958044  0.0296576168181 -0.332952792024 0.31326444571  -0.0110143456961 -0.141679711802 0.0
 -0.0954553649381 0.0963426713558 0.273921704523  0.0284946190604 -0.334676872153 0.319422940898  -0.0390342444598 -0.140561327399 0.0
 -0.0867942584977 0.0861459333549 0.263872095975  0.0273476173812 -0.337011274074 0.320673417893  -0.0637188200139 -0.132116764907 0.0
 -0.0780981827259 0.075756846843 0.252805845508  0.0262540191659 -0.338418642488 0.318033786947  -0.0846016046791 -0.123690212383 0.0
 -0.0693760797783 0.0651884925181 0.240838352469  0.0251861943578 -0.338827335343 0.313248480541  -0.103796110878 -0.117759207674 0.0
 -0.0606415629793 0.0544522918705 0.228038426694  0.0241499242575 -0.338507136627 0.308715801162  -0.122537833123 -0.113247749716 0.0
 -0.0519068969694 0.0435565487608 0.214457565445  0.0231336947528 -0.337160461962 0.302226751166  -0.138338716478 -0.105881652431 0.0
 -0.0431560708927 0.0325073776547 0.200143049393  0.0221967984881 -0.335430348913 0.294278172435  -0.153359511497 -0.100905057435 0.0
 -0.0343468290851 0.0213107317139 0.185127993964  0.0213117986426 -0.333154584217 0.284413608204  -0.16914489368 -0.101384799626 0.0
 -0.0254877452175 0.00996819273218 0.169452489788  0.0204400710087 -0.329961549194 0.272372849793  -0.184285070979 -0.0952049973492 0.0
 -0.0166144573791 -0.00152139508768 0.153164172562  0.0196638747797 -0.326321800959 0.259201829874  -0.196711230548 -0.0822051587713 0.0
 -0.00771921573168 -0.0131580555113 0.136291906282  0.0190015189531 -0.322299509443 0.244034658935  -0.208961440826 -0.0705053040512 0.0
 0.00124252092274 -0.0249414218279 0.118860941537  0.0184360470611 -0.317673876047 0.226167337619  -0.222253296744 -0.066587005051 0.0
 0.0102970590121 -0.0368733638899 0.100922588358  0.0179187637169 -0.312491307384 0.206999399038  -0.233815967069 -0.0605811971079 0.0
 0.0194528454064 -0.048958390168 0.0825183796078  0.0175033605558 -0.306838137648 0.185907892869  -0.242622370362 -0.0502172922731 0.0
 0.0287611515821 -0.0611994718709 0.0636519098866  0.017291098112 -0.300750284886 0.160073127679  -0.253081466659 -0.0450220093268 0.0
 0.0382624995649 -0.0736030861997 0.0443465477185  0.017272807169 -0.294204365033 0.129668224549  -0.262894653327 -0.0345611307082 0.0
 0.0479381796584 -0.0861801501743 0.0246434637287  0.0174541665011 -0.287463454992 0.0972586310102  -0.270659854661 -0.0102703068936 0.0
 0.0577947151008 -0.0989415695876 0.00454810474309  0.0178960112815 -0.280586050997 0.0637978281501  -0.278315202528 0.0215087899115 0.0
 0.0679496576247 -0.111893604052 -0.0159448274894  0.0186168723862 -0.273538448683 0.0290144308773  -0.286805015609 0.0327546051352 0.0
 0.0784989568539 -0.125042200736 -0.0368440177664  0.0195860619691 -0.265800063425 -0.00921833751164  -0.299379180714 0.0288262520597 0.0
 0.0894161798793 -0.138401554558 -0.0581602071502  0.0207787471823 -0.257286770174 -0.0489742146038  -0.311229262643 0.0583485855314 0.0
 0.100702644555 -0.151989552909 -0.0798630270253  0.0221920819595 -0.248842076444 -0.086787636517  -0.321094336379 0.0898773633419 0.0
 0.112480109732 -0.1658180227 -0.101873945899  0.0244392580938 -0.239726531752 -0.125187186118  -0.328506236074 0.118253263371 0.0
 0.124825379531 -0.179898763871 -0.124075358602  0.027177773565 -0.229881873006 -0.161026901241  -0.3415769458 0.139659341993 0.0
 0.13775723623 -0.194246666126 -0.14633043212  0.0298514035251 -0.219862905761 -0.19215312678  -0.352140584553 0.161404151595 0.0
 0.151290237561 -0.208875667465 -0.168542258659  0.0325864437192 -0.209514358917 -0.216928777957  -0.357514526098 0.19171828189 0.0
 0.165534759548 -0.223793465461 -0.19069063406  0.0354157601174 -0.199164455059 -0.2358383098  -0.364484406822 0.206604304941 0.0
 0.180601106948 -0.239006770779 -0.212768079147  0.0382937043197 -0.188470711503 -0.250146045085  -0.374890632806 0.205125692629 0.0
 0.196549406623 -0.254525344948 -0.234727501188  0.0410398820753 -0.177662498291 -0.262194693589  -0.384122902859 0.193877586176 0.0
 0.213430458819 -0.270357940342 -0.256529564029  0.0437231943052 -0.165982460161 -0.273490284471  -0.390298612573 0.158960901938 0.0
 0.231291811475 -0.286507270653 -0.278197078686  0.046363858631 -0.154066526123 -0.286141256024  -0.397456751316 0.110180514224 0.0
 0.250095793668 -0.3029811786 -0.299742488852  0.0490580848991 -0.141576168775 -0.301442793072  -0.405232409517 0.0728897355287 0.0
 0.269764237788 -0.31979101615 -0.321183269514  0.0517698685632 -0.128800028221 -0.316042489668  -0.414897168566 0.047592497513 0.0
 0.290217926317 -0.336946649593 -0.34251387831  0.0544668055318 -0.115992309521 -0.328203300943  -0.423728785042 0.0355687849518 0.0
 0.311365009515 -0.354458041707 -0.363705391559  0.0572088909645 -0.102908259628 -0.334404055186  -0.430610573205 0.0404499229855 0.0
 0.333191612026 -0.372330369077 -0.384738284811  0.0599832513735 -0.0895587985674 -0.331249794245  -0.437470849218 0.0431900546539 0.0
 0.355785574733 -0.390559925367 -0.405545268191  0.0627392936263 -0.0762824451731 -0.321407947351  -0.441645097629 0.0299536938166 0.0
 0.379197223132 -0.409142735959 -0.425974297595  0.065531787601 -0.0628546184831 -0.303890646592  -0.4406019212 0.0180409690631 0.0
 0.403454806181 -0.428067797001 -0.445848865442  0.0680450321782 -0.0494548112309 -0.279314834945  -0.435663062413 -0.00425073114902 0.0
 0.428536309367 -0.44731545897 -0.464975898184  0.0703069522977 -0.0362167117234 -0.249892387595  -0.427484756172 -0.0391892943978 0.0
 0.454211497507 -0.466871344723 -0.483101522273  0.0723426804053 -0.0234862661778 -0.217839895823  -0.409990947221 -0.0400554889249 0.0
 0.480171805705 -0.486726444671 -0.499951021058  0.0741748357021 -0.0113241298107 -0.179580002626  -0.378246519166 0.00875171286013 0.0
 0.506342775913 -0.506857600759 -0.515250668084  0.0758237754692 -0.000180435492591 -0.142058749352  -0.340876533916 0.0535046407477 0.0
