 -0.319891871974 0.3309639831 -0.00595083650171  0.555425369333 0.171354227772 0.187740659341  0.080406885759 0.107553956835 0.0
 -0.319854989226 0.330962298129 -0.00588740122194  0.555119714722 0.171091650605 0.185674725275  0.0830672926448 0.105395683453 0.0
 -0.319751314966 0.330954009855 -0.00564209941652  0.554691798268 0.170534093131 0.182013186813  0.0898435054773 0.10273381295 0.0
 -0.31960061833 0.330930511677 -0.0051092232886  0.554816097809 0.169602111791 0.178454065934  0.102201877934 0.101776978417 0.0
 -0.319460948085 0.33087902729 -0.00418072124955  0.556048700968 0.168185100142 0.176965142857  0.119897183099 0.106671223022 0.0
 -0.319402421324 0.330785628355 -0.00274094030117  0.558075007641 0.16641536244 0.177471265934  0.141613255086 0.114673165468 0.0
 -0.319465663188 0.330633387314 -0.000689396646847  0.560000568518 0.163682901869 0.179904798681  0.163818126761 0.129069158273 0.0
 -0.319614378124 0.330403765707 0.00204259191309  0.559593991034 0.160433162479 0.181127945187  0.185054467449 0.145622674101 0.0
 -0.319733493132 0.330083081427 0.00548389445654  0.55499984919 0.156452501613 0.178932073745  0.206827580955 0.152607169281 0.0
 -0.319684621041 0.329660973963 0.00959423281137  0.547146323772 0.151786077676 0.173351393843  0.226736372155 0.149540696957 0.0
 -0.319402602813 0.329129102509 0.0142775252446  0.538906474889 0.146267823549 0.166174935777  0.242150371872 0.141025476182 0.0
 -0.318896482691 0.328479657548 0.0194378813217  0.53143966846 0.140295780154 0.158617222419  0.250702157846 0.134081201945 0.0
 -0.318173792677 0.32770436909 0.025020037577  0.521815823876 0.133865045681 0.148694401276  0.25652083095 0.127831355132 0.0
 -0.317249988314 0.326792160692 0.0309925690552  0.509129911381 0.127175124817 0.136511114995  0.265982988857 0.127242464223 0.0
 -0.316142511951 0.325731937516 0.0372983101597  0.494706986468 0.12013740786 0.123568135364  0.275907381677 0.128151311326 0.0
 -0.314865572998 0.32451381568 0.0438523996479  0.480299965865 0.113001764228 0.11108428886  0.281552950239 0.130408122639 0.0
 -0.313437430237 0.323129776139 0.050600352506  0.465041237745 0.105487475679 0.0990576182159  0.286007983853 0.133878101742 0.0
 -0.311883114029 0.321572798972 0.0575373938939  0.449576339646 0.0977636952888 0.0877500981526  0.295181833355 0.138439931856 0.0
 -0.310230199186 0.319835881296 0.0646538571849  0.433773061259 0.0897117035358 0.0773095938318  0.305629221225 0.1454232768 0.0
 -0.308489452883 0.317914031507 0.0718983148197  0.417104873829 0.0813894619233 0.0679131399432  0.311745485331 0.15242771171 0.0
 -0.306618399439 0.315806575551 0.0792199529263  0.400014865305 0.0730781924817 0.0595002874873  0.317719606594 0.152976307445 0.0
 -0.304543170045 0.313516095054 0.0865805701599  0.382901814842 0.0645477413164 0.0516210279693  0.321687865027 0.144836950082 0.0
 -0.302218001237 0.311045620526 0.0939528043042  0.365768026633 0.0560909838892 0.043694529568  0.324163835958 0.133914406153 0.0
 -0.299651837193 0.308392659209 0.101321394317  0.348258977409 0.0477089309484 0.0357255161716  0.325609737182 0.126242389998 0.0
 -0.296827005763 0.305555677942 0.1086805211  0.330106538659 0.0393941120456 0.0279380194995  0.326441564716 0.117179302077 0.0
 -0.293697898498 0.302533561206 0.116038777761  0.310865624987 0.0309805814522 0.0199622395276  0.32797268211 0.105425400647 0.0
 -0.290245595678 0.299323702717 0.123413546265  0.290696026319 0.0226402260361 0.0120367848056  0.330602643946 0.0962857382798 0.0
 -0.286456584296 0.295922846 0.13082603318  0.266379352877 0.0137232522328 0.0040247546767  0.335317027438 0.0880600421497 0.0
 -0.282317108241 0.292326331885 0.138291899887  0.241998167462 0.00504711964057 -0.00344980870306  0.342533368513 0.0820957645534 0.0
 -0.27781316618 0.2885281774 0.145804687348  0.215674051174 -0.00412735963542 -0.0103087838767  0.348715086435 0.0774473391772 0.0
 -0.272929531869 0.284524081359 0.153330041513  0.188212606322 -0.0135101207528 -0.016481861533  0.351931214724 0.0711054829573 0.0
 -0.267695030922 0.280308180023 0.16083455617  0.161001126637 -0.0227954113675 -0.0219936753797  0.355764697321 0.0718726325033 0.0
 -0.262191859854 0.27586967466 0.168314320566  0.135542888655 -0.0323002496827 -0.0268224397099  0.364222656383 0.0840738584616 0.0
 -0.256505235644 0.271198744937 0.175760830455  0.115279481094 -0.0424188936717 -0.0314760199147  0.373086775722 0.0972132352054 0.0
 -0.25066762423 0.266288339815 0.183123484926  0.097653723509 -0.0517882504287 -0.0357961102309  0.378091087195 0.103283278591 0.0
 -0.244698722564 0.261132565089 0.190349370149  0.0873942095381 -0.0621816201399 -0.043200675032  0.378839098976 0.105149195337 0.0
 -0.238634527502 0.255729081653 0.197385237154  0.0812171930673 -0.0723960121079 -0.0525900580783  0.377634375307 0.11186449163 0.0
 -0.23254616002 0.250075873509 0.204223132843  0.0788672516515 -0.0828152561162 -0.0635020412814  0.374202706164 0.117188833834 0.0
 -0.226395851283 0.244176794116 0.210892544995  0.076344764897 -0.0927847710364 -0.0731030459445  0.37189667655 0.113347648292 0.0
 -0.220143011498 0.238034130713 0.21740644429  0.0709670382799 -0.103005972695 -0.0795021918995  0.372168667737 0.106293459003 0.0
 -0.213804808733 0.231644276418 0.223723859521  0.0641912717927 -0.113079380286 -0.0835031815007  0.372256965282 0.105700084325 0.0
 -0.207421068401 0.225003423654 0.229762007569  0.0572270605584 -0.123192962411 -0.0856974787353  0.369050048097 0.11236029172 0.0
 -0.201029870826 0.218114311006 0.235449725552  0.0510611553177 -0.133057777458 -0.0873206978947  0.363503415744 0.119073902836 0.0
 -0.194657930287 0.210984104592 0.240762302985  0.0454099557309 -0.142662388271 -0.0881222544789  0.357259490445 0.122238454998 0.0
 -0.18831903611 0.203620262934 0.245717353398  0.039508797142 -0.152002088157 -0.0871293696903  0.351952946721 0.122208854103 0.0
 -0.182011557344 0.196028624711 0.25033571118  0.0325675964905 -0.161301697772 -0.0827632459081  0.348585508074 0.120023939916 0.0
 -0.17570772284 0.188215980767 0.254614189975  0.0247413004176 -0.170584779762 -0.0753172509876  0.344459351633 0.115899243766 0.0
 -0.169364348245 0.18019185454 0.258530111224  0.0164240730758 -0.179654657326 -0.0661103610537  0.339493854654 0.105712197087 0.0
 -0.162945412906 0.171964970971 0.262047688048  0.00664615889097 -0.188694666607 -0.051978006267  0.326887192194 0.110932344285 0.0
 -0.156352695959 0.163543934567 0.265145767053  -0.00296904283613 -0.197375382912 -0.0340720737722  0.320549020705 0.106277958777 0.0
 -0.149457101638 0.154932157068 0.26780682538  -0.0128962852667 -0.205992519332 -0.0129457455158  0.316722600638 0.10136958736 0.0
 -0.142160422661 0.146130227002 0.26996419413  -0.0231553067655 -0.213747942111 0.0114745433215  0.311244393782 0.0883189595592 0.0
 -0.134305977289 0.137139071761 0.271504504282  -0.0342732962112 -0.220727822611 0.0380242318465  0.302871128113 0.060746056409 0.0
 -0.12580043438 0.127955908094 0.272261398672  -0.048049226906 -0.227009715062 0.0683365339365  0.286415001217 0.0301750478904 0.0
 -0.116688881121 0.118576646762 0.272043105611  -0.0635041106341 -0.232663418267 0.101068155268  0.257989463537 0.0134525071302 0.0
 -0.107112924938 0.109001317825 0.270681002659  -0.0794512033914 -0.237751751152 0.131537603478  0.223799280876 0.00487704058981 0.0
 -0.0972563100122 0.099228562878 0.268081176139  -0.0953318599244 -0.242331250748 0.157949117855  0.186298852006 0.00723106314953 0.0
 -0.0873162854194 0.0892532394868 0.264209478121  -0.11028670246 -0.246452800385 0.180532667608  0.15004455366 0.017263352518 0.0
 -0.0774420371841 0.0790703004692 0.259039215994  -0.123338521261 -0.250162195058 0.200638082166  0.113190333036 0.0342060820144 0.0
 -0.0677018983198 0.0686787107847 0.252523737586  -0.133709712436 -0.253500650264 0.217897790433  0.0736052590436 0.0573682076259 0.0
 -0.058103784169 0.0580796248571 0.244635247336  -0.141158914397 -0.256742696749 0.23083812128  0.0342228239061 0.0854083652806 0.0
 -0.04856390217 0.047278564558 0.23540500392  -0.145978326065 -0.258931467941 0.239407495965  -0.00388177460347 0.104169687026 0.0
 -0.0389219302974 0.0362863139092 0.224924315813  -0.14965354491 -0.260141564254 0.245757295819  -0.0384889023074 0.106666387388 0.0
 -0.0290293768967 0.0251149075381 0.213300847566  -0.154081975442 -0.260434539313 0.252351236567  -0.0702612953318 0.0930860795845 0.0
 -0.018784566876 0.0137755309528 0.200611365462  -0.160971281718 -0.259849031135 0.260483585438  -0.100890877849 0.0693530111944 0.0
 -0.00815642151593 0.00227543191376 0.186912762059  -0.17053385808 -0.258425400682 0.268769732388  -0.130022447341 0.045834976262 0.0
 0.00277720023978 -0.00938509337671 0.172265013222  -0.181177874208 -0.256392715638 0.275655836073  -0.15717982702 0.0318629894272 0.0
 0.0139256566253 -0.0212091327304 0.156750557905  -0.192591416385 -0.253454329574 0.280490692026  -0.181621468731 0.0236047480384 0.0
 0.0252804396464 -0.0331955109379 0.140454976381  -0.205461668531 -0.249508069778 0.283611293153  -0.205340386021 0.00897808618423 0.0
 0.0368473873005 -0.0453415246198 0.123447611068  -0.219541074781 -0.244950821279 0.284881372629  -0.228565345854 -0.0106607296284 0.0
 0.0485970908733 -0.057646781686 0.105778413435  -0.234148352937 -0.239807369085 0.283211257344  -0.25275419468 -0.0290550883203 0.0
 0.0605217925662 -0.0701132869054 0.0875251430976  -0.248670349024 -0.234295555889 0.279026834906  -0.272802718874 -0.0535236802077 0.0
 0.0726089431535 -0.082743103985 0.0687957226236  -0.263013706378 -0.228689654593 0.272975140427  -0.286151554968 -0.073387139525 0.0
 0.084790431106 -0.0955369781315 0.0496592983928  -0.27877550436 -0.222149888273 0.262165978032  -0.297696023884 -0.0840700083063 0.0
 0.0970434420104 -0.108495185588 0.0301426201173  -0.293164892283 -0.215361838746 0.248921248361  -0.308399034954 -0.0908068923678 0.0
 0.109402612861 -0.121617262198 0.010255493258  -0.305096492714 -0.20851235003 0.233616376272  -0.31990967919 -0.098308936944 0.0
 0.121924944567 -0.134905006292 -0.00996903064795  -0.31512173901 -0.201157832813 0.214918914469  -0.331834204228 -0.110816172746 0.0
 0.134627312873 -0.148363415318 -0.0304719869437  -0.325061424508 -0.193552706254 0.194662627418  -0.340531847968 -0.122072684968 0.0
 0.147488613396 -0.161999846269 -0.0512325631848  -0.333752429281 -0.185962261461 0.17353087017  -0.348516221857 -0.127167574744 0.0
 0.160479140603 -0.17582246384 -0.0722691410434  -0.338517787474 -0.178158766956 0.150600200736  -0.358832048811 -0.124558730939 0.0
 0.173642551211 -0.189838856847 -0.0935762629947  -0.34020854566 -0.170272469299 0.127105455388  -0.371402678045 -0.130843865039 0.0
 0.187057071482 -0.204055941971 -0.1151017134  -0.33974347306 -0.161822808335 0.101212931827  -0.382559749834 -0.145133579255 0.0
 0.20071009024 -0.218483832996 -0.136795831251  -0.338407943889 -0.153117524066 0.074041528754  -0.391192663739 -0.154397199747 0.0
 0.214643119467 -0.23312882377 -0.158638920019  -0.336645600851 -0.144400062002 0.0466861670874  -0.402874649322 -0.178561796319 0.0
 0.229027758353 -0.247991463287 -0.180608008647  -0.338523577699 -0.135059890993 0.0156927152138  -0.417300799413 -0.22692863827 0.0
 0.243932383485 -0.263076413467 -0.202636929525  -0.344594806276 -0.125463759711 -0.0193662266372  -0.421677135747 -0.269739371565 0.0
 0.259294434402 -0.278391971582 -0.224709765688  -0.349600430081 -0.116047890179 -0.0559302633142  -0.420921002767 -0.288844571099 0.0
 0.275136490138 -0.293943330996 -0.246883384857  -0.34921501774 -0.106771909228 -0.0926181161036  -0.42634376947 -0.305319826219 0.0
 0.291547158201 -0.30973466573 -0.269140170512  -0.341277723811 -0.0966972211684 -0.133021798999  -0.434510644479 -0.332377771655 0.0
 0.30842348053 -0.325774315949 -0.291392885983  -0.330975728302 -0.0863087359576 -0.175758739978  -0.432158171581 -0.332988915353 0.0
 0.325672380854 -0.342067346681 -0.313651246597  -0.314419164132 -0.0757300146566 -0.216771437409  -0.433170836426 -0.323467002235 0.0
 0.343291704728 -0.35861626486 -0.335926995862  -0.28994107859 -0.0648515856651 -0.254518029932  -0.43549068549 -0.307703035824 0.0
 0.361231513609 -0.375427084565 -0.358200585454  -0.26001472417 -0.0539185095589 -0.288006446719  -0.436013604422 -0.283443523609 0.0
 0.37939872232 -0.392506599015 -0.380434332549  -0.224828330713 -0.042774235351 -0.315948219629  -0.434293308142 -0.245782624485 0.0
 0.397733223643 -0.409860008833 -0.402617791628  -0.186385232741 -0.0317471540042 -0.336832078985  -0.430867107219 -0.198938174986 0.0
 0.416293137304 -0.427488285845 -0.424763022288  -0.145775237231 -0.0210015288019 -0.350528651306  -0.429974449705 -0.158217019358 0.0
 0.435201268459 -0.445388915929 -0.446851506483  -0.100260372703 -0.0100734477673 -0.355339082879  -0.428232090806 -0.129481648358 0.0
 0.45458792648 -0.463561039016 -0.468817513459  -0.0529801326817 0.000694812118827 -0.35439374602  -0.422908099253 -0.110094634601 0.0
 0.474523103771 -0.482001555313 -0.490594798098  -0.00670911890414 0.0110594491784 -0.350773712077  -0.412952187606 -0.0926463222201 0.0
 0.49497551214 -0.500705001472 -0.512157978041  0.0392139580398 0.0210943461835 -0.343823373836  -0.399766515012 -0.0697485964729 0.0
