 0.538190030659 0.311005626646 0.18862142235  0.477022375215 0.110227240926 -0.0385119921684  0.0234565217391 -0.00469879518072 0.0
 0.538042414075 0.311011681932 0.188592343246  0.476419965577 0.110210449724 -0.0408614782183  0.0193260869565 -0.00710843373494 0.0
 0.537722635392 0.311031126364 0.18854226613  0.476437177281 0.110136568438 -0.0407244248654  0.0188695652174 -0.00807228915663 0.0
 0.537307190138 0.311065153531 0.188529861963  0.476280550775 0.109930148602 -0.040894762604  0.0230239130435 -0.00773493975904 0.0
 0.536726836717 0.3111095208 0.188577842527  0.476311703959 0.109447726191 -0.0396775330396  0.0271976086957 -0.00502168674699 0.0
 0.535952997043 0.311157815138 0.188705032876  0.476038537005 0.108744886799 -0.0381904454234  0.032475673913 -0.00739903614458 0.0
 0.534574496765 0.311196042489 0.188957689992  0.475362394148 0.107647774774 -0.0366562760646  0.0443998456522 0.00853363855422 0.0
 0.532135573261 0.311201072004 0.1893518903  0.472559373322 0.106036300965 -0.035618157024  0.0566533393478 0.0252826843373 0.0
 0.528929912827 0.311172909671 0.189882647571  0.4692621279 0.104068245828 -0.0335091068625  0.0668119184565 0.0246941749398 0.0
 0.524843664317 0.311100206954 0.190613848487  0.464444348845 0.101614154013 -0.0334220238806  0.0826937700891 0.0386223478072 0.0
 0.519803142642 0.310970124423 0.191558700211  0.457096299503 0.0984343802314 -0.0354483971166  0.0972048278628 0.0415191491711 0.0
 0.51393618484 0.310780119859 0.192709730261  0.449622469897 0.0949009357717 -0.0375168711592  0.110047388555 0.0477407282299 0.0
 0.507485377879 0.310516754965 0.194083445906  0.441131823596 0.0910939642385 -0.0402595550663  0.12421438883 0.0509305108286 0.0
 0.501245527559 0.310170559947 0.195698668468  0.431639983749 0.0868645107246 -0.0448816661284  0.139790776034 0.0417531223963 0.0
 0.495439774546 0.309720384842 0.197543295487  0.421548274531 0.0822184424915 -0.0515378950124  0.153592133213 0.0371079306386 0.0
 0.489637399096 0.309127282978 0.199602781032  0.410357302499 0.0771946224777 -0.0594374584236  0.168404659022 0.0425658122736 0.0
 0.483402221956 0.308356753219 0.201859587741  0.397058233179 0.0716377270449 -0.0685539181612  0.181083758337 0.0510923635763 0.0
 0.476338108423 0.307375536776 0.204278963108  0.382378227417 0.0656346461379 -0.0771503129335  0.194668860764 0.0623807175801 0.0
 0.467884300616 0.306155925654 0.206831354542  0.366842642197 0.0590396980215 -0.0839081157077  0.205591105123 0.0821787904004 0.0
 0.457367807504 0.304676076747 0.209476255012  0.349418274707 0.0519680400879 -0.0876895997806  0.214334168524 0.107225971601 0.0
 0.444999468217 0.302943029174 0.212157157118  0.332789700248 0.0445345081246 -0.088498711266  0.219376838628 0.109286506971 0.0
 0.431489532553 0.300968204583 0.214830883767  0.318856685473 0.0368424543401 -0.0881990114561  0.221958719982 0.0918638803706 0.0
 0.417199748257 0.298761170825 0.217469263129  0.302960689903 0.0289904927893 -0.0899361342948  0.224282413201 0.0749786971528 0.0
 0.402407904737 0.29633002132 0.220039188519  0.288224001292 0.0209582333125 -0.0928211307528  0.226373737099 0.0597820322568 0.0
 0.386760249829 0.293671785817 0.222534348037  0.272121050388 0.0127553101016 -0.0962497372076  0.230647232954 0.064177323007 0.0
 0.370005165071 0.290783221999 0.224945136914  0.254917551201 0.00455830594337 -0.0986502162524  0.233841205311 0.076566819622 0.0
 0.352266800547 0.287669771288 0.227267247763  0.236766587819 -0.0039384112264 -0.098803794725  0.238020128258 0.082898089467 0.0
 0.333678691717 0.284341216992 0.229507234174  0.217762906662 -0.0127748334458 -0.0972777960651  0.243302898041 0.0873914130504 0.0
 0.314255619649 0.280804646101 0.231667592277  0.200272330282 -0.0217658693971 -0.0944359684899  0.24979652128 0.0914354042755 0.0
 0.294074044712 0.277060505942 0.233752329083  0.183498109302 -0.0309016547743 -0.0900183138827  0.255640782196 0.0998942734865 0.0
 0.273413278217 0.273105998918 0.235762205773  0.16814313486 -0.0403580149174 -0.0838887291905  0.262857138759 0.102687978668 0.0
 0.252769130583 0.268934545326 0.237689069107  0.152989750806 -0.0501560644877 -0.0769526218123  0.267395337926 0.0979733976687 0.0
 0.231837310693 0.264530771832 0.239539043824  0.136726920304 -0.0600965210619 -0.068409586748  0.274305804134 0.106983286817 0.0
 0.210367668268 0.259892899417 0.241274737256  0.121530992473 -0.0701735395404 -0.0581755786361  0.277481745459 0.112682548497 0.0
 0.188292518359 0.255032926172 0.242861340527  0.106477721109 -0.0803762622661 -0.0458323232689  0.279470527435 0.123835980394 0.0
 0.165536290888 0.249965080991 0.244276074061  0.0921122209429 -0.0905913716061 -0.0317375882499  0.282347387735 0.126645153439 0.0
 0.142026069773 0.244696519712 0.245522084847  0.0793123585732 -0.101105877856 -0.0163112596745  0.291240909831 0.135197505565 0.0
 0.118662206428 0.23924289412 0.246591821348  0.0679215702202 -0.111867453057 -0.00301493546916  0.300549427544 0.103135586334 0.0
 0.0966187262185 0.233619976659 0.247503825441  0.0547008417696 -0.122946540455 0.00728753703027  0.313492310876 0.0393400999898 0.0
 0.076711228909 0.227821740017 0.248221570974  0.036993236078 -0.134244224025 0.0157276526371  0.31688003631 -0.00602764494894 0.0
 0.0588069466077 0.221839404023 0.248695220306  0.0176570794238 -0.145579127735 0.0217574326499  0.320146380506 -0.0577019888878 0.0
 0.0427915405264 0.21567588244 0.248900416869  -0.00934098652206 -0.157065067983 0.0317853115093  0.312216525064 -0.095775163493 0.0
 0.0284390319181 0.20933471077 0.248848516517  -0.041685717474 -0.168435073092 0.047369384372  0.318557916036 -0.127631382083 0.0
 0.0152859311245 0.202804505056 0.248521829736  -0.0756152524392 -0.180137307814 0.0664856030567  0.321221689649 -0.117747761947 0.0
 0.0024755163752 0.196073621129 0.2478922835  -0.107184536145 -0.192060190248 0.0912281342831  0.322966911989 -0.0859609375599 0.0
 -0.0106294679471 0.18913762273 0.246919120224  -0.133144223667 -0.20412568495 0.116824850958  0.323450655573 -0.04530460284 0.0
 -0.0241256857904 0.181995446271 0.24556074384  -0.153668011283 -0.216280351224 0.143679810796  0.323668633494 -0.0171476365319 0.0
 -0.0373203900635 0.174663540522 0.243784907356  -0.172397595697 -0.228352956965 0.175338261434  0.321473509275 -0.0387943186619 0.0
 -0.0495204690352 0.16715150933 0.241582600468  -0.191147509105 -0.24049443344 0.20715930558  0.326237027912 -0.0414088626993 0.0
 -0.0619577310235 0.159464776676 0.238979160043  -0.207721226353 -0.251421762268 0.232420859114  0.336176368599 -0.0124366511282 0.0
 -0.0771628146458 0.151609444847 0.236036103856  -0.219023114044 -0.261256358212 0.255156257294  0.347947862174 0.0353250862738 0.0
 -0.0948362232335 0.143587992189 0.23275426166  -0.226570028113 -0.270107494562 0.275618115657  0.348542206392 0.0469853487308 0.0
 -0.113873014602 0.135358913977 0.229008253245  -0.230780495181 -0.278073517278 0.294033788183  0.3347292901 0.0647085006047 0.0
 -0.133078576134 0.12688099451 0.22465535606  -0.231127574751 -0.285242937721 0.300916263501  0.305123752395 0.0589725903032 0.0
 -0.152168858368 0.118120643147 0.219569978779  -0.22877213225 -0.29169541612 0.311613672883  0.272609203242 0.065858463803 0.0
 -0.171117633297 0.109064154419 0.213654733344  -0.225920736581 -0.29750264668 0.317961850381  0.235954804657 0.0660316535673 0.0
 -0.18889252237 0.0997225860947 0.206869390675  -0.224215065677 -0.302729154183 0.32108098595  0.197748454626 0.0589586086925 0.0
 -0.20469144762 0.0901082769148 0.199191797611  -0.224229015219 -0.307433010936 0.321098193278  0.157275783077 0.0429543140883 0.0
 -0.218192868184 0.0802365114997 0.190618288263  -0.226306974283 -0.311666482014 0.317981031806  0.11976342216 0.022526352559 0.0
 -0.22956772612 0.0701312842629 0.181194861254  -0.230285571174 -0.315476605984 0.313756105327  0.0860022973355 -0.00188290920292 0.0
 -0.23940535067 0.0598169466711 0.170962660468  -0.236103829892 -0.318905717557 0.309317352356  0.0543129371671 -0.0202367869573 0.0
 -0.248372896095 0.0493151331789 0.159976178664  -0.243147491653 -0.321991917973 0.305811950943  0.0262272956243 -0.0488034697074 0.0
 -0.256814764431 0.0386566022761 0.148272505549  -0.25284306951 -0.324769498347 0.305447104356  -0.0023106513294 -0.0853568576764 0.0
 -0.2654809141 0.0278531803296 0.135886752226  -0.264538108514 -0.327269320683 0.307223490347  -0.0264730644573 -0.107411533355 0.0
 -0.275074091401 0.0169144500549 0.122834230447  -0.276268462895 -0.329471585716 0.303486946501  -0.0438714101855 -0.0983450788143 0.0
 -0.285466995499 0.00586939022887 0.109147850085  -0.287729396296 -0.330695221648 0.295963508826  -0.0623560082974 -0.109462378162 0.0
 -0.296539958733 -0.00526215787256 0.0948428594415  -0.298560587475 -0.3311640254 0.28645134786  -0.0792095379024 -0.101395658418 0.0
 -0.30757090824 -0.0164633498878 0.0799245337274  -0.308911069175 -0.330891912453 0.275100388307  -0.0985081493296 -0.118231996191 0.0
 -0.318497286907 -0.0277314236864 0.064425283689  -0.319087087903 -0.329709502054 0.262681881537  -0.114789943092 -0.110493133921 0.0
 -0.329296421881 -0.0390725722361 0.0483686025831  -0.328718826617 -0.327772190222 0.249889953784  -0.134660948783 -0.137263097637 0.0
 -0.33992067789 -0.0504881294363 0.0317828619774  -0.341001849291 -0.324369079167 0.237202475782  -0.151240506079 -0.150512691488 0.0
 -0.350850198521 -0.0620040431584 0.0146978102329  -0.350421457822 -0.319814660826 0.219371606569  -0.167031672862 -0.138340940411 0.0
 -0.36147983573 -0.0736335675568 -0.00285592590594  -0.3582536666 -0.314361194072 0.198184323543  -0.184287201228 -0.137024918659 0.0
 -0.371512849091 -0.0853940157517 -0.0208423894837  -0.363581484106 -0.30842321364 0.175248906363  -0.199165002844 -0.138250137637 0.0
 -0.380161428338 -0.0972877733159 -0.0392387057172  -0.367085642063 -0.302124731304 0.150250692183  -0.214511546038 -0.145376931102 0.0
 -0.386817568378 -0.109329680858 -0.058021656331  -0.370755735344 -0.295266720436 0.12466859898  -0.233106043608 -0.172272972932 0.0
 -0.391487827647 -0.121546168983 -0.0771640325025  -0.374015790037 -0.288022672297 0.0968478477458  -0.243971526204 -0.168768567205 0.0
 -0.395242338707 -0.133984187508 -0.0966111581235  -0.372474796231 -0.280453578884 0.0678444139257  -0.252880895323 -0.147542312894 0.0
 -0.397365895934 -0.146655616238 -0.116327326437  -0.365709244319 -0.272717878735 0.0371891942659  -0.260247153617 -0.136872418954 0.0
 -0.397277196052 -0.159580304951 -0.136282139056  -0.355188233829 -0.264793053054 0.00587947699297  -0.268615916516 -0.124859875854 0.0
 -0.394813534233 -0.172791203072 -0.156464743901  -0.340727930239 -0.256678424657 -0.0250403356109  -0.277669542255 -0.110434129232 0.0
 -0.389295987184 -0.186308837142 -0.17687700379  -0.32293740916 -0.248401369419 -0.0560008150209  -0.289078674986 -0.10708951149 0.0
 -0.380866454393 -0.200167059332 -0.197486312026  -0.30245089716 -0.239994921224 -0.0863126277919  -0.298477329227 -0.0932359820275 0.0
 -0.369676717233 -0.214391957496 -0.218273265062  -0.277257442556 -0.230940297991 -0.1166280121  -0.309979596304 -0.0904063597283 0.0
 -0.355918835572 -0.229005248778 -0.239190644739  -0.249807085563 -0.22108123307 -0.145282391507  -0.323375114935 -0.0926789767676 0.0
 -0.339477410682 -0.244008717865 -0.2601645899  -0.217399526749 -0.210223914341 -0.173518714275  -0.326735429528 -0.100748428488 0.0
 -0.32004246342 -0.259388514457 -0.281098232132  -0.18646852416 -0.199187390313 -0.202357738589  -0.322585799619 -0.109215754314 0.0
 -0.297581160235 -0.275128851986 -0.302001611187  -0.155661602897 -0.188048350719 -0.231592351416  -0.324720697918 -0.131294178883 0.0
 -0.272465665266 -0.291231476346 -0.322929153802  -0.121782189595 -0.176887010456 -0.259078245986  -0.3272942803 -0.128273194729 0.0
 -0.244869902556 -0.307712879489 -0.343909640692  -0.084147860481 -0.165758771728 -0.282787650952  -0.3324365914 -0.114710935498 0.0
 -0.214765585233 -0.324606333676 -0.364946422747  -0.0416280830388 -0.15432170182 -0.300503991094  -0.336629888782 -0.0988904443574 0.0
 -0.181983322709 -0.341943746284 -0.386036708249  0.00404074936147 -0.142231680352 -0.312190253757  -0.355403856426 -0.0726038095602 0.0
 -0.1473750601 -0.359756508994 -0.407111946561  0.0476814248556 -0.129117431243 -0.317666284671  -0.367300427305 -0.0429217418572 0.0
 -0.111569959046 -0.378046740135 -0.428115827009  0.0841181016472 -0.115445186622 -0.322007340981  -0.363876906313 -0.0186175194787 0.0
 -0.0753826841522 -0.396810788204 -0.449050240539  0.119578924873 -0.101894819025 -0.316467399834  -0.358404433073 0.0285574854812 0.0
 -0.038394725042 -0.416040914871 -0.469937485648  0.15433359693 -0.0886472395652 -0.311481452802  -0.346957468027 0.0553523393427 0.0
 0.000621263544607 -0.435728638069 -0.490825130368  0.188495762194 -0.0756917591651 -0.306994100474  -0.346220416876 0.056576141553 0.0
 0.0421788165943 -0.455895944463 -0.511763073506  0.221307115406 -0.0626549482893 -0.302955483378  -0.350122288232 0.0588823828194 0.0
 0.0857093756672 -0.476560959796 -0.532781233725  0.25402149853 -0.0488900831304 -0.299320727992  -0.369720928974 0.0838495662242 0.0
 0.130331490343 -0.497745617398 -0.553789033356  0.282345682584 -0.0345259397881 -0.296049448144  -0.363011879555 0.115958585505 0.0
