 0.0552715878409 -0.376341031719 0.270143497495  0.417558968733 0.103287337662 -0.10912287793  0.0344827586207 0.0911392405063 0.0
 0.0555082313829 -0.376321979167 0.270148699483  0.417339550192 0.103066222571 -0.108476151981  0.0342175066313 0.0708860759494 0.0
 0.0558532134206 -0.37627732807 0.270193638496  0.419171695008 0.102436184505 -0.107247372676  0.0376923076923 0.0615189873418 0.0
 0.0559972337346 -0.376224253028 0.270312539943  0.419449259462 0.101144228616 -0.10848585287  0.0524907161804 0.0670126582278 0.0
 0.0558172616207 -0.37617180164 0.270504016903  0.416627207899 0.0989010831841 -0.109600485044  0.0631567639257 0.0694253164557 0.0
 0.0553874936332 -0.376122011935 0.270737393228  0.41227715853 0.0960481725817 -0.110159029911  0.0693079310345 0.0665334177215 0.0
 0.0549197045614 -0.376069073873 0.270981420687  0.406551911135 0.0928423980911 -0.113086942603  0.0756397374005 0.0563357721519 0.0
 0.0542406986198 -0.376010432161 0.271205338448  0.400686078223 0.0893554321289 -0.116692152951  0.0794815992042 0.0585502962025 0.0
 0.0533083912516 -0.375940132502 0.271391741687  0.393377207098 0.0856433830942 -0.121391975651  0.0826740228382 0.0605433678481 0.0
 0.0520602089749 -0.375851454892 0.271535739837  0.384221055231 0.0816783786406 -0.127642834674  0.0868734640557 0.0623371323291 0.0
 0.0504039802305 -0.375737480017 0.271618062261  0.374883425846 0.0774689207586 -0.132460200358  0.0890614492151 0.0614198747924 0.0
 0.0484454621884 -0.375574436933 0.271637561691  0.365272757425 0.0730870365197 -0.136957510961  0.0891738719329 0.0580626974397 0.0
 0.0462009475613 -0.375353016127 0.271608987984  0.35508722606 0.0684268158503 -0.142379383147  0.0927233282409 0.057572883392 0.0
 0.0434957985645 -0.375078748381 0.271539396779  0.342793533624 0.06347130959 -0.148067475552  0.0969788468757 0.0647269874578 0.0
 0.0402067575668 -0.374750669116 0.27142569077  0.329370461117 0.0582556441482 -0.152701714254  0.100808813647 0.0698998583323 0.0
 0.0363251747812 -0.374358644085 0.271264455022  0.314108127019 0.0527050741355 -0.157034210573  0.106112547667 0.0669605054105 0.0
 0.0316610513463 -0.373903229418 0.271053787318  0.298013277016 0.046892274962 -0.160610094285  0.112212168232 0.0782391384137 0.0
 0.0261931374177 -0.373375984551 0.27079298503  0.279468669007 0.0408546652446 -0.163828389626  0.11796707873 0.0909215536863 0.0
 0.0198092904071 -0.37276607943 0.27046916991  0.25932267978 0.0344943722535 -0.164663416468  0.12208549022 0.101069904647 0.0
 0.0127542432574 -0.372052876768 0.270085723054  0.237845156728 0.027961219175 -0.164525692444  0.127648824487 0.102608483802 0.0
 0.00514935270007 -0.371228488961 0.269639382368  0.216650328384 0.0211353446825 -0.162542403717  0.130268557423 0.107790673397 0.0
 -0.00292704894119 -0.37027885459 0.269122570385  0.195490506736 0.0141523800754 -0.158938527129  0.13474833298 0.112454644032 0.0
 -0.0111973130124 -0.369174746575 0.268539169484  0.173923354033 0.00702803436525 -0.154724949275  0.139310634961 0.110323103679 0.0
 -0.0193063027009 -0.367877513238 0.267894384963  0.154238643424 -0.000223554337734 -0.150973149578  0.142090446796 0.0932148439442 0.0
 -0.027187480659 -0.36636264545 0.267197503786  0.134163654561 -0.00773800477051 -0.148202835428  0.146714293363 0.0803490557523 0.0
 -0.0349207450044 -0.364621777643 0.266459711861  0.112036921579 -0.0154274544054 -0.146073336041  0.1527325192 0.0788964286581 0.0
 -0.0425035036804 -0.362651091771 0.265685532284  0.08828303743 -0.0234759259376 -0.144278047707  0.160536190356 0.0801207098429 0.0
 -0.0500846244201 -0.360456203273 0.26486951954  0.0645457923815 -0.032160996801 -0.140843371473  0.168620502355 0.0850200312637 0.0
 -0.0574814219532 -0.358025467836 0.263971353539  0.0475157880199 -0.041225881223 -0.135609883154  0.169795587398 0.0793028382639 0.0
 -0.0642518211065 -0.355330558412 0.26295555629  0.0322984933649 -0.0502631397196 -0.131101845526  0.171118415926 0.0754231873489 0.0
 -0.0703674170586 -0.352348211974 0.261809441691  0.0168475798485 -0.0593203176868 -0.126963770916  0.17283946558 0.0693998559558 0.0
 -0.0760129927653 -0.349045151265 0.260513084916  0.00255777523722 -0.0683870264017 -0.122471516703  0.172266394354 0.063978857702 0.0
 -0.0812266147435 -0.345388473102 0.259041053687  -0.0112355777116 -0.0774175299864 -0.118145545307  0.170424370303 0.0603657820584 0.0
 -0.0862372870334 -0.341372486123 0.257399975086  -0.0258437807743 -0.0864266446546 -0.113322502499  0.170888564573 0.0596456595487 0.0
 -0.091118792916 -0.336981495012 0.255613111706  -0.0431052611719 -0.0955508577081 -0.107122426865  0.175019867267 0.0514026125812 0.0
 -0.09591790871 -0.332184087753 0.25369475611  -0.0622061448188 -0.104840235663 -0.100451008754  0.183777827489 0.0528446298041 0.0
 -0.100838139215 -0.326964501108 0.251644664044  -0.0821396718619 -0.11441820829 -0.0929511786949  0.189272723786 0.0516107997351 0.0
 -0.106185195817 -0.321331589322 0.249446884479  -0.101012374999 -0.124479830139 -0.0836952685861  0.197135902335 0.0656902260907 0.0
 -0.112213943779 -0.315310148094 0.247075085374  -0.119204609798 -0.134570892132 -0.0706357659797  0.197050959317 0.0973490515829 0.0
 -0.119443757617 -0.30893317499 0.244519788003  -0.131792651286 -0.144727635207 -0.0526574763664  0.206258330229 0.135968576804 0.0
 -0.127691290481 -0.302176866953 0.241758124438  -0.138843227079 -0.155220584853 -0.031424469231  0.211361940177 0.160599567225 0.0
 -0.136672817223 -0.294996422608 0.23876930285  -0.138551334432 -0.165906962328 -0.0115871961155  0.217281449077 0.172640876325 0.0
 -0.145721452917 -0.287350871748 0.235560023896  -0.135381335382 -0.177464357228 0.00812568679438  0.227914046875 0.172085649452 0.0
 -0.154974622758 -0.279254871453 0.232112774334  -0.131595807439 -0.189369035478 0.0313644519872  0.231913093115 0.190573287039 0.0
 -0.164351456598 -0.270749691369 0.228371906398  -0.123416479027 -0.201351159023 0.0549875055759  0.234185974785 0.195819755803 0.0
 -0.173189994768 -0.261855397872 0.224306174369  -0.1134769156 -0.213095101563 0.0771779223586  0.229069764575 0.186617527058 0.0
 -0.180668908692 -0.252536984362 0.219900413434  -0.105354128045 -0.22461068657 0.0936731454825  0.227117695279 0.153019065492 0.0
 -0.186466862371 -0.24280178926 0.215180073074  -0.103529082766 -0.235901157322 0.111105750094  0.224830328934 0.115185513373 0.0
 -0.191085695314 -0.232681432295 0.210114953747  -0.10539723867 -0.24694424244 0.128169386887  0.219323423362 0.0925277215294 0.0
 -0.1953029483 -0.222189048824 0.204677472592  -0.105816922373 -0.257985795581 0.141101437689  0.211184184474 0.0949205189967 0.0
 -0.199413928893 -0.211311882301 0.198844457903  -0.103451905944 -0.267923193408 0.150921366677  0.20173685356 0.0958082139325 0.0
 -0.203420498918 -0.199992068164 0.19261481947  -0.0998423160082 -0.276866851452 0.157293660082  0.197743539556 0.0978729621595 0.0
 -0.207198148317 -0.18818837001 0.186036462747  -0.0950577552796 -0.284916143691 0.168283372489  0.197067328837 0.0870730077157 0.0
 -0.210407574923 -0.175906807142 0.179083535829  -0.0897642671899 -0.292160506707 0.186864493607  0.191153699401 0.0760872259314 0.0
 -0.213454958957 -0.163121016716 0.171743252774  -0.084451581557 -0.298680433421 0.205689361951  0.19007546474 0.083921541313 0.0
 -0.216420051105 -0.149822004297 0.164055651562  -0.0762143224688 -0.304548367463 0.226875882506  0.190166061502 0.0795800200931 0.0
 -0.218654252699 -0.136052862052 0.156023812969  -0.0664420399751 -0.309829508102 0.250066628936  0.187329826705 0.0857992332736 0.0
 -0.219588180716 -0.121890623626 0.147540516915  -0.0505707377878 -0.314582534676 0.279426578815  0.165148568172 0.0939281707058 0.0
 -0.220053220496 -0.107384054373 0.138538339599  -0.0327210145301 -0.318860258593 0.301889337263  0.141471907641 0.117699910597 0.0
 -0.219553099921 -0.0925268943037 0.128992683099  -0.0127067298626 -0.322710210119 0.321984558751  0.115123125365 0.113778020803 0.0
 -0.217581913981 -0.0773254346246 0.118869340627  0.00174057504904 -0.326175166491 0.336109061647  0.0858389295396 0.0950584465711 0.0
 -0.214115520433 -0.0617720804302 0.108190870381  0.01106788891 -0.329293627227 0.346719254917  0.0597484052859 0.0604893107747 0.0
 -0.208541880774 -0.0458518734918 0.0969598937268  0.012660496618 -0.332100241889 0.355945065884  0.0344101695318 0.0167188607099 0.0
 -0.201103969087 -0.0295846631785 0.0851903100448  0.00734672342358 -0.334626195085 0.364046193896  0.0110752533744 -0.0176112532092 0.0
 -0.192493420286 -0.0129822666757 0.0729073799319  -0.00248229889135 -0.336899552961 0.368143999728  -0.00966091917791 -0.0383817734579 0.0
 -0.182905184838 0.00396793728127 0.0601370164584  -0.0171430103078 -0.338741253509 0.370174789731  -0.0301802384007 -0.0646701783906 0.0
 -0.172495441054 0.0212585780695 0.0468956077659  -0.036536224362 -0.339209240787 0.369941061769  -0.0481171217224 -0.0807348061211 0.0
 -0.161511351833 0.0388711127315 0.0332052239299  -0.0599144176142 -0.33822536888 0.368396834331  -0.0666475846165 -0.0989904394331 0.0
 -0.150555565106 0.0567908457815 0.0190933303491  -0.082929558409 -0.336069172118 0.364541386953  -0.081202985306 -0.093901522072 0.0
 -0.139718427103 0.0750172179959 0.00459673068941  -0.104849987099 -0.333023019572 0.359373828694  -0.0940375939372 -0.096916433156 0.0
 -0.128761317435 0.0935537745012 -0.0102619427613  -0.127924505668 -0.329206695 0.354116720683  -0.105588741705 -0.104693144271 0.0
 -0.117560941969 0.11238309358 -0.0254700965559  -0.153409071009 -0.324453709109 0.346596317814  -0.11863729459 -0.121818766553 0.0
 -0.106266985203 0.1314523962 -0.041006099341  -0.180349568187 -0.318947293639 0.336877268086  -0.130911496166 -0.137231826606 0.0
 -0.0953301150243 0.150718749963 -0.0568488008866  -0.209752351357 -0.312695617343 0.325421958416  -0.142754033552 -0.151103580654 0.0
 -0.0848323945818 0.170113759146 -0.0730171390442  -0.235611455223 -0.305294590091 0.309049123932  -0.158186853008 -0.158524868159 0.0
 -0.0740601086841 0.189579681271 -0.0895070907918  -0.259872032137 -0.296825559878 0.286512441127  -0.173933154445 -0.176596431976 0.0
 -0.0629541029525 0.209052607108 -0.106297478453  -0.281980824535 -0.287599648538 0.259277122641  -0.188900581706 -0.192860839411 0.0
 -0.0514134105883 0.228441098239 -0.123389295116  -0.302262720139 -0.27735107531 0.227732191298  -0.206880550061 -0.218891211166 0.0
 -0.0388912691461 0.247591647493 -0.140805498017  -0.314098433863 -0.266042160121 0.189923806445  -0.224123529537 -0.232191963467 0.0
 -0.0254740418172 0.26638417921 -0.15845970168  -0.318552002435 -0.254092416792 0.149388580206  -0.231949903374 -0.23403605826 0.0
 -0.0115748998777 0.284791245095 -0.176279322176  -0.316471349641 -0.241630303415 0.107813909736  -0.234219104018 -0.220505870155 0.0
 0.00274275897302 0.302827921687 -0.194239777954  -0.306370566844 -0.228872193584 0.0657887839202  -0.237322392555 -0.228581865418 0.0
 0.0176943304153 0.320497982415 -0.212313141873  -0.293769165672 -0.215847686944 0.0218626945338  -0.234545060462 -0.213065451028 0.0
 0.0331339625144 0.337766547835 -0.230491921134  -0.277600696719 -0.202754157614 -0.0198130656229  -0.233636973514 -0.209227260356 0.0
 0.0490177251797 0.354604578535 -0.248778849531  -0.259264104831 -0.189861606832 -0.0580892368294  -0.233880703218 -0.207038711535 0.0
 0.0655323946083 0.370993901585 -0.267159270816  -0.241280096981 -0.177110751792 -0.0949630132273  -0.2303865321 -0.202537372027 0.0
 0.0827453294654 0.386914663702 -0.285642842315  -0.221803211803 -0.164722532636 -0.129604545373  -0.228568038042 -0.202283634825 0.0
 0.100917305655 0.402352561168 -0.304250032064  -0.199117679432 -0.152537533067 -0.162277478063  -0.227727149357 -0.196991980203 0.0
 0.120194811701 0.417290209472 -0.322998056599  -0.169649685488 -0.140300321408 -0.19075344893  -0.224848333625 -0.178305440411 0.0
 0.140695637663 0.431730561389 -0.341877134546  -0.134680877114 -0.128212043634 -0.214077861515  -0.22093113952 -0.161487554597 0.0
 0.16256599304 0.445662673192 -0.360863369854  -0.0989851426669 -0.11665805266 -0.234261425404  -0.209978609122 -0.175465381416 0.0
 0.186064672631 0.459105271534 -0.379944277348  -0.0606604078846 -0.105615707985 -0.254488071869  -0.203834859616 -0.155134033148 0.0
 0.210602003428 0.472031335696 -0.399157611373  -0.0216152118575 -0.0947371589065 -0.267841609064  -0.20254951689 -0.130506705782 0.0
 0.236562965157 0.48443367751 -0.418537892735  0.017858980749 -0.0840032269389 -0.276666583162  -0.202718968384 -0.112139579508 0.0
 0.263805920451 0.49625866971 -0.438126192836  0.0573901424656 -0.0734470320999 -0.27943525225  -0.203932482687 -0.0816851152281 0.0
 0.292362171035 0.507458350233 -0.457938774315  0.0952720826897 -0.0625162059611 -0.278370061706  -0.202106873675 -0.0618710340851 0.0
 0.322378499389 0.518036528296 -0.477990287328  0.133534781168 -0.0512118256247 -0.272884308567  -0.217705204875 -0.0718864623221 0.0
 0.354085436404 0.528025178858 -0.498251694627  0.169397430314 -0.0393781206708 -0.266694099214  -0.225908159189 -0.0568497148241 0.0
 0.387192452737 0.537376681821 -0.51880383603  0.203977709224 -0.0266145976768 -0.261122910796  -0.270956600564 0.00351880096212 0.0
 0.423199523633 0.546004910467 -0.539601392597  0.234386849986 -0.0129638577926 -0.25610884122  -0.265611603638 0.0236732499798 0.0
