 0.248156999003 0.305066751529 -0.26405911656  0.419976162098 0.16477076841 0.0669467455621  0.00312693498452 -0.0105882352941 0.0
 0.248142793901 0.305064001224 -0.264022162255  0.422955899881 0.164613548949 0.0674201183432  0.00343653250774 -0.00554621848739 0.0
 0.248078880194 0.305056438468 -0.263887388079  0.427663885578 0.164320446952 0.0669585798817  0.00201238390093 -0.00352941176471 0.0
 0.247872828936 0.305042618515 -0.263511870406  0.432735399285 0.163891013223 0.0661289940828  0.00939938080495 0.0058487394958 0.0
 0.247343071016 0.305009173116 -0.262709255841  0.43634624553 0.163184468963 0.0654415384615  0.0219300309598 0.0310957983193 0.0
 0.246346136903 0.304940859893 -0.261355602056  0.433040584029 0.16197023611 0.0652370295858  0.0378515789474 0.0781878991597 0.0
 0.244885608363 0.304832080701 -0.259417264719  0.422079791418 0.160240126225 0.067419835503  0.0517165758514 0.12141112605 0.0
 0.243072334616 0.304683816651 -0.256871259887  0.406970739571 0.158194524001 0.0724021123077  0.0635758780186 0.151068332773 0.0
 0.241025849113 0.304495797673 -0.253641807262  0.388843391478 0.155876208635 0.0786021377633  0.0745588474923 0.171037129748 0.0
 0.238822730597 0.304262583636 -0.249629667985  0.365973355072 0.153141194526 0.0841229890757  0.0890874828669 0.189009047025 0.0
 0.236513137169 0.303976476717 -0.244783419986  0.339907604785 0.150045189001 0.0892100984522  0.105878424983 0.206864444844 0.0
 0.234145843371 0.303630974613 -0.239133888137  0.312395986142 0.146430574366 0.0961553607963  0.120216279079 0.216211613805 0.0
 0.231794047206 0.303224591213 -0.232718814921  0.285251739137 0.142236911915 0.105601363178  0.132036756434 0.214540032256 0.0
 0.22948533788 0.302750877289 -0.225519948939  0.259630021719 0.137651250988 0.116055428044  0.148557538995 0.2163969534 0.0
 0.227223573485 0.302197471835 -0.217517688744  0.231445327056 0.132016533818 0.127653435535  0.165283828439 0.219748854699 0.0
 0.225068664982 0.301556036131 -0.208749083033  0.205840722837 0.125735260009 0.140162648195  0.182659470363 0.211000859985 0.0
 0.223064711282 0.300818887859 -0.199270755694  0.185895506334 0.119060187081 0.153669460298  0.197678353048 0.195564639533 0.0
 0.221218653321 0.299976914434 -0.189124917268  0.168540759038 0.112451818503 0.166003105985  0.209492561087 0.179151032723 0.0
 0.219504267484 0.299019293207 -0.178365119153  0.150060938199 0.105333563293 0.175742440356  0.220589744607 0.167740131131 0.0
 0.217868732576 0.297933994135 -0.167063057488  0.133309909934 0.0981017314311 0.184803699279  0.232279996152 0.16335267264 0.0
 0.216306280388 0.296711352948 -0.155288838059  0.120856153744 0.0907396056784 0.194615637044  0.245278002729 0.157723287729 0.0
 0.214890136788 0.295348383828 -0.143128529081  0.116441575318 0.0830047337992 0.205280700558  0.254654227224 0.137530790889 0.0
 0.213654798824 0.293844861817 -0.130669009348  0.115567382029 0.0752460218387 0.21440588494  0.258448866421 0.110954182388 0.0
 0.212532676292 0.292196550155 -0.117960873549  0.113707902468 0.0675444635359 0.220784231358  0.260780450367 0.0903965792752 0.0
 0.211392525583 0.290394204973 -0.105027318936  0.10917382259 0.0596781667654 0.224986281595  0.268296832575 0.0895417952973 0.0
 0.210137801158 0.288427857187 -0.0919113237371  0.106285045814 0.0515148083836 0.22947818598  0.278312350556 0.0938145065239 0.0
 0.208770532735 0.286294601585 -0.0786914466294  0.109287053748 0.0432609664459 0.234704331879  0.286242725407 0.0909372575522 0.0
 0.207321200187 0.283994378855 -0.0653980376183  0.121881590328 0.0345157957116 0.239762892774  0.292915666489 0.0757426914608 0.0
 0.205856843111 0.281527545834 -0.0520261399339  0.137865064191 0.0255277608778 0.242895479236  0.299230910986 0.0486222038273 0.0
 0.204391514885 0.278891584151 -0.0385782185808  0.154753170406 0.016354838239 0.243229599951  0.305224228556 0.0225330926883 0.0
 0.202857526061 0.276076724059 -0.0250523887426  0.173289772317 0.00695655927769 0.241814332264  0.310618214369 -0.00094710733684 0.0
 0.201270996836 0.27307424746 -0.011449312796  0.193667588887 -0.00245082353742 0.239475502588  0.31825917931 -0.0111549176116 0.0
 0.199718143394 0.269882241199 0.00222395108866  0.21462979305 -0.0120685391286 0.235477064755  0.323433261379 -0.0312663166067 0.0
 0.198340425423 0.266503285393 0.01597973183  0.23206550266 -0.0213982808529 0.230221665972  0.327780337718 -0.0611312815847 0.0
 0.197225838122 0.262934971547 0.0298544048373  0.241678976232 -0.0306766003854 0.223006599966  0.331383108899 -0.0922114307371 0.0
 0.196401603615 0.259169055354 0.043855840324  0.24341811079 -0.0397036931474 0.215270437011  0.33524479801 -0.115981884302 0.0
 0.195899833341 0.255199717079 0.0579234829963  0.236401687077 -0.048740511008 0.207006115204  0.337481928116 -0.134013947973 0.0
 0.195771764774 0.251024422716 0.0719694622113  0.224961756748 -0.0577551990633 0.197970592441  0.337792558834 -0.151083141411 0.0
 0.196055287023 0.246644154981 0.0859490492284  0.212877976783 -0.0665001036495 0.18794513083  0.337452931433 -0.169806760043 0.0
 0.196715568525 0.242056412805 0.099877724945  0.201287437746 -0.0752155723828 0.175845292303  0.339314449435 -0.182456336139 0.0
 0.197674064764 0.237256270564 0.11379979232  0.190736763101 -0.0841909128676 0.161227626978  0.343621394585 -0.18879893782 0.0
 0.198865418377 0.232237442909 0.127725839013  0.181002776898 -0.0932064210924 0.145586521085  0.347188047696 -0.191145934794 0.0
 0.200244156828 0.226992863933 0.141655205399  0.171884620782 -0.102263695264 0.129379348266  0.351481626827 -0.189056551399 0.0
 0.201811808197 0.221516762009 0.155579719238  0.164631796367 -0.111630885354 0.111597626457  0.357513030708 -0.191377787015 0.0
 0.203635105108 0.21580528485 0.169462304355  0.160011286576 -0.121324727109 0.0906828342259  0.362631696677 -0.202710596549 0.0
 0.20570342844 0.209850100968 0.18325399888  0.156210396297 -0.131559614515 0.0647589295015  0.36723849605 -0.212910125129 0.0
 0.20792750815 0.20363844319 0.196911717598  0.153385542603 -0.141776094738 0.0363978294508  0.371229816724 -0.219568692448 0.0
 0.210210494129 0.197159991591 0.21039172215  0.151200742812 -0.152228682631 0.00412727727495  0.374667206568 -0.224721066901 0.0
 0.212470496139 0.190404881215 0.223641786756  0.147089011797 -0.163098714224 -0.031425095423  0.374355284673 -0.234400220715 0.0
 0.214699528915 0.183366156683 0.236612235471  0.13587951467 -0.174263027928 -0.0673275562949  0.372062171066 -0.249834148223 0.0
 0.216846275047 0.176039219392 0.249270778074  0.120665818268 -0.185228959617 -0.102598350961  0.371236758913 -0.260363338443 0.0
 0.218794460334 0.168417662276 0.261591465745  0.100537257895 -0.196504850819 -0.140259225924  0.371113083022 -0.2639572567 0.0
 0.220435782612 0.160495841171 0.273519820727  0.0776539731071 -0.207823876392 -0.179301942385  0.36914418958 -0.268872455399 0.0
 0.221633474546 0.152270477212 0.284958396649  0.0497884566069 -0.218010999407 -0.220594233354  0.363347417681 -0.273296134229 0.0
 0.222198741153 0.143735804144 0.295830287422  0.0164854154754 -0.227179410121 -0.263911141379  0.358130322972 -0.271395092235 0.0
 0.22194719579 0.13488026765 0.306004612616  -0.0206386922223 -0.235430979763 -0.307334228425  0.348636176124 -0.260440456961 0.0
 0.220864669915 0.125692886974 0.315255961904  -0.0592947276485 -0.242857392441 -0.345941633985  0.331113115787 -0.263186327231 0.0
 0.219015360001 0.116167067971 0.323244929412  -0.100283014121 -0.249541163851 -0.375540369994  0.301874869224 -0.275741644088 0.0
 0.216281977712 0.106291617745 0.329625365574  -0.141344104842 -0.255556558121 -0.397090475007  0.262712150103 -0.265192689763 0.0
 0.212413604163 0.0960543204405 0.334120418604  -0.179371792093 -0.260970412963 -0.419029948216  0.219261368529 -0.219564177089 0.0
 0.207220711718 0.085450199291 0.336577266177  -0.211451299416 -0.265842882321 -0.444515119075  0.173034922079 -0.166733809801 0.0
 0.200616487025 0.0744814114326 0.336916655581  -0.235793654575 -0.270228104744 -0.469936979949  0.122143194577 -0.121707487644 0.0
 0.192603077717 0.0631547481728 0.335130365369  -0.252815004255 -0.274174804924 -0.491041506806  0.0723158720232 -0.0912678313166 0.0
 0.183275467026 0.0514770616333 0.331243773948  -0.266346376297 -0.277726835086 -0.507432030681  0.0234465139231 -0.071435165832 0.0
 0.172748683697 0.0394573485504 0.325293291454  -0.275902441885 -0.280923662232 -0.514136164891  -0.0247154749305 -0.0544261030303 0.0
 0.161023185635 0.0271061711755 0.317402870736  -0.281046405086 -0.284019790913 -0.515732015858  -0.0641912958585 -0.0281935767609 0.0
 0.148057324895 0.01443708244 0.307760898444  -0.282100286628 -0.286101626639 -0.515452305396  -0.0978619495544 0.0038190582261 0.0
 0.133787972795 0.00146742662096 0.296548461404  -0.276135788358 -0.286922469899 -0.511413583732  -0.128784732927 0.041033791059 0.0
 0.118209801234 -0.0117844526138 0.283973691729  -0.267072865065 -0.28712499817 -0.50440595317  -0.152590470161 0.0762077228774 0.0
 0.101369248145 -0.0252980465774 0.270231022835  -0.252241621467 -0.286386416767 -0.491116837143  -0.171693652247 0.109544933783 0.0
 0.083226463032 -0.0390566673061 0.255471351745  -0.232934026662 -0.285025435889 -0.472411070588  -0.188267321078 0.15131312948 0.0
 0.0637491664259 -0.053049853613 0.239848472702  -0.211623937464 -0.283236247532 -0.446759312642  -0.203338421787 0.197307866952 0.0
 0.0430884270424 -0.0672616463335 0.223480521187  -0.191252962073 -0.280940950357 -0.42367273049  -0.214890028525 0.225257752526 0.0
 0.0215320440014 -0.0816686913603 0.206387631968  -0.173157463243 -0.278246305053 -0.402894806554  -0.224357682019 0.234446262988 0.0
 -0.000649187598058 -0.0962427790549 0.188522252278  -0.15710989332 -0.275108021722 -0.384194675011  -0.240773307006 0.220867182907 0.0
 -0.023253855147 -0.110966042381 0.16993743693  -0.146123576217 -0.271458164551 -0.367364556622  -0.254928174448 0.201082985625 0.0
 -0.0461574730044 -0.125831024316 0.15075668268  -0.143268071992 -0.26739000328 -0.352217450072  -0.264571579913 0.185798216474 0.0
 -0.0692311268583 -0.140829688818 0.130999726086  -0.145823267176 -0.263001518127 -0.338585054177  -0.274798632448 0.169520915835 0.0
 -0.0923105450636 -0.15595353497 0.110636963915  -0.150745112092 -0.25840896619 -0.326315897872  -0.287563351247 0.14730832005 0.0
 -0.11535535839 -0.17120703133 0.0896883587428  -0.159584784434 -0.253245320477 -0.315273657197  -0.299825591974 0.136560681322 0.0
 -0.138320327422 -0.18659910476 0.0681677840326  -0.169447521724 -0.247896166738 -0.30533564059  -0.311635602436 0.126047470333 0.0
 -0.161138026929 -0.20213620869 0.0460689329754  -0.178443174796 -0.241967354691 -0.296391425643  -0.325050989561 0.114064572039 0.0
 -0.183884480962 -0.217831710668 0.0234474210418  -0.185466556959 -0.235853749012 -0.288341632192  -0.336660441688 0.109162316516 0.0
 -0.206709316233 -0.233700407306 0.000376896245925  -0.191787600905 -0.229596288988 -0.281096818085  -0.346954149841 0.106430958814 0.0
 -0.229733523792 -0.249756012199 -0.0231428103517  -0.194615992185 -0.222998798274 -0.274576485389  -0.35823087108 0.108174417554 0.0
 -0.252927657784 -0.266010411782 -0.0471067774738  -0.19287072193 -0.216252499401 -0.268708185962  -0.372095090474 0.0979788245385 0.0
 -0.27627381172 -0.282474667517 -0.0714302227756  -0.1912999787 -0.209069064222 -0.263426716478  -0.385037284213 0.0829204378829 0.0
 -0.299911709448 -0.299165975118 -0.0960435274878  -0.192627668553 -0.201287259572 -0.258673393943  -0.396066063531 0.0996199907333 0.0
 -0.323711595674 -0.316090176905 -0.120986701461  -0.186194460697 -0.192930425021 -0.254395403661  -0.413267506714 0.0936411849373 0.0
 -0.347531716025 -0.333254470532 -0.146186460794  -0.174802666594 -0.184072908502 -0.250545212407  -0.430761189479 0.0874199235864 0.0
 -0.371386565724 -0.350674416873 -0.171430648261  -0.166457084082 -0.174815313039 -0.247080040279  -0.438765565887 0.0910644858496 0.0
 -0.395084315418 -0.368345497861 -0.19661597849  -0.157515785686 -0.165391363363 -0.243961385364  -0.442409133137 0.0724958523907 0.0
 -0.418437407957 -0.386258796378 -0.22172850798  -0.143509141563 -0.155331999058 -0.24115459594  -0.451725495365 0.041498367992 0.0
 -0.441478967205 -0.404416469742 -0.246653641918  -0.131975867455 -0.144807446223 -0.238628485458  -0.455775856046 0.0186426488398 0.0
 -0.464272489706 -0.422820028956 -0.271276378143  -0.124337279517 -0.134254464873 -0.236354986025  -0.454622419048 0.00479519067854 0.0
 -0.486800314207 -0.441468414311 -0.295584503115  -0.114602002102 -0.123852769754 -0.234308836535  -0.449095161663 -0.00178516872545 0.0
 -0.508883117496 -0.460357573614 -0.319639157245  -0.098092934192 -0.113637767071 -0.232467301994  -0.446133013918 -0.0135898451302 0.0
 -0.530313399936 -0.479484889802 -0.343516937247  -0.0770369184843 -0.103666589819 -0.230809920907  -0.451207019028 -0.0359787597769 0.0
 -0.551031482744 -0.498851230105 -0.367213311195  -0.0527229763379 -0.0935358442541 -0.229318277929  -0.457786007527 -0.0594901274966 0.0
 -0.57111263457 -0.518459431942 -0.390640169526  -0.0269071745325 -0.0835029313804 -0.227975799248  -0.458443939282 -0.0764486777722 0.0
