 -0.493648405748 0.299111495199 -0.089839777506  0.588223920863 0.109416981396 0.0566021825397  0.132944444444 -0.014880952381 0.0
 -0.49374910627 0.299108866357 -0.0898068997796  0.58539118705 0.10902811582 0.0533283730159  0.130027777778 -0.00119047619048 0.0
 -0.494015405458 0.299103465747 -0.0897068840761  0.578974820144 0.108367603861 0.0471081349206  0.125180555556 0.0135119047619 0.0
 -0.49428397294 0.299099690343 -0.0894758764779  0.570412320144 0.107540942789 0.0392777777778  0.122345833333 0.0207916666667 0.0
 -0.494299766003 0.299100609821 -0.0890020793997  0.56063772482 0.106475224507 0.0304447420635  0.124655694444 0.0207958333333 0.0
 -0.493883115253 0.299106081847 -0.0881897309589  0.550176919964 0.105009713526 0.0206596924603  0.129790125 0.0142519642857 0.0
 -0.492998953698 0.299112553047 -0.0869548040627  0.53941327473 0.103234745811 0.00952179861111  0.136494445833 0.00717200595238 0.0
 -0.491719916709 0.299111834968 -0.0852277387979  0.527747576754 0.101139303122 -0.00367690902778  0.144750556806 0.00377623392857 0.0
 -0.490105449578 0.299092739434 -0.0829646888733  0.513201685985 0.0984057336995 -0.0206152697123  0.154681056681 0.00369622958333 0.0
 -0.488155587576 0.299045029041 -0.0801620079449  0.497367578537 0.0953188601477 -0.03878638163  0.165424062124 0.00362422567262 0.0
 -0.485888167391 0.298956460833 -0.0768560626859  0.481048536511 0.0918720489686 -0.0568268902924  0.1766205448 0.00474989834345 0.0
 -0.483442433025 0.298813775246 -0.0730983880552  0.464967513795 0.0879110575282 -0.0731129512631  0.187252934765 0.00933443231863 0.0
 -0.481067021695 0.298603100785 -0.0689103832488  0.448201427883 0.0835012918229 -0.0880680251844  0.195572085733 0.0200081319439 0.0
 -0.478978615311 0.298308400902 -0.0642998665892  0.428975259915 0.078676438903 -0.101974020285  0.204309321604 0.0385430330352 0.0
 -0.477197040089 0.297917043837 -0.0592837721019  0.408479262701 0.0734332459849 -0.112951717463  0.215089500554 0.0540339678269 0.0
 -0.475634956204 0.297422825722 -0.0538726264314  0.386930347222 0.0677799759395 -0.121789978256  0.222708328277 0.0626186662823 0.0
 -0.474224344542 0.296817478819 -0.0480748042357  0.362770136241 0.0618023979847 -0.130141238367  0.229287495449 0.0703448948922 0.0
 -0.472926908916 0.296093021376 -0.0419083772666  0.337743572257 0.0556952033673 -0.137359753419  0.23701430146 0.0778937387363 0.0
 -0.471746426671 0.295242595182 -0.0353913792077  0.313645923664 0.0492055823172 -0.141822686808  0.246885093536 0.0834972220055 0.0
 -0.470666643592 0.294260131535 -0.0285399238899  0.291283579499 0.0423829678539 -0.143656787174  0.254241028627 0.0849689283764 0.0
 -0.469713859468 0.293137201884 -0.0213716115184  0.269044160398 0.0352914328533 -0.143918588616  0.260028036875 0.0892696545864 0.0
 -0.468939375967 0.291861637712 -0.0139335037414  0.248039474574 0.0279270958346 -0.141624448008  0.267319677632 0.0984974510325 0.0
 -0.468178668504 0.290424474407 -0.00629989461314  0.231203602656 0.0202808682766 -0.136037896064  0.274159932091 0.101445324977 0.0
 -0.467063116626 0.288827075823 0.00146195444251  0.218749159657 0.0125935563825 -0.129373094553  0.277816161104 0.0868365067649 0.0
 -0.465396968414 0.287074459393 0.0093149870342  0.209788362396 0.00478254316977 -0.123325170019  0.279301211661 0.0647599989456 0.0
 -0.463141092043 0.285166247822 0.0172713250135  0.20176860889 -0.00350348845872 -0.119072514128  0.28077664605 0.0431054276224 0.0
 -0.460163848626 0.28309890063 0.0253521978381  0.191942917066 -0.0118589446205 -0.115989171445  0.283493425889 0.0200448848602 0.0
 -0.456217772281 0.280872830959 0.0335390220311  0.181750873561 -0.0203328347437 -0.11460305192  0.286494083301 -0.00666198457821 0.0
 -0.451177045169 0.278489767517 0.0418097542216  0.172353214262 -0.0288965298678 -0.115686893553  0.28794467497 -0.0354600718347 0.0
 -0.445096071269 0.275945721526 0.0502221995194  0.161422299311 -0.0375158711459 -0.118745684357  0.290222429696 -0.0572116836988 0.0
 -0.438124210755 0.273230054113 0.0588611073638  0.14771756938 -0.0460845805763 -0.121895421476  0.295605742282 -0.0684548010432 0.0
 -0.430394646758 0.270333176883 0.0677376047004  0.131606334025 -0.0548818855625 -0.124085343615  0.302672945831 -0.0690497971294 0.0
 -0.422011743914 0.267247428328 0.0768071146308  0.115892193428 -0.0637030829343 -0.125262622745  0.309311206804 -0.0630376745593 0.0
 -0.413002617525 0.263966217901 0.0860476458336  0.100850186315 -0.0729822081281 -0.124586062852  0.315007863901 -0.05465057377 0.0
 -0.403180443405 0.260485856801 0.0954593103943  0.0850641784752 -0.0824412680538 -0.12174501609  0.320273744178 -0.0548402782978 0.0
 -0.39225193862 0.256804281874 0.10504379265  0.0671697210593 -0.0920958403672 -0.116856724799  0.326124147538 -0.0627491076109 0.0
 -0.379954186942 0.252916556041 0.114763142126  0.0473776590254 -0.101971135335 -0.110721151525  0.330695066117 -0.0752241968498 0.0
 -0.366170056989 0.248815777818 0.124557758835  0.0268219974394 -0.111952760086 -0.104355881611  0.333281115061 -0.0864517771648 0.0
 -0.350944117563 0.2444957895 0.13441455392  0.0072877293501 -0.12204127202 -0.0991727736084  0.336858559111 -0.0929851708769 0.0
 -0.334363487671 0.239950382333 0.144381365595  -0.0102031838727 -0.132287529487 -0.0959464684698  0.343967147644 -0.099460463313 0.0
 -0.316422741741 0.235171308313 0.154517279416  -0.0263946460609 -0.142770876133 -0.0940844605117  0.352309321768 -0.109454893172 0.0
 -0.296907567025 0.230152569049 0.164832722606  -0.0422259548361 -0.153277366642 -0.09295428827  0.360233945147 -0.126187975284 0.0
 -0.275620016631 0.224890602868 0.175283587836  -0.0593068665468 -0.164008910996 -0.0924331649986  0.365421661744 -0.153747749184 0.0
 -0.252631663495 0.219378199776 0.185797209781  -0.0781868813309 -0.174931813434 -0.0930554238956  0.369673940014 -0.177361069503 0.0
 -0.228286610348 0.213597576861 0.196292220363  -0.0981914845648 -0.186270328832 -0.0946571235695  0.371556546012 -0.187303533982 0.0
 -0.202795672676 0.207537119246 0.20666661666  -0.118398864885 -0.197627601446 -0.09560262153  0.369362002522 -0.195061275822 0.0
 -0.176362767589 0.201195479291 0.216842632416  -0.138968600699 -0.209150028041 -0.0966023792183  0.367248024492 -0.200257529192 0.0
 -0.149331639676 0.194574053296 0.226779435505  -0.158605463651 -0.220600083287 -0.100131129392  0.365206555376 -0.196005585796 0.0
 -0.122080320818 0.187674956036 0.236472932691  -0.176503460451 -0.231971016348 -0.107176052167  0.36364701095 -0.185035979598 0.0
 -0.0948045992935 0.180502604341 0.245959321415  -0.192701585629 -0.242204856104 -0.117881562029  0.363771198744 -0.174568095924 0.0
 -0.0675324197533 0.173058968433 0.255274408175  -0.208089250807 -0.251415311884 -0.13198080662  0.368188523314 -0.171099381569 0.0
 -0.0401976535378 0.165337127831 0.264359084118  -0.224725919252 -0.259704722086 -0.149828856911  0.372164115427 -0.184048967222 0.0
 -0.0127714306364 0.157312987637 0.272987812581  -0.24343093524 -0.267165191268 -0.165098451378  0.365325481662 -0.207013118119 0.0
 0.0143620850151 0.148946451614 0.280792908885  -0.259905737399 -0.273879613531 -0.178841086399  0.340976266829 -0.215180853926 0.0
 0.0406386996968 0.140211156555 0.287327270895  -0.271720469415 -0.279922593569 -0.191209457918  0.305728640146 -0.205269911391 0.0
 0.065185827612 0.131099306833 0.292199114049  -0.281184663481 -0.285361275602 -0.202340992285  0.266366887243 -0.167778634537 0.0
 0.0870836800068 0.121607171321 0.295276104275  -0.287768984902 -0.290256089432 -0.212359373215  0.228441309629 -0.114393628226 0.0
 0.106029730913 0.111739932829 0.296585023077  -0.29009775188 -0.29466142188 -0.221375916052  0.188891623111 -0.0669423606418 0.0
 0.122295910207 0.101511788903 0.296139351884  -0.288011987483 -0.298626221082 -0.229490804606  0.148713571911 -0.0331647912443 0.0
 0.136452939795 0.0909380791343 0.293912729526  -0.282762497368 -0.302194540364 -0.236794204304  0.106858881387 -0.016455454977 0.0
 0.149057094888 0.0800371240407 0.289921781878  -0.275385078566 -0.305406027718 -0.243367264032  0.0653007710257 -0.0109408618603 0.0
 0.160458377627 0.0688291475275 0.284272599442  -0.26708173258 -0.308296366337 -0.249283017788  0.0281762494787 -0.00895391853138 0.0
 0.170972397789 0.0573414649024 0.277101560621  -0.258799368675 -0.310897671093 -0.254607196168  -0.00440248658031 -0.013713288583 0.0
 0.180878746606 0.045604489695 0.268520576567  -0.251435169217 -0.313238845375 -0.25939895671  -0.0335844601445 -0.0239491025818 0.0
 0.190257718401 0.0336426112723 0.25866056954  -0.245077173878 -0.315345902228 -0.263711541197  -0.0590149030189 -0.0325660970856 0.0
 0.19913239285 0.0214758037409 0.247671271747  -0.239759654332 -0.31704642181 -0.267592867236  -0.0810689682726 -0.0403213921389 0.0
 0.207571713792 0.00912340693283 0.235680136413  -0.235513455086 -0.318000585057 -0.271086060672  -0.0993898492231 -0.0490868719726 0.0
 0.215489364572 -0.00340026605763 0.222751299007  -0.232321372167 -0.318168326243 -0.274229934763  -0.115600864301 -0.0504281847754 0.0
 0.222611197939 -0.0160900474543 0.208925492925  -0.228414324879 -0.317639477952 -0.277059421446  -0.13032966676 -0.0337782234407 0.0
 0.228751595644 -0.0289447660542 0.19427962359  -0.222874601024 -0.316626376429 -0.27960595946  -0.143585588973 -0.00688849633472 0.0
 0.234206075287 -0.0419575657318 0.178889112318  -0.214561511425 -0.314942449096 -0.281897843672  -0.152877030075 0.00838368663208 0.0
 0.23961622883 -0.0551134151433 0.162734183769  -0.205640881865 -0.312903764404 -0.283960539464  -0.164989327068 0.0114143655879 0.0
 0.245318425764 -0.0684095463617 0.145820726517  -0.196443250513 -0.31032478816 -0.285816965676  -0.177557061028 0.0123562623625 0.0
 0.251350755836 -0.0818520752275 0.128212024035  -0.187041281577 -0.307239966359 -0.287487749267  -0.189562466036 0.01439444565 0.0
 0.257882037338 -0.0954419535696 0.109942440754  -0.178309725362 -0.30349565919 -0.288991454499  -0.202172886099 0.000752620132642 0.0
 0.2651427967 -0.109176262371 0.0910101070175  -0.171260677286 -0.299241743012 -0.290344789208  -0.215744486378 -0.0198583561663 0.0
 0.272849719302 -0.123064408549 0.0714707560308  -0.165276246248 -0.294529178726 -0.291562790446  -0.227958926629 -0.0276939491211 0.0
 0.280635344365 -0.137119468857 0.0513890863908  -0.159845294285 -0.289387045579 -0.29265899156  -0.239924145077 -0.0287936018281 0.0
 0.288350375153 -0.15134998554 0.0307881048592  -0.15491247349 -0.284202404526 -0.293645572563  -0.251248397236 -0.0303785273595 0.0
 0.295820757053 -0.165766440823 0.00968796786037  -0.149573654198 -0.278417189951 -0.294533495465  -0.261856890846 -0.0276382936712 0.0
 0.302858435316 -0.180383063373 -0.0118982436152  -0.143599652088 -0.272443956059 -0.295332626078  -0.272932312872 -0.0216006547803 0.0
 0.309205946401 -0.19521999132 -0.0339390016474  -0.137188877527 -0.265859484918 -0.296051843629  -0.284011303807 -0.00604773215939 0.0
 0.314804709131 -0.210296959715 -0.0564104448791  -0.130924576105 -0.259130551393 -0.296699139424  -0.294537951204 0.00914037438988 0.0
 0.319958074049 -0.225624033976 -0.0794019621317  -0.123623035761 -0.252252018565 -0.297281705641  -0.307623044973 0.0168572893318 0.0
 0.324927456834 -0.241211733541 -0.102995834334  -0.110891577508 -0.244673732361 -0.297806015235  -0.323427407142 0.0226120365891 0.0
 0.32989226003 -0.25707599209 -0.127124487473  -0.0945771499732 -0.23682376016 -0.298277893871  -0.34070688865 0.0218389281683 0.0
 0.335014275179 -0.273230666352 -0.151578339777  -0.0777358918104 -0.227811659707 -0.298702584642  -0.355563977563 0.0140002734467 0.0
 0.340456337091 -0.28968220456 -0.176183623055  -0.063972644356 -0.218145306997 -0.299084806337  -0.365879802029 -0.000792611040806 0.0
 0.346231624625 -0.306439036282 -0.200906032522  -0.0501019086974 -0.208452443663 -0.299428805862  -0.378080710715 -0.00755858803196 0.0
 0.35223351861 -0.323513531174 -0.225650620166  -0.0347405487629 -0.198349652787 -0.299738405434  -0.391005972977 -0.0100765387526 0.0
 0.35837507824 -0.340915044036 -0.2502255825  -0.0206005766204 -0.187838760805 -0.30001704505  -0.402222042346 -0.0105569801154 0.0
 0.364565469222 -0.358649814068 -0.27454481883  -0.00854906212385 -0.177226349265 -0.300267820703  -0.414677615889 -0.00146556781816 0.0
 0.370712911165 -0.376728804511 -0.298633690626  0.00391600595904 -0.166231620339 -0.300493518792  -0.427276520967 0.0204071794398 0.0
 0.376656085111 -0.39516889461 -0.322493746609  0.02151945932 -0.154892805767 -0.300696647071  -0.435559979981 0.0639021757816 0.0
 0.382328267333 -0.413988725984 -0.346062052105  0.0442420637477 -0.143619191717 -0.300879462523  -0.440792870872 0.116142910584 0.0
 0.388028873907 -0.43319734331 -0.369260143284  0.0713021199628 -0.131878310453 -0.301043996429  -0.446891361563 0.159588143335 0.0
 0.394200515312 -0.452795140612 -0.392042843621  0.0967353072471 -0.120150515776 -0.301192076945  -0.454880003184 0.188569805192 0.0
 0.401244504248 -0.472782999887 -0.414367918064  0.119130571486 -0.107805040363 -0.301325349409  -0.461375336199 0.203939015149 0.0
 0.409363170616 -0.493163968351 -0.436177833006  0.137847460381 -0.0952617443277 -0.301445294627  -0.465693358135 0.213009399349 0.0
 0.418756745526 -0.513930492131 -0.457456172143  0.152129710746 -0.0824900530395 -0.301553245323  -0.475968466766 0.206291792747 0.0
