 -0.217867492072 0.246599477593 0.286119452994  0.12985800497 0.0842979140417 -0.326210909091  0.0289389067524 0.0565384615385 0.0
 -0.217978256996 0.246578120696 0.286126446362  0.128970536031 0.0841691166177 -0.327229090909  0.0334405144695 0.0626923076923 0.0
 -0.21826625688 0.246515333433 0.286169401587  0.126929357472 0.0836276074479 -0.325745454545  0.0429581993569 0.0674615384615 0.0
 -0.218589753268 0.246424486914 0.286264941436  0.124240326589 0.0825046619068 -0.317210181818  0.0566688102894 0.0602153846154 0.0
 -0.218807010079 0.246287882428 0.286422069205  0.121110223642 0.0808612235755 -0.310037527273  0.0670790996785 0.0621553846154 0.0
 -0.218848252954 0.246085662849 0.286640364116  0.116979676961 0.0785309461011 -0.303436683636  0.081271511254 0.0577475384615 0.0
 -0.218749902767 0.245795009712 0.286903755082  0.112942696131 0.0756273125017 -0.298223197091  0.0924369646302 0.0622420153846 0.0
 -0.218545665576 0.245397855543 0.287190293464  0.108137954384 0.0723112563181 -0.2927310592  0.100556612219 0.0624408907692 0.0
 -0.218162331776 0.24490225861 0.287488011315  0.103387701722 0.0685904204805 -0.286624498735  0.111079729132 0.0595429555385 0.0
 -0.217508603217 0.244337347495 0.287776652779  0.100461427112 0.0645808814424 -0.278074048861  0.119585904129 0.0515501984462 0.0
 -0.216674182939 0.243672319738 0.288051253196  0.0971178048127 0.0599951158517 -0.26783318943  0.129492265484 0.0597413324477 0.0
 -0.215671809777 0.242928619121 0.288295335405  0.0931855770471 0.0550307435637 -0.254180052305  0.138086447296 0.0655748915106 0.0
 -0.214458764668 0.242122125054 0.288508864656  0.0868421702121 0.0496976258082 -0.242837683438  0.145499667518 0.0685174023596 0.0
 -0.213067020424 0.241280587706 0.288685667515  0.0799261463042 0.0439262392599 -0.231029551458  0.15763780366 0.0734733544313 0.0
 -0.211689846626 0.240409189634 0.28882276574  0.0717492931221 0.03771281175 -0.217493141767  0.166954409146 0.0810106343728 0.0
 -0.210433676036 0.239506311639 0.28892762664  0.0598462842927 0.0309951495026 -0.20465582759  0.179197874984 0.0885634170893 0.0
 -0.209299640871 0.238585841505 0.289005126339  0.0451932142589 0.0238208760475 -0.192084063013  0.191503167872 0.0961301523035 0.0
 -0.208256259054 0.237658486086 0.289050185427  0.0305145034116 0.0161852535134 -0.177787656711  0.203221018287 0.0952479063039 0.0
 -0.207361100326 0.23669909662 0.289065343304  0.0147832518635 0.00813441680833 -0.163539072858  0.214410170478 0.0959923464427 0.0
 -0.206548849949 0.23570223341 0.289025428751  -0.000581832286303 -0.000424509962803 -0.148242620118  0.216120278832 0.0835854194908 0.0
 -0.205827657162 0.234662720292 0.288894104365  -0.0123514800836 -0.00914952361723 -0.130257630834  0.216051659309 0.0885730313879 0.0
 -0.205144595449 0.233546617337 0.288654446669  -0.0200332649826 -0.0181976119947 -0.108762049568  0.21952687923 0.0815234205568 0.0
 -0.204611941134 0.232289781148 0.288326201384  -0.0302127570857 -0.0274524693029 -0.0902887537024  0.227799271693 0.0774864631165 0.0
 -0.204640573274 0.230815200554 0.287923382315  -0.0397292875539 -0.0372322118728 -0.0677718783322  0.243283010118 0.0884685860356 0.0
 -0.205328179097 0.229132871714 0.287449491948  -0.0487911475809 -0.0476719474264 -0.0384157814081  0.257861461518 0.0960448043551 0.0
 -0.206472990061 0.227251692583 0.286907457532  -0.0549588911828 -0.0586384780092 -0.00639529417636  0.280628370029 0.101324939304 0.0
 -0.207871871508 0.225131605153 0.28629122619  -0.0608293492423 -0.0702415208705 0.0288231443322  0.295009262929 0.0976155222969 0.0
 -0.209156000219 0.222779744249 0.285552113794  -0.0610719379248 -0.0824202247263 0.0577561026262  0.300235024739 0.0804308931441 0.0
 -0.210344817818 0.220130693776 0.284711369255  -0.0686385105505 -0.0948566286852 0.0893230378182  0.312012165352 0.0749647269066 0.0
 -0.21115906648 0.217177698581 0.283759330325  -0.0776848476388 -0.107608961057 0.118096915855  0.32325467872 0.0631221003698 0.0
 -0.211738669254 0.213855555388 0.28268999148  -0.0833771367479 -0.120906023792 0.143775224269  0.341411525961 0.0593868134097 0.0
 -0.212091152198 0.210124668371 0.281460212292  -0.0832818795871 -0.13474654279 0.160849338206  0.350035646677 0.0552558243765 0.0
 -0.212441424455 0.205944787252 0.280025512286  -0.0756349127857 -0.148891376121 0.176216040749  0.354903464646 0.0492302419388 0.0
 -0.212773879369 0.201318956478 0.278356915754  -0.0695336153303 -0.162912500304 0.190046073038  0.358319870593 0.0491918331296 0.0
 -0.212890521744 0.196308897285 0.276424734413  -0.0636874600451 -0.176699088717 0.202493102097  0.351748333694 0.0322341882781 0.0
 -0.212514130555 0.191021219908 0.274175428039  -0.0597393743174 -0.190100998409 0.213695428251  0.339403082318 0.0177415386811 0.0
 -0.211955738166 0.18548985136 0.27160303985  -0.0551921319514 -0.20312029798 0.22377752179  0.336974028106 0.0170058463514 0.0
 -0.211617154195 0.179716651446 0.268709784111  -0.0461297877658 -0.216044443458 0.232851405975  0.340254117257 0.0286514155625 0.0
 -0.211423870043 0.173793986315 0.265518823892  -0.0368022189999 -0.229120945494 0.241017901741  0.343206197492 0.0237478124677 0.0
 -0.211128552853 0.167773248118 0.262026058368  -0.0292948760491 -0.24202657459 0.24836774793  0.335573680637 0.0224114927594 0.0
 -0.210621467457 0.161750534965 0.258212167355  -0.0225382673935 -0.254674820113 0.254982609501  0.328382872059 0.0204395742527 0.0
 -0.209975986012 0.155778119865 0.254059784961  -0.0151083668167 -0.267099820252 0.260935984914  0.31773108003 0.0332802322121 0.0
 -0.209219682205 0.149984723101 0.249555234151  -0.00512007184607 -0.279209101841 0.266294022787  0.313932248554 0.0386829782216 0.0
 -0.208318528669 0.144454129102 0.244731095494  0.00514734889907 -0.291420629009 0.271116256872  0.306976322734 0.0350839111687 0.0
 -0.207101154148 0.139208075555 0.239559547954  0.0151690002356 -0.302411003459 0.275456267548  0.295249751554 0.0279985969749 0.0
 -0.205531565906 0.13425031027 0.233995397241  0.0251824516498 -0.312302340464 0.279362277157  0.281801946817 0.0308525834313 0.0
 -0.203719079369 0.129717316621 0.228070754392  0.0341235604074 -0.321204543769 0.27822314035  0.27805905117 0.0249596327804 0.0
 -0.201928747761 0.125635186056 0.221850778658  0.04273853841 -0.329216526743 0.282361553588  0.283050573706 0.0227329002716 0.0
 -0.200185275552 0.121938754855 0.215362095259  0.0513084900358 -0.33642731142 0.292267943684  0.287542943988 0.0191903794752 0.0
 -0.198422858686 0.118542565621 0.20860264989  0.0589859477415 -0.34291701763 0.303365512952  0.292550707467 0.0121559569123 0.0
 -0.196039162056 0.115397075425 0.201560671903  0.0603223547423 -0.348757753218 0.314589688929  0.3163502991 -0.0410981003174 0.0
 -0.193016708457 0.112428162295 0.194227190088  0.0516919652034 -0.354014415247 0.324691447309  0.334554497486 -0.0467190595164 0.0
 -0.189462955236 0.109406319406 0.186585192788  0.0437116220732 -0.358745411074 0.326146666215  0.321677825872 -0.0663933074109 0.0
 -0.18511174851 0.106164781752 0.178513376976  0.0366713082862 -0.363003307318 0.327456363229  0.285329978976 -0.0733308997467 0.0
 -0.180258362472 0.102573148256 0.169904244912  0.0274596265169 -0.366835413937 0.334380545088  0.23686128976 -0.069574732849 0.0
 -0.174950180759 0.098638923939 0.160747758971  0.0163647110785 -0.370284309895 0.333994126943  0.193882556283 -0.0685018749487 0.0
 -0.169132187957 0.0944130055809 0.151057427725  0.00424936173141 -0.373388316257 0.331900896067  0.153272435703 -0.0690747643769 0.0
 -0.163080954013 0.0898940017157 0.140846136792  -0.0079679067101 -0.376181921982 0.320126079188  0.127012716248 -0.0395903648623 0.0
 -0.157454655823 0.0850669756599 0.130150176451  -0.0164430365219 -0.378696167135 0.309528743996  0.100163534655 0.00156097931624 0.0
 -0.151224185436 0.0801143377513 0.118972625022  -0.0230056906262 -0.380958987773 0.299991142324  0.0628159914793 -0.00909511861539 0.0
 -0.143639171093 0.075180784571 0.107310548226  -0.0310775035302 -0.382995526347 0.291407300819  0.0304893762542 -0.0186856067538 0.0
 -0.135055226545 0.0703045668509 0.0951867996128  -0.0380226463259 -0.384828411063 0.283681843464  -0.0024630983487 -0.0127016614631 0.0
 -0.125588614903 0.0654732972804 0.0826185967577  -0.0437762922364 -0.386478007308 0.266765295481  -0.0308341518579 -0.0180853414706 0.0
 -0.115165080005 0.0606378786936 0.069610960437  -0.050268027585 -0.387962643929 0.26121312957  -0.0656928588586 -0.0375460380928 0.0
 -0.103795734401 0.055666800923 0.0561397896406  -0.0594474726079 -0.389298816887 0.258034362067  -0.102210389693 -0.0473683573604 0.0
 -0.091867843794 0.0503440191401 0.0422072193295  -0.0683834495217 -0.39071136835 0.24651892586  -0.136362341077 -0.0469776754705 0.0
 -0.0796688875199 0.0446001013963 0.0278574368644  -0.0762483349565 -0.390490294514 0.233027760547  -0.161632859381 -0.0320106771543 0.0
 -0.0674100729786 0.0385659343819 0.0131707220479  -0.0829717442723 -0.38910135186 0.214776620856  -0.180517804954 -0.0370019171311 0.0
 -0.0549933160725 0.032349737502 -0.00178932325303  -0.0912592343819 -0.386907722344 0.20278695877  -0.196871169153 -0.0568786484949 0.0
 -0.0422403610153 0.0259847367472 -0.0170191808853  -0.102942327628 -0.383533483779 0.191487171984  -0.214483087608 -0.0855369374916 0.0
 -0.0285035239048 0.0195041919687 -0.0325060458329  -0.11345711155 -0.37866270575 0.181317363877  -0.2296907274 -0.13979093605 0.0
 -0.0136141919186 0.012872680282 -0.0482315987325  -0.122920417079 -0.372722236659 0.181182718398  -0.246593037297 -0.184004150137 0.0
 0.00203644998548 0.00590363256608 -0.064208038685  -0.131437392056 -0.365550250988 0.181061537467  -0.267914440963 -0.192257581278 0.0
 0.0176672488368 -0.00168766467138 -0.0804345295913  -0.139102669534 -0.3574546967 0.18095247463  -0.288068334487 -0.141224130842 0.0
 0.0325271355863 -0.0101320413195 -0.0968737365303  -0.146001419265 -0.348581129592 0.180854318076  -0.30202677435 -0.101447871604 0.0
 0.0466838237787 -0.0194662072548 -0.113490886647  -0.152210294023 -0.33899615117 0.180765977177  -0.317161717494 -0.0810338536744 0.0
 0.0608803641211 -0.0295190883185 -0.130250254326  -0.164436548966 -0.328714903686 0.180686470369  -0.326281558606 -0.08035354523 0.0
 0.0753460641517 -0.040174981844 -0.147136313392  -0.169653880935 -0.318031009565 0.180614914241  -0.331273981524 -0.0766643445532 0.0
 0.0904717047459 -0.0514099708683 -0.164142739579  -0.167995202107 -0.3068783356 0.180550513726  -0.341876486908 -0.0925748331748 0.0
 0.106144613468 -0.0633980175976 -0.181254364734  -0.16550842595 -0.295219761455 0.180492553262  -0.344666330179 -0.0807404267804 0.0
 0.122345707965 -0.0762787129208 -0.198459849382  -0.158797483958 -0.283293473396 0.180440388845  -0.344283298447 -0.0831663841024 0.0
 0.139162024008 -0.0900941890406 -0.215745905619  -0.147858807625 -0.270947046398 0.18039344087  -0.344903200114 -0.0899651303075 0.0
 0.156376048278 -0.104830550145 -0.233114383209  -0.131446728779 -0.258468889427 0.180351187692  -0.34610419843 -0.0906993865075 0.0
 0.173847707423 -0.120449886511 -0.250555022543  -0.10943411128 -0.245886175201 0.180313159832  -0.344934293057 -0.0859756017029 0.0
 0.191547062329 -0.136895197626 -0.268054392662  -0.0812450487494 -0.232915365325 0.180278934758  -0.34195211777 -0.072493426148 0.0
 0.209610198037 -0.154135214431 -0.285614194565  -0.0490946297815 -0.219589669475 0.180248132191  -0.345055941363 -0.0757440835332 0.0
 0.228025242034 -0.172247921988 -0.303217604343  -0.0192007862566 -0.20649056533 0.180220409881  -0.340453884204 -0.0571312136414 0.0
 0.246574506425 -0.191310009446 -0.320895029208  0.00972710209569 -0.193822189184 0.180195459802  -0.337598206395 -0.0411488615081 0.0
 0.265361008515 -0.211363820636 -0.338642269784  0.0368271643391 -0.181538668291 0.180173004731  -0.341458964533 -0.0236878215111 0.0
 0.284666615122 -0.232360753549 -0.356469061117  0.0629921582353 -0.169531518528 0.180152795167  -0.341396669366 -0.0172036547446 0.0
 0.305030068746 -0.254202188702 -0.374370803595  0.0874281216805 -0.157708704068 0.180134606559  -0.33458819214 -0.0329063661932 0.0
 0.326543186324 -0.276871687993 -0.39234094531  0.112828369505 -0.146102190374 0.180118236812  -0.32974673627 -0.0324234218816 0.0
 0.349115991072 -0.300382601437 -0.410384725352  0.136221073911 -0.134525150673 0.18010350404  -0.329891033704 -0.028142618155 0.0
 0.372524657782 -0.324778810695 -0.428519563173  0.158161976814 -0.123008236894 0.180090244545  -0.328734727762 -0.0250591255702 0.0
 0.396832866927 -0.35004671717 -0.446758484831  0.180713191274 -0.111609835156 0.180078311  -0.323835531513 -0.0238224437824 0.0
 0.422005600588 -0.376155612836 -0.465102559267  0.202393735831 -0.100486090896 0.180067570809  -0.318140081255 -0.0188632763273 0.0
 0.447985927296 -0.403078476112 -0.483558205709  0.22353916878 -0.089323944077 0.180057904637  -0.317515783741 -0.0151692563869 0.0
 0.47475242714 -0.430801041617 -0.502157435387  0.24391901122 -0.0781216350676 0.178958295992  -0.314060025302 0.00661690002106 0.0
 0.502084447335 -0.459363231771 -0.520881512224  0.259527465086 -0.0672219733108 0.184223193665  -0.305805148174 0.0246859792497 0.0
 0.529725880525 -0.488766960835 -0.539741095306  0.269705708992 -0.0564882962093 0.192816147026  -0.307378974193 0.0455635351709 0.0
