 0.428993369808 -0.359295679097 0.256865172765  0.0699524127567 0.10760772244 0.124695051784  0.0742040816327 -0.00253521126761 0.0
 0.428799377183 -0.359304294886 0.256870269278  0.0697965714922 0.107092893117 0.126075949367  0.0737959183673 0.00732394366197 0.0
 0.428772729614 -0.359317895849 0.256851387937  0.0696340513163 0.106512031337 0.128929804373  0.0775102040816 0.0105633802817 0.0
 0.428902966084 -0.359334432228 0.256860966567  0.0692818500584 0.105410072748 0.125744533947  0.0853428571429 0.0191126760563 0.0
 0.429221720663 -0.359341681993 0.256895982166  0.0688758167752 0.103811147174 0.120231070196  0.091167755102 0.0127225352113 0.0
 0.429631442105 -0.35933986403 0.256955852495  0.0683601113152 0.101585880246 0.108306927503  0.0964101632653 0.0111967605634 0.0
 0.429752774172 -0.35933286678 0.257019156676  0.0677902269717 0.0990878965865 0.0945832543153  0.101128330612 0.0182742676056 0.0
 0.429348127711 -0.359319614646 0.257071009235  0.0670964438804 0.0963612557806 0.0806209012658  0.104558354694 0.0218271225352 0.0
 0.428597264844 -0.359283642889 0.257099208011  0.0663189807135 0.0933840557762 0.0662135867434  0.108053539633 0.0236162412676 0.0
 0.427357588313 -0.359223683041 0.257106460843  0.065460639719 0.0901309887548 0.0519811808884  0.112015532608 0.0280433495352 0.0
 0.425708899499 -0.359137699465 0.257092160155  0.0644821997244 0.0865457018547 0.0373883562403  0.115173163021 0.0278023948634 0.0
 0.423656400723 -0.359024148831 0.257042330997  0.0634847227809 0.0827229727436 0.0254630994425  0.119239520188 0.0332193384756 0.0
 0.421425716992 -0.358871769894 0.25696027899  0.0623949748307 0.0786221919774 0.0116808861611  0.122082915108 0.033869235614 0.0
 0.418837399399 -0.358670498212 0.256843328265  0.0612472288921 0.0741984170997 -0.00279445216735  0.127090950128 0.037271044447 0.0
 0.415850349199 -0.358408898181 0.256679546403  0.0601029423585 0.0696490286634 -0.0154770322671  0.127108385727 0.0332904188755 0.0
 0.412538129903 -0.358081439611 0.256471576502  0.0589701179284 0.0650929114714 -0.0272365787527  0.127940404297 0.0311163065654 0.0
 0.408847266892 -0.357679771621 0.256230535556  0.0578782210685 0.0604384048794 -0.0373598713952  0.133179016929 0.0432441125286 0.0
 0.404727919459 -0.357177926024 0.255972344012  0.05673967263 0.055600216322 -0.046183147777  0.139934584624 0.0471168843743 0.0
 0.399921770539 -0.356575120489 0.255713445641  0.0555563548911 0.0504372288253 -0.0546994705137  0.148463575141 0.0562361818524 0.0
 0.394070779334 -0.355879342216 0.255435428809  0.0544885860464 0.0449343565303 -0.058509155223  0.150425380892 0.0686689016953 0.0
 0.387355806697 -0.355095429266 0.255134663139  0.0534802851309 0.0393690126512 -0.0579102535096  0.155864475456 0.0812668002582 0.0
 0.380108983013 -0.354218453215 0.254826698367  0.0523418352898 0.0334984236413 -0.0534586988146  0.16280047689 0.0841542047394 0.0
 0.372657108858 -0.353235742045 0.254524341229  0.0510556397388 0.0271292751775 -0.0460575930298  0.170267367977 0.0797106152514 0.0
 0.365070344079 -0.352136015378 0.254228751281  0.0496698676055 0.0202694534236 -0.0392239856256  0.178620223016 0.0926127931629 0.0
 0.357303488735 -0.350908270951 0.253902531836  0.0485005933178 0.0130967330393 -0.0292762706073  0.182056159898 0.0661965842691 0.0
 0.349373181044 -0.349559091685 0.253524280399  0.0474816410156 0.00582427294185 -0.0149723489551  0.186781156153 0.0705910103492 0.0
 0.341507817754 -0.348066786737 0.253114976145  0.0464059597993 -0.0016330844027 -0.0014659080757  0.191849979313 0.0576445853707 0.0
 0.333603936671 -0.346413561373 0.252696619996  0.0451595587323 -0.00937716264402 0.00959667812888  0.202942532402 0.058668859228 0.0
 0.325521832365 -0.344585623294 0.252272473326  0.0438930880263 -0.0175667547176 0.0208188284978  0.212925830182 0.0609991564038 0.0
 0.317316454024 -0.34257476856 0.251824434707  0.0425222853738 -0.0261880870802 0.0335079467988  0.219869981858 0.0616879731577 0.0
 0.309229135166 -0.340391725332 0.251333888091  0.0410770641276 -0.0352063796593 0.0495311452144  0.223670738774 0.053857204011 0.0
 0.301639215636 -0.33801443731 0.250785555022  0.0395370373497 -0.0445399666514 0.0653329213719  0.231581215917 0.0439926103704 0.0
 0.294593951817 -0.335405069584 0.250179572194  0.0379979548648 -0.0542916219168 0.0788640711219  0.237884318815 0.0393398282066 0.0
 0.287554343997 -0.332558901747 0.249508928348  0.0365821689514 -0.0642544574868 0.093458676668  0.240699968566 0.0351523242592 0.0
 0.280332564386 -0.329481975092 0.248740898318  0.0353190931483 -0.0741303547711 0.108492555837  0.247723849261 0.0426511763403 0.0
 0.27280338719 -0.326155520657 0.247862053937  0.0341405817296 -0.0841462504636 0.126338352037  0.253229015355 0.0550339460302 0.0
 0.265102992463 -0.322517520856 0.246885841802  0.0328016334804 -0.0950352068386 0.144528452391  0.281857134228 0.0225164669202 0.0
 0.257016420977 -0.318563549545 0.245831045368  0.0308702484482 -0.106827433217 0.16089954271  0.274561216723 0.00592679205915 0.0
 0.248996112148 -0.314254214672 0.244636935939  0.0286589123661 -0.11879186393 0.175633523997  0.272892850153 -0.0146377181327 0.0
 0.240990820837 -0.309564109005 0.243265500719  0.0265685262221 -0.130877702719 0.188894107156  0.273840299832 -0.0232866223758 0.0
 0.232738605099 -0.304478153047 0.241684901049  0.0247094417304 -0.142991667198 0.200828631998  0.273468514746 -0.0127607770396 0.0
 0.223452154774 -0.298982605506 0.239866856022  0.0238126891308 -0.155399551401 0.215942546704  0.27313390817 0.0107969908052 0.0
 0.212825422087 -0.293042647306 0.237776186349  0.0237013317221 -0.167792164812 0.229545069939  0.269159292863 0.0263651790486 0.0
 0.20124201348 -0.286611920579 0.235388890192  0.0238627007484 -0.179927609774 0.241787340851  0.265582139087 0.0150244357917 0.0
 0.189159097967 -0.27964300207 0.232699970446  0.0238938348034 -0.191957512479 0.252805384671  0.267668823137 -0.00222448666074 0.0
 0.17587467396 -0.272121398975 0.229706735975  0.0240860453565 -0.204356892737 0.26272162411  0.268730512252 0.00760359580815 0.0
 0.161315080557 -0.264037470473 0.226382626063  0.0244148761189 -0.216870559926 0.271646239605  0.266420726333 0.00658971510057 0.0
 0.145767175583 -0.255379488688 0.222682742047  0.0246718634889 -0.229271640475 0.27967839355  0.264341919006 -0.00981573528272 0.0
 0.129943839973 -0.246101404232 0.218621565096  0.0244829372836 -0.240432612969 0.2869073321  0.258797523024 -0.0597919082333 0.0
 0.113980065742 -0.236174609659 0.214189055431  0.0239149518983 -0.250477488214 0.293413376796  0.262378995211 -0.0822352526213 0.0
 0.0975941479609 -0.225603099443 0.20941115349  0.0232813183437 -0.259517875934 0.299268817022  0.274173748751 -0.081307502007 0.0
 0.0815999495387 -0.214419214891 0.204234907077  0.0225524240003 -0.267654224883 0.304538713226  0.270503312652 -0.108641540539 0.0
 0.0651099877696 -0.202687198059 0.198547236645  0.0218630245346 -0.274976938936 0.302664818888  0.25087338955 -0.0923971047947 0.0
 0.0471992683199 -0.190443474415 0.19226303576  0.0214123206785 -0.281567381584 0.296778083835  0.22259421386 -0.0608757041744 0.0
 0.0284581786041 -0.177688865156 0.185315341469  0.0210595619229 -0.287498779967 0.288430540123  0.181632751658 -0.0592670069964 0.0
 0.00926036379913 -0.164438832254 0.177660042108  0.0206752899294 -0.292837038512 0.282241110967  0.140685803023 -0.0662698837615 0.0
 -0.0104645869151 -0.150681596944 0.169338559403  0.0202543073827 -0.297641471203 0.277936447511  0.112404977822 -0.0542626136952 0.0
 -0.0309048466591 -0.136402952668 0.16041337458  0.0199394293243 -0.301965460624 0.278262480551  0.084095092285 -0.0406391692271 0.0
 -0.0511726075794 -0.121583465176 0.150888015087  0.0195586382815 -0.305857051104 0.277232550102  0.0549427259137 -0.0593639846988 0.0
 -0.071169797806 -0.10622487287 0.140777722569  0.0190294734014 -0.309359482535 0.279009870466  0.0291137594447 -0.0705825158064 0.0
 -0.0914995310271 -0.0903469740347 0.130078354267  0.0184446927001 -0.312900590801 0.279861472602  0.00301054676557 -0.0778622923947 0.0
 -0.112700535126 -0.0739653901386 0.118811091568  0.0178321207975 -0.314965596074 0.28350478449  -0.0176252017885 -0.0632873307609 0.0
 -0.1350536388 -0.0570979909511 0.107017904455  0.0174394302294 -0.315869987782 0.283158909033  -0.0370137020178 -0.0642543723327 0.0
 -0.157773654026 -0.0397573381652 0.0947158713885  0.0169774764089 -0.31554516024 0.279395377163  -0.0597694746732 -0.0806176674938 0.0
 -0.180850744747 -0.021998266282 0.0819191807226  0.0165116261354 -0.313904186466 0.271750430932  -0.0826986496549 -0.0784432246881 0.0
 -0.204495744831 -0.00386585258732 0.0686761550769  0.0162398535146 -0.311081479067 0.258540865399  -0.103743070404 -0.0905707332052 0.0
 -0.228410691041 0.0146124186337 0.0550232210691  0.0160258698329 -0.307461020025 0.241934189676  -0.118601416425 -0.0874009838283 0.0
 -0.251828764594 0.033412771989 0.0409746338442  0.0156579630967 -0.302968695302 0.222039965185  -0.134422907435 -0.100041167136 0.0
 -0.274683921656 0.0524741080087 0.0265516604655  0.015287886718 -0.297649721687 0.197403287423  -0.151111228937 -0.104375078591 0.0
 -0.296957847918 0.0717416957102 0.0118006207691  0.0151162250012 -0.291508420475 0.166081830948  -0.164906228492 -0.139261514394 0.0
 -0.318453919054 0.0912067000805 -0.00323693719855  0.0148225854699 -0.284702570034 0.129261910224  -0.177321728092 -0.152349447462 0.0
 -0.339567707494 0.110794671031 -0.018600881398  0.0148143348262 -0.277066392493 0.0873782968769  -0.195434453242 -0.135959573138 0.0
 -0.360200053071 0.130394092896 -0.0343197364944  0.0155360237347 -0.268433899858 0.0411675097669  -0.21663386506 -0.116983334134 0.0
 -0.379652621625 0.14992528781 -0.0503724034201  0.0167894286524 -0.258974673275 -0.00853497193474  -0.241019458146 -0.112580775369 0.0
 -0.397493237369 0.169367533674 -0.0666609336154  0.0183265763977 -0.24897284109 -0.0579277348103  -0.248272614372 -0.102984669663 0.0
 -0.413931722255 0.188721505267 -0.0831369546533  0.020077349492 -0.238530229617 -0.105488240961  -0.25357596518 -0.0957566252316 0.0
 -0.42920665652 0.207925135652 -0.0998194356231  0.0222652788162 -0.227578997366 -0.147889934702  -0.26243061356 -0.0751668782014 0.0
 -0.442713239207 0.226920197856 -0.116732265219  0.0248383001081 -0.215750308597 -0.1833472013  -0.275297756286 -0.0749459650291 0.0
 -0.453695992792 0.24564748824 -0.133856700244  0.027504662116 -0.203411707508 -0.216984863219  -0.276674103106 -0.0648879882445 0.0
 -0.462070845117 0.264044907189 -0.151156578886  0.0302550307683 -0.191238136086 -0.246223085758  -0.275463835653 -0.0685118654764 0.0
 -0.46754179758 0.282107261872 -0.168645356884  0.032855592143 -0.179101171946 -0.275069131612  -0.280088880659 -0.0703649042809 0.0
 -0.470519626406 0.299801390999 -0.186352734652  0.0358973830706 -0.166644608193 -0.295909744343  -0.279761625246 -0.0480889772331 0.0
 -0.470921463238 0.317097781646 -0.204268964048  0.0388938027198 -0.154412436125 -0.30971807946  -0.27375280966 -0.0449420513408 0.0
 -0.468220064405 0.333991639692 -0.222377715474  0.0415822317649 -0.142603257426 -0.323584016048  -0.267936712368 -0.0463351701503 0.0
 -0.462530428087 0.350460255415 -0.240687748311  0.0440992186958 -0.131169176787 -0.334624923994  -0.259436918682 -0.0433636249663 0.0
 -0.45363171617 0.366498666231 -0.259220791303  0.0465259139576 -0.120111856198 -0.342720544368  -0.253011594161 -0.049139938526 0.0
 -0.441506838952 0.382110577617 -0.277987511725  0.0488908268753 -0.109499943102 -0.347647569333  -0.243147169438 -0.0430710150959 0.0
 -0.426145461149 0.397290753411 -0.297008385826  0.0512168329617 -0.0991210176226 -0.348514573044  -0.23671816678 -0.0404258854173 0.0
 -0.407597160403 0.412039784164 -0.31629358501  0.053646966886 -0.0889629729392 -0.343886360849  -0.232156554184 -0.0267776630728 0.0
 -0.386075160154 0.426371765059 -0.33584224559  0.0562014275414 -0.0789477612637 -0.331205434776  -0.224785796725 -0.0173111643711 0.0
 -0.36200182413 0.440292203652 -0.355643187835  0.0585004421313 -0.0689939476443 -0.319792601309  -0.220601094603 -0.000340611314307 0.0
 -0.335263349593 0.453811238417 -0.375686938068  0.0605695552622 -0.0593528069369 -0.30952105119  -0.217651189225 0.00366528080304 0.0
 -0.305630073652 0.466941943364 -0.395990025113  0.06243175708 -0.0499706879668 -0.300276656083  -0.220302396833 0.00867903441288 0.0
 -0.27317172349 0.479675403701 -0.416566074992  0.064107738716 -0.0405167081461 -0.291956700486  -0.225953789802 0.027275919704 0.0
 -0.237648498186 0.49198940178 -0.437424763428  0.0655743789925 -0.030645507393 -0.284468740449  -0.232264533271 0.0102102995646 0.0
 -0.199469907544 0.503891139173 -0.458534257338  0.0667134680594 -0.0200098878233 -0.277729576415  -0.237127875862 0.0300625090447 0.0
 -0.15975166473 0.515394878267 -0.479844921268  0.0673434792988 -0.00933542394301 -0.271664328785  -0.230076312766 0.054971751098 0.0
 -0.119017290057 0.526513268553 -0.501347674248  0.0675737609676 0.00111378716981 -0.266205605918  -0.230668681489 0.0759816182417 0.0
 -0.0771946715447 0.537243340157 -0.52307206735  0.0675556012119 0.0116792411333 -0.261292755338  -0.24426303783 0.117425709939 0.0
 -0.0338827960534 0.547570680178 -0.545005971185  0.0673138441741 0.0233090226719 -0.256871189816  -0.236089795272 0.122331026269 0.0
