 0.180708799813 0.306047483278 0.186896039312  0.377687717553 0.118458671897 0.47912464986  0.0487788778878 0.000816326530612 0.0
 0.18058863559 0.306044683924 0.186890789415  0.37694181999 0.11834939759 0.476113445378  0.0474587458746 0.00625850340136 0.0
 0.180175926571 0.306036201189 0.186895073948  0.375027349577 0.118127766881 0.471512605042  0.0507260726073 0.0118367346939 0.0
 0.179532415132 0.306020952551 0.186949638985  0.372160616609 0.117600476324 0.467651960784  0.0602673267327 0.0148163265306 0.0
 0.178756764554 0.305997154166 0.187102863645  0.36903356539 0.116554326142 0.464247408964  0.0719897689769 0.0168176870748 0.0
 0.177733338885 0.305960934195 0.187349136532  0.364478791646 0.115077627066 0.458312163866  0.0800647194719 0.0220202721088 0.0
 0.176423118423 0.305911413826 0.187694981718  0.358788247141 0.11309855587 0.452340191176  0.091787620462 0.0260223265306 0.0
 0.174923601647 0.305847479609 0.188180413014  0.352622500497 0.110493631636 0.448155891947  0.104318429373 0.0282636312925 0.0
 0.173190484647 0.30576628671 0.188833587145  0.345183721358 0.107325439669 0.44207909827  0.116916289406 0.0330018940136 0.0
 0.170974490455 0.305661258051 0.189684114255  0.335157144349 0.103549438151 0.434369087603  0.130069544954 0.0461098678776 0.0
 0.168174149884 0.305526936724 0.190729186232  0.32260264324 0.0994645699874 0.425749405733  0.139927276927 0.0585873164639 0.0
 0.164965474037 0.305361202116 0.191949730089  0.308220548981 0.0950400799262 0.417781608017  0.148304186198 0.064374843321 0.0
 0.16165286347 0.305162918082 0.193343069163  0.293088697962 0.0902931187254 0.410050365983  0.15765858606 0.0600598079684 0.0
 0.158414301031 0.304927876809 0.194919181944  0.278077689926 0.0849253086741 0.401761715939  0.168552793461 0.0534551877158 0.0
 0.155338308315 0.304647493389 0.196683932402  0.262330090003 0.0790379613315 0.391290726418  0.180502794643 0.0461504852708 0.0
 0.152321156995 0.304313693192 0.198615573748  0.247112993484 0.0727867009226 0.380396247614  0.190432713198 0.0409367972879 0.0
 0.14912101574 0.303915692505 0.200703089209  0.232870615071 0.066196711133 0.370661244701  0.202174920426 0.0369247502122 0.0
 0.145530049336 0.303441602698 0.202947694476  0.221892355155 0.0590132686551 0.363510386338  0.214393071948 0.0285520030821 0.0
 0.141362640889 0.302880897836 0.20532002582  0.216934845149 0.0513209359056 0.359735678236  0.223904259803 0.0203362585562 0.0
 0.13658360838 0.302223191139 0.207816667251  0.219385070231 0.0431902152486 0.360049925538  0.234114493888 0.00273800685026 0.0
 0.131939460228 0.301460155631 0.210506552576  0.220396836704 0.0345640768843 0.354590451192  0.24775915011 -0.0246650455354 0.0
 0.128050939376 0.300577459091 0.213410367238  0.22001453742 0.0253127406445 0.342464039126  0.264164753251 -0.0554502416622 0.0
 0.125116452399 0.299559342488 0.216526770084  0.218377578954 0.0156136044338 0.324477439135  0.279094812579 -0.0811161018497 0.0
 0.123055712516 0.298388111067 0.219868563919  0.212627836971 0.00546101395397 0.301356726034  0.295832196008 -0.102854831801 0.0
 0.121842247013 0.297043677417 0.223443638452  0.20267932478 -0.00526499778045 0.274385619257  0.313701121622 -0.119698600321 0.0
 0.121255048388 0.295503747711 0.227221642868  0.18596832915 -0.016487475307 0.24619005453  0.325657742133 -0.121252549813 0.0
 0.120969203994 0.293744980387 0.23115894148  0.164016448994 -0.0278849872327 0.221234214343  0.336913750098 -0.109045662179 0.0
 0.120827112096 0.291751820791 0.235160855101  0.140530269038 -0.0396109463408 0.20024454641  0.341928645715 -0.0946581027635 0.0
 0.120570815083 0.289511315462 0.239095762956  0.120735322691 -0.0512234297397 0.181844041349  0.342151622728 -0.0783079387457 0.0
 0.120574224603 0.287015954751 0.242915043039  0.107345529855 -0.0627085678529 0.163672942536  0.344992566065 -0.0853614986126 0.0
 0.121948241408 0.284271804194 0.246608925885  0.0989247511112 -0.0743116533484 0.139335760327  0.348044464574 -0.111437593649 0.0
 0.125036256689 0.28127586021 0.250180074496  0.0897548021065 -0.0860208914879 0.110359467208  0.349636057721 -0.1362666234 0.0
 0.130254138007 0.278024714405 0.253650147953  0.07618111205 -0.0976603545946 0.081129542896  0.352223607064 -0.166095743373 0.0
 0.138156207532 0.274522877326 0.25703596102  0.0577489779708 -0.109279048751 0.0508310143767  0.357027648998 -0.204506577199 0.0
 0.148701922903 0.270770293341 0.26036774324  0.0357398683388 -0.121425422386 0.0141085571967  0.366961847795 -0.228191973901 0.0
 0.161522128133 0.266759411363 0.263659373833  0.0107601132304 -0.134410955238 -0.027064903565  0.374912527702 -0.25086937515 0.0
 0.176400852611 0.262485438855 0.266895952756  -0.0188325564715 -0.147652992244 -0.0655215784746  0.380087941598 -0.264476315186 0.0
 0.192244387096 0.25793057797 0.270029514646  -0.0510353276767 -0.161565782121 -0.0964211012994  0.38821116064 -0.237947051014 0.0
 0.207800521854 0.253072438441 0.273015338277  -0.0780287615923 -0.176037419095 -0.123320307696  0.400142519823 -0.200465271083 0.0
 0.222939887387 0.247907480929 0.275742209201  -0.10237257862 -0.190983999404 -0.145498781128  0.39602925794 -0.185779288192 0.0
 0.237686712465 0.242440059316 0.278164517435  -0.12562462956 -0.20587890291 -0.161607866601  0.395132602773 -0.171881631482 0.0
 0.252151888482 0.236686703126 0.280312637405  -0.147943817524 -0.220648843945 -0.176736295627  0.396305811143 -0.168897549967 0.0
 0.266533783103 0.230664102687 0.282224869228  -0.170666591416 -0.233941790875 -0.194063366344  0.400331995705 -0.168932965038 0.0
 0.28092763215 0.224377446847 0.283912564722  -0.193752592642 -0.245905443113 -0.213999466685  0.405110677323 -0.17032538282 0.0
 0.295539363333 0.217825124105 0.285323017007  -0.217364404487 -0.256672730127 -0.235163245506  0.407431292759 -0.17974182413 0.0
 0.309991512588 0.210993346949 0.286329279769  -0.244333583133 -0.26636328844 -0.259812887342  0.403744269093 -0.182094172329 0.0
 0.323417330686 0.203843712699 0.286756916945  -0.268456664402 -0.275084790921 -0.275975156031  0.387554660666 -0.167204482987 0.0
 0.335667977002 0.196351658664 0.286284269913  -0.289123180955 -0.282934143154 -0.28232792054  0.358462560936 -0.161967027886 0.0
 0.346351590269 0.188512094295 0.284567389295  -0.31015964456 -0.289998560164 -0.29049638899  0.308682311443 -0.145008420335 0.0
 0.354076062007 0.180318030683 0.281525305655  -0.329937812377 -0.296356535473 -0.297848010595  0.262889987889 -0.104575605513 0.0
 0.357952625489 0.171777143423 0.277225339992  -0.345202111696 -0.302078713251 -0.30446447004  0.218376566658 -0.0715874327165 0.0
 0.357854233444 0.162905124538 0.271679653315  -0.355061313754 -0.307228673251 -0.31041928354  0.170228678969 -0.0527824309414 0.0
 0.353864724618 0.15371027675 0.264882503602  -0.361547723403 -0.311863637251 -0.32446208908  0.123100200511 -0.035177657235 0.0
 0.346188045054 0.144204558803 0.256858330756  -0.365197525901 -0.316035104852 -0.331848513225  0.0791994213843 -0.0213741772258 0.0
 0.335198753497 0.134408285586 0.247680808576  -0.36649328798 -0.319789425692 -0.333314222127  0.0406788191798 -0.0109918615441 0.0
 0.321267337462 0.124345759027 0.237458044641  -0.366267131733 -0.323168314448 -0.33008153941  0.00799047521564 -0.00232804953932 0.0
 0.304745554994 0.1140458282 0.226310616431  -0.365367420052 -0.326158880033 -0.323530668382  -0.0187887703257 -0.000653067714636 0.0
 0.286210096475 0.103539222896 0.214361338657  -0.365104671085 -0.328079865103 -0.312172699583  -0.0440452068245 -0.0100299378139 0.0
 0.266458103213 0.0928564730768 0.20175476394  -0.368050693285 -0.32893735912 -0.301950527664  -0.061330455119 -0.0307140188625 0.0
 0.245705771536 0.0820168681051 0.1885620976  -0.374232695065 -0.329005825505 -0.292750572937  -0.0722667165377 -0.0323228890851 0.0
 0.223754748816 0.0710295890033 0.174774822201  -0.378951146096 -0.328254892717 -0.284470613682  -0.0860697478543 -0.0276484233058 0.0
 0.201105125281 0.0599046730917 0.16041433591  -0.383844196578 -0.326954228326 -0.277018650353  -0.101462773069 -0.0356863020637 0.0
 0.177956789463 0.0486454748948 0.14549095892  -0.390038096165 -0.324859001627 -0.270311883357  -0.116471611274 -0.0388387602927 0.0
 0.15433998662 0.0372515619879 0.130005190416  -0.396457956364 -0.321718044025 -0.264275793061  -0.133609928694 -0.0416759726988 0.0
 0.130183525806 0.0257176090113 0.113982827541  -0.401987198023 -0.317638730516 -0.258843311794  -0.149034414372 -0.0374267427758 0.0
 0.105711985517 0.0140398808938 0.0974527046008  -0.407062968524 -0.313009096747 -0.245690773331  -0.165556715509 -0.0404051569336 0.0
 0.0805478285374 0.00220614243236 0.0804386828062  -0.409542648797 -0.307805721396 -0.237144805242  -0.178941638018 -0.024038110628 0.0
 0.0545894476235 -0.00979504334331 0.0629904259052  -0.40844268526 -0.30227090437 -0.232114498387  -0.190988068276 -0.0120288573883 0.0
 0.0279445767819 -0.021969707539 0.0451378135468  -0.404518854327 -0.296266873613 -0.229688062554  -0.202489921514 0.00082028685389 0.0
 0.00041980963853 -0.0343267460467 0.0269108633278  -0.396611474116 -0.289991853386 -0.230095306719  -0.211356440914 0.0171464214338 0.0
 -0.0280205641481 -0.046869251951 0.00833893816006  -0.382881206863 -0.283299224506 -0.234593479128  -0.222306605403 0.0366018473176 0.0
 -0.0576537779055 -0.0596024661838 -0.0105417312169  -0.366247486973 -0.276477315504 -0.239132030375  -0.233481885457 0.0629552680281 0.0
 -0.0882607011599 -0.0725307863449 -0.0297194350784  -0.351277139071 -0.268667661847 -0.242656502408  -0.245189802522 0.0832719861232 0.0
 -0.119352212223 -0.0856595363324 -0.0491787530737  -0.33780382596 -0.260725552429 -0.24659883536  -0.257047059893 0.103597848735 0.0
 -0.150715773063 -0.0989982645329 -0.0688663343189  -0.325677844159 -0.25251292994 -0.248956458827  -0.266233443013 0.121891125086 0.0
 -0.1815484405 -0.112551123575 -0.0887413151279  -0.314764460539 -0.244093270457 -0.249957871768  -0.275161253827 0.126790447952 0.0
 -0.211525311811 -0.126327989614 -0.108795799874  -0.304942415281 -0.235271530971 -0.249528611202  -0.28517648158 0.141403920163 0.0
 -0.240662788911 -0.140344178604 -0.12902178749  -0.296102574548 -0.226202797599 -0.246201100222  -0.295675335072 0.157957405698 0.0
 -0.268500024042 -0.154610273226 -0.149381722131  -0.288146717889 -0.216855731625 -0.240055079835  -0.306774468231 0.163331733156 0.0
 -0.294815746804 -0.169139919568 -0.1698291362  -0.280986446896 -0.207263770118 -0.231092288939  -0.315773589065 0.171569988411 0.0
 -0.319411761829 -0.183946621405 -0.190345865733  -0.274542203002 -0.197462610254 -0.218614012426  -0.32535794633 0.181025234468 0.0
 -0.342141130705 -0.199040810209 -0.210898383846  -0.268742383497 -0.187206990865 -0.201571238634  -0.333158785361 0.193616588572 0.0
 -0.363140684483 -0.214434595491 -0.231392344046  -0.263522545943 -0.176668443642 -0.178109492922  -0.333578880422 0.219234521552 0.0
 -0.38223423665 -0.230128692416 -0.251770398757  -0.258824692144 -0.16604057378 -0.156993921781  -0.33527709799 0.239569572798 0.0
 -0.398766446612 -0.24611005016 -0.272025637824  -0.254596623726 -0.155231444953 -0.137989907754  -0.339115724825 0.23406159511 0.0
 -0.412096726279 -0.262366614127 -0.292141711933  -0.250791362149 -0.144393674512 -0.12088629513  -0.344385670494 0.218220061449 0.0
 -0.422125411301 -0.278891908316 -0.312115271136  -0.247366626729 -0.133221917036 -0.105493043768  -0.353254034138 0.198520504284 0.0
 -0.429056604004 -0.295684988574 -0.331930073435  -0.244284364852 -0.12153942833 -0.0916391175427  -0.355459983859 0.186233079706 0.0
 -0.432987549981 -0.312748488912 -0.351564058506  -0.241510329163 -0.109500952015 -0.0791705839397  -0.35860045412 0.181296846565 0.0
 -0.433620886056 -0.33008088238 -0.371093071454  -0.239013697042 -0.0971168697019 -0.067948903697  -0.371987933461 0.168690971433 0.0
 -0.430931363523 -0.347688468487 -0.390510506736  -0.236766728133 -0.0843909210338 -0.0578493914785  -0.376610922293 0.166189221228 0.0
 -0.425496746583 -0.365579511698 -0.409752084393  -0.234744456116 -0.0709986487679 -0.0487598304819  -0.384732008281 0.168699550806 0.0
 -0.417203893358 -0.383752417866 -0.428671468541  -0.2329244113 -0.0575250377437 -0.040579225585  -0.367453526925 0.142387418855 0.0
 -0.405995813553 -0.402192038653 -0.447226721267  -0.231286370965 -0.0448328029523 -0.0332166811778  -0.348932596675 0.114624867445 0.0
 -0.391922138477 -0.420869254189 -0.465524477864  -0.229812134664 -0.0322862276164 -0.0265903912113  -0.340184551529 0.0821555779798 0.0
 -0.375060101068 -0.439766489704 -0.483619303633  -0.228485321994 -0.0197782829159 -0.0206267302414  -0.334786558422 0.0563345780049 0.0
 -0.355689101231 -0.458871252039 -0.501434898578  -0.22729119059 -0.00747602201009 -0.0152594353685  -0.316892060996 0.0487419365309 0.0
 -0.334250863166 -0.478171189851 -0.518827120656  -0.226216472327 0.00412277100067 -0.0104288699829  -0.296166551266 0.052112640837 0.0
 -0.310707349756 -0.497646013735 -0.535741027641  -0.225249225889 0.0149763666941 -0.00608136113589  -0.272563097459 0.0415408325356 0.0
 -0.284974647756 -0.517276664033 -0.552138520125  -0.224378704096 0.0249015095147 -0.00216860317356  -0.247029559991 0.0313459329556 0.0
