 0.261013485622 0.289994068465 0.144231269598  -0.836659534858 0.0887192450286 0.247129400099  0.0967532467532 0.150952380952 0.0
 0.260916981651 0.289991625577 0.144249510966  -0.836809580705 0.0883569261881 0.24256817055  0.0954545454545 0.162063492063 0.0
 0.26085307663 0.289987518231 0.144331985851  -0.837072438801 0.0877359285474 0.235934556272  0.0988311688312 0.168095238095 0.0
 0.261049150534 0.289981041143 0.144535342418  -0.837386812637 0.0866068700146 0.230013882003  0.107227272727 0.173523809524 0.0
 0.262086118481 0.289972863962 0.144879521234  -0.837728100253 0.0849643832154 0.225726425384  0.11316038961 0.170473015873 0.0
 0.265048420244 0.289970503869 0.145367831949  -0.838029701853 0.083070461465 0.22241307883  0.118175519481 0.151060634921 0.0
 0.270301952594 0.28997605625 0.146007399907  -0.83816499058 0.0807620671554 0.221116738721  0.1238255 0.132002190476 0.0
 0.276959379985 0.289978239731 0.146834285369  -0.838192277124 0.0780413261179 0.221189497174  0.130533859091 0.129135304762 0.0
 0.283876071355 0.28996382896 0.147886804195  -0.838330758711 0.0749101516007 0.218825629261  0.138844109545 0.140840821905 0.0
 0.290393883864 0.289922046201 0.149164380304  -0.838641560136 0.0712101711558 0.215805733663  0.148596062227 0.156931342889 0.0
 0.296359143367 0.289851175551 0.150653349584  -0.839029647864 0.0670628648592 0.214029820683  0.156561131329 0.1682382086 0.0
 0.301672052375 0.289748987946 0.15233504252  -0.839537308546 0.0625972254916 0.212282763256  0.161132290924 0.179208038534 0.0
 0.306511388167 0.289614448516 0.15420571244  -0.83999420316 0.0577861042232 0.209570104183  0.165571009883 0.181144377537 0.0
 0.311215220505 0.289446324025 0.156286176392  -0.840405408313 0.0526640492441 0.204798517662  0.175085337466 0.178918828673 0.0
 0.315594210526 0.289233225667 0.158577561475  -0.840775492951 0.0471694677103 0.199363782405  0.183323556966 0.188820596599 0.0
 0.319414694669 0.288962585071 0.161066760325  -0.841108569125 0.0406205919425 0.193728841944  0.188952240231 0.201700441701 0.0
 0.322664139607 0.288623689937 0.163739175812  -0.841408337681 0.0339148972017 0.18821118829  0.19271935387 0.214085953086 0.0
 0.325628165123 0.288216024291 0.166552460724  -0.841678129382 0.0272787158739 0.182799092763  0.191077288613 0.214121802222 0.0
 0.328634013725 0.287744764478 0.169489573948  -0.841920941913 0.0205927496904 0.178176099699  0.198203325985 0.20224930454 0.0
 0.331419989879 0.28720335158 0.172551268452  -0.84213947319 0.0137215434776 0.174511191761  0.201694681699 0.197119612181 0.0
 0.333057678329 0.286576724289 0.175775426288  -0.84233615134 0.00656284829177 0.172253924841  0.212304434308 0.202820349376 0.0
 0.333392897256 0.285851656084 0.179212158741  -0.842513161675 -0.000719770657167 0.171065220508  0.226073990877 0.206363711263 0.0
 0.332811467525 0.285020093771 0.182857174863  -0.842672470976 -0.00877395919082 0.170243279518  0.235382176205 0.19606067347 0.0
 0.332130034308 0.284078303841 0.186687847721  -0.842815849348 -0.0169776777533 0.168759853896  0.245058244299 0.174089526758 0.0
 0.33166819562 0.283016230526 0.190704567273  -0.842944889882 -0.0253918075175 0.166086149121  0.256364108181 0.151934542336 0.0
 0.331510007853 0.281820857454 0.194918227545  -0.843061026362 -0.0344475037459 0.161200885721  0.270110814246 0.127233151595 0.0
 0.331684578219 0.28047731481 0.199324002446  -0.843165549195 -0.0442519388561 0.153978169484  0.285242589964 0.11214475707 0.0
 0.332171097924 0.278967784527 0.203882298814  -0.843259619744 -0.054547675203 0.145940788828  0.29886118811 0.0961842496172 0.0
 0.333624289012 0.277278454981 0.20855860153  -0.843344283239 -0.0657490137382 0.135137488329  0.312578965403 0.0667404278301 0.0
 0.336309674365 0.275390660858 0.213326999267  -0.843420480384 -0.0780181748293 0.119465088033  0.326223666266 0.0465901945709 0.0
 0.339871039803 0.273280333418 0.218173641658  -0.843489057814 -0.0908804400337 0.102930577247  0.337529871068 0.0316295878122 0.0
 0.344765873143 0.270937261998 0.2230665828  -0.843550777502 -0.1039141801 0.086264688585  0.343160000844 0.005466629031 0.0
 0.350666295904 0.268354478446 0.227974511834  -0.843606325221 -0.116826997569 0.068935195433  0.348227117643 -0.00220701799908 0.0
 0.356470000993 0.265518601647 0.232882818758  -0.843656318167 -0.130069137718 0.0493227864499  0.355547263021 0.0043787631659 0.0
 0.361605789388 0.262420916622 0.237796302117  -0.84370131182 -0.143675076434 0.0293414250087  0.360999030226 0.00792501383344 0.0
 0.365288862935 0.259050796858 0.242730619069  -0.843741806107 -0.157189941558 0.0115069354577  0.37012639993 0.0182594965771 0.0
 0.366666392724 0.255389469801 0.247685987632  -0.843778250965 -0.171024480713 -0.00216433319958  0.380613759937 0.0323224358083 0.0
 0.366527825025 0.251423349665 0.252557088561  -0.843811051337 -0.185323672907 -0.0109483956654  0.382909526801 0.0338679700052 0.0
 0.366617315972 0.247151532172 0.257205936987  -0.843840571672 -0.199704012054 -0.0171188015129  0.379131561134 0.0162113317349 0.0
 0.367365766883 0.242575935448 0.261529243334  -0.843867139974 -0.213840003388 -0.0237628955807  0.373296327098 -0.000473293502127 0.0
 0.36808208379 0.237701161369 0.265459319108  -0.843891051445 -0.228000436259 -0.0334609738957  0.365122538544 -0.0115212022472 0.0
 0.367708952249 0.232534000638 0.268944376416  -0.84391257177 -0.241868295116 -0.0465521595999  0.355006388586 -0.0159087645621 0.0
 0.365010171809 0.227088968221 0.271974039326  -0.843931940062 -0.25530431697 -0.0643332351619  0.347362892584 -0.0111274119154 0.0
 0.358990767621 0.221378411569 0.274573942575  -0.843949371524 -0.267396736638 -0.0898057123398  0.343243486443 -0.00206228977151 0.0
 0.349457755815 0.215421173455 0.276763406622  -0.843965059841 -0.278279914339 -0.120514779182  0.341321735201 -0.00104653698483 0.0
 0.337096520944 0.209234784172 0.278578747235  -0.843979179326 -0.28807477427 -0.154598155007  0.342189561681 -0.0239418832863 0.0
 0.323268421076 0.202824017135 0.280043611521  -0.843991886862 -0.296890148208 -0.179819549224  0.341671904214 -0.0707381711482 0.0
 0.308690116403 0.196168788033 0.281084270135  -0.844003323645 -0.304823984752 -0.202518804019  0.332926791715 -0.0938072111762 0.0
 0.293613751437 0.189244434507 0.281554741706  -0.844013616749 -0.311964437642 -0.222948133334  0.319861385271 -0.119331251963 0.0
 0.27883309009 0.182047606664 0.281207995083  -0.844022880543 -0.318390845243 -0.241334529718  0.292355766224 -0.136747333116 0.0
 0.264103021075 0.174571576771 0.279791258149  -0.844031217958 -0.324174612084 -0.257882286464  0.256399410381 -0.123056726789 0.0
 0.24890128852 0.166810806776 0.277245031654  -0.844038721631 -0.32938000224 -0.272775267535  0.221928300512 -0.0972431176019 0.0
 0.234032730383 0.158780153567 0.273601803621  -0.844045474937 -0.334064853381 -0.286178950499  0.185871834097 -0.102582297905 0.0
 0.220571977918 0.150485421 0.268863318444  -0.844051552912 -0.338281219408 -0.298242265166  0.145953481856 -0.127228830019 0.0
 0.208918118702 0.141913196909 0.262934297667  -0.84405702309 -0.342075948832 -0.309099248367  0.102072419385 -0.152585312097 0.0
 0.198530443573 0.133045128265 0.255700202555  -0.84406194625 -0.345491205314 -0.318870533248  0.0572223203034 -0.1587394793 0.0
 0.187205836489 0.123861145328 0.247156039556  -0.844066377093 -0.348564936148 -0.32766468964  0.0163702181432 -0.136500452005 0.0
 0.173227871672 0.11435747444 0.237378329851  -0.844070364853 -0.351331293898 -0.335579430394  -0.0216953750997 -0.114104375058 0.0
 0.155446000803 0.104543822075 0.226485457772  -0.844073953837 -0.353821015873 -0.342702697072  -0.0525453181092 -0.0868050486636 0.0
 0.132711326687 0.0944355756364 0.214653392886  -0.844077183922 -0.35645778857 -0.349113637082  -0.076089487597 -0.0638229564956 0.0
 0.105751801183 0.0840668531206 0.202026781901  -0.844080090999 -0.357937725924 -0.354883483091  -0.0927337855906 -0.0574247878302 0.0
 0.0753685836232 0.0734705419683 0.188666552846  -0.844082707368 -0.358311911988 -0.3600763445  -0.107551316122 -0.0492854836504 0.0
 0.043070309857 0.062670088983 0.174629619808  -0.8440850621 -0.357601044349 -0.364749919767  -0.121374106588 -0.0602140781425 0.0
 0.0113981494036 0.0516898841041 0.159905971852  -0.844087181359 -0.356031592649 -0.368956137508  -0.138684747877 -0.0898910830266 0.0
 -0.0191922965988 0.0405282490113 0.144492346438  -0.844089088692 -0.353737162741 -0.372741733474  -0.154913675687 -0.101521022343 0.0
 -0.0483823195919 0.0291748742229 0.128404922726  -0.844090805291 -0.35061049736 -0.376148769844  -0.173253476949 -0.127860983601 0.0
 -0.0748266780394 0.017625933033 0.111625976287  -0.844092350231 -0.346580343029 -0.379215102577  -0.193330726657 -0.165059012225 0.0
 -0.0998290216451 0.00584950848197 0.0941718346638  -0.844093740677 -0.341711770584 -0.381974802037  -0.211400251394 -0.158854698304 0.0
 -0.124450108742 -0.00618297791615 0.0760548814298  -0.844094992078 -0.336066152452 -0.384458531551  -0.232532953527 -0.158032720537 0.0
 -0.148975142851 -0.0184929232437 0.0573127067463  -0.844096118339 -0.329311126916 -0.386693888113  -0.25382511272 -0.141419924674 0.0
 -0.174914619969 -0.0311027954734 0.0380571648538  -0.844097131974 -0.321361027593 -0.388705709019  -0.271202341708 -0.112182694111 0.0
 -0.203393698865 -0.0440071775772 0.0184590760192  -0.844098044246 -0.311964617003 -0.390516347835  -0.272880808836 -0.0842818850175 0.0
 -0.233964995854 -0.0571815375289 -0.0013530100471  -0.84409886529 -0.302404038912 -0.392145922769  -0.275852468212 -0.0718695695316 0.0
 -0.265063939342 -0.0705985482516 -0.0213676465886  -0.84409960423 -0.292765926898 -0.393612540209  -0.279500987624 -0.0821270570229 0.0
 -0.295181478207 -0.0842425956077 -0.041595805745  -0.844100269276 -0.282819297134 -0.394932495906  -0.287005434317 -0.104057208463 0.0
 -0.323724387387 -0.0981163454706 -0.0620636355916  -0.844100867817 -0.272496697832 -0.396120456032  -0.295545150625 -0.119826090792 0.0
 -0.350004727362 -0.112230266699 -0.0828004425104  -0.844101406504 -0.261453746395 -0.397189620147  -0.309075051147 -0.145129195998 0.0
 -0.374133919947 -0.126613411803 -0.103803106009  -0.844101891323 -0.250082666779 -0.391756230765  -0.320602610967 -0.144886117668 0.0
 -0.395772205135 -0.141299613439 -0.125071265316  -0.844102327659 -0.237534348421 -0.392022352854  -0.341042349871 -0.170064172568 0.0
 -0.413300236747 -0.156305749821 -0.146505458239  -0.844102720362 -0.224415224331 -0.400541485938  -0.350509543455 -0.218914898168 0.0
 -0.427574297452 -0.171654588251 -0.167948225301  -0.844103073795 -0.211290744927 -0.415348021528  -0.348640407291 -0.231928170256 0.0
 -0.440001044381 -0.187351578437 -0.189357740386  -0.844103391884 -0.198189532472 -0.431896511393  -0.351828314614 -0.23808455958 0.0
 -0.451402920075 -0.203389730392 -0.210692649755  -0.844103678165 -0.185053086808 -0.449864024359  -0.351288340296 -0.228545944892 0.0
 -0.463057728436 -0.219766970747 -0.231938441478  -0.844103935817 -0.171590020572 -0.463357542597  -0.355347817954 -0.192977064688 0.0
 -0.47435030145 -0.236470925478 -0.253120677885  -0.844104167704 -0.158029602944 -0.471634579612  -0.35916368551 -0.170488882029 0.0
 -0.484752799252 -0.25349646499 -0.274218817156  -0.844104376403 -0.144086658378 -0.471498389871  -0.358864200075 -0.131201898588 0.0
 -0.494017481297 -0.270845748029 -0.295241400548  -0.844104564231 -0.129973577306 -0.471375819104  -0.364763494354 -0.08473250238 0.0
 -0.50137458683 -0.288520750009 -0.316193672435  -0.844104733277 -0.115639965222 -0.471265505414  -0.365365066996 -0.0421163949992 0.0
 -0.505551337687 -0.306523239871 -0.337012615786  -0.844104885418 -0.101596584361 -0.471166223092  -0.358601287569 -0.0156666602611 0.0
 -0.505722358895 -0.324846013859 -0.357664682718  -0.844105022345 -0.0875279269358 -0.471076869003  -0.356897002968 -0.0156714228065 0.0
 -0.501920169282 -0.343479246532 -0.378128012798  -0.84410514558 -0.0736331277261 -0.470996450323  -0.348057952022 -0.0212312646528 0.0
 -0.495599616453 -0.362419781663 -0.398373499919  -0.844105256491 -0.0602234156725 -0.470924073511  -0.334745663313 -0.000838296917676 0.0
 -0.487558084295 -0.38165589223 -0.41840056002  -0.844177600607 -0.0474721672409 -0.47085893438  -0.326498369709 0.028626485155 0.0
 -0.477625012386 -0.40117064866 -0.438186783457  -0.844242710312 -0.0350158167116 -0.470800309162  -0.316640740531 0.0567320906078 0.0
 -0.464998011033 -0.42093956225 -0.457666162091  -0.844301309047 -0.022895091124 -0.470747546466  -0.303385757387 0.0669477704359 0.0
 -0.449343484975 -0.440942717612 -0.476729715544  -0.844354047908 -0.0113516779559 -0.47070006004  -0.281878350479 0.0777291838685 0.0
 -0.430901851582 -0.461163328741 -0.49527139394  -0.844401512883 -0.000782851020869 -0.470657322256  -0.255541164782 0.0898134083388 0.0
 -0.410245997088 -0.481586129332 -0.513243829302  -0.84444423136 0.008703815162 -0.47061885825  -0.227779256096 0.103863813537 0.0
 -0.38778952041 -0.50219688577 -0.530639619229  -0.84448267799 0.0171210417797 -0.470584240645  -0.20149483698 0.118890130596 0.0
 -0.362778796306 -0.522974594425 -0.547492657198  -0.844517279957 0.024578581462 -0.470553084801  -0.1781635351 0.121302704838 0.0
