 -0.282219989255 0.354253261376 0.269603825365  0.614087694484 0.134701896263 0.0177373737374  0.157506234414 -0.113714285714 0.0
 -0.282246456751 0.354251180907 0.269608295981  0.614936350778 0.13421388734 0.0128383838384  0.158503740648 -0.110857142857 0.0
 -0.282371064185 0.354230884428 0.269663229501  0.615983026874 0.133175125488 0.00544949494949  0.170623441397 -0.0959047619048 0.0
 -0.282620156671 0.354169450329 0.269796952075  0.615934936351 0.131417596207 -0.00443282828283  0.182528678304 -0.0776857142857 0.0
 -0.282965712425 0.354046637895 0.270019435826  0.614712965582 0.12930040435 -0.0160036868687  0.194490274314 -0.0593838095238 0.0
 -0.283334407501 0.353845550215 0.270322711164  0.611821584158 0.126625271891 -0.0295487727273  0.20575446384 -0.0448168571429 0.0
 -0.283639017733 0.353547057291 0.270705578173  0.608182094295 0.123358756972 -0.0432545015152  0.222874778055 -0.0345637428571 0.0
 -0.283827731199 0.353133518944 0.271163718238  0.604387930127 0.119487493656 -0.0570037988384  0.235290542145 -0.0281930828571 0.0
 -0.284012893946 0.352579052295 0.271685345839  0.597908590203 0.115289469332 -0.0737721058232  0.244220340798 -0.00722139361905 0.0
 -0.284279670219 0.351860864662 0.272243727677  0.587881050372 0.110677449337 -0.0925504507965  0.253504042379 0.0173674124095 0.0
 -0.284648407564 0.350966828477 0.272809864182  0.575838819922 0.105648215279 -0.110562072383  0.262607503478 0.0404497187876 0.0
 -0.285163188958 0.349886631219 0.273359838379  0.562313400919 0.100151464024 -0.126166471206  0.269054982556 0.0678904611946 0.0
 -0.285872026492 0.348610796762 0.273882191093  0.544954290907 0.0941474999978 -0.140513460449  0.273361454376 0.0983014150751 0.0
 -0.286789884905 0.347131435297 0.27436017077  0.522683284259 0.0875782882021 -0.152971205313  0.276987902454 0.12281413071 0.0
 -0.28780876899 0.345453062769 0.274771678186  0.495944423065 0.0803553450484 -0.164435700943  0.279254199491 0.135351765258 0.0
 -0.288860325455 0.343575749892 0.275098879229  0.468956298533 0.072945605301 -0.173895161152  0.282291373058 0.145683255399 0.0
 -0.289876649376 0.341501330776 0.275324640806  0.44230960786 0.0654235210676 -0.181651099582  0.280037298096 0.148314929859 0.0
 -0.290840273938 0.339225784528 0.275457377919  0.413518533919 0.05795370103 -0.18964154518  0.281998655568 0.156397722588 0.0
 -0.291795680182 0.336739837484 0.27550179071  0.384164794625 0.0501516661194 -0.195418804803  0.287504525672 0.167481759853 0.0
 -0.292726499711 0.334043768339 0.275456286121  0.356992068109 0.0422625731271 -0.198699146545  0.292958561883 0.176505012439 0.0
 -0.293714937286 0.331133417991 0.275334713077  0.32994349779 0.0342895506164 -0.199782767244  0.299862206942 0.192244987385 0.0
 -0.294701619012 0.328010823095 0.275138436382  0.302865225333 0.0260262676127 -0.198333783449  0.30682361717 0.196887155314 0.0
 -0.295535666767 0.324685627748 0.274851776395  0.277504681112 0.0175881974605 -0.195565051569  0.310096367673 0.191541296925 0.0
 -0.296105544531 0.321163869225 0.274486031392  0.252464255434 0.00897887576242 -0.192618647422  0.314288725918 0.181015738661 0.0
 -0.296417497818 0.317443013489 0.274046013067  0.226957575293 0.000466403690921 -0.189663853387  0.3213037436 0.181066545747 0.0
 -0.296417957012 0.31351915214 0.273521961265  0.202870021442 -0.00858076651643 -0.185337872089  0.325871623604 0.174445605458 0.0
 -0.29600341978 0.309391733813 0.272909644026  0.179069582239 -0.0177661644883 -0.180686913162  0.329483962491 0.166581997294 0.0
 -0.295176306036 0.30505333788 0.272212962739  0.155103218075 -0.0269504794394 -0.175339433967  0.334480703399 0.165219035659 0.0
 -0.293916863782 0.300495462166 0.271430518794  0.132166210742 -0.0364851860967 -0.168708520874  0.33822964054 0.164944751141 0.0
 -0.292160990523 0.29571071945 0.270545153105  0.108694049828 -0.0460703261596 -0.160518476867  0.336366776237 0.168507418884 0.0
 -0.289872994676 0.290693124539 0.269526487307  0.0862961205641 -0.0556088317478 -0.150521174635  0.331697679661 0.171713819853 0.0
 -0.286960653703 0.285448205842 0.268366514459  0.0654307706481 -0.0650886345741 -0.140008451111  0.331734894238 0.165075771201 0.0
 -0.283426170626 0.279974518406 0.267071392582  0.0432101829751 -0.0746634019031 -0.128274272666  0.334760906061 0.155292003605 0.0
 -0.279300542361 0.27427565688 0.265611322923  0.0203827997554 -0.0844184504468 -0.1160468454  0.333743668323 0.142677088958 0.0
 -0.274742214857 0.268358505631 0.263975758218  -0.00105764900844 -0.0941795892281 -0.104840140658  0.336818179296 0.134180808634 0.0
 -0.269919973997 0.262222189557 0.262176118927  -0.0199768723207 -0.104406331923 -0.0939460255819  0.344323393785 0.137010346818 0.0
 -0.26485860427 0.255862667501 0.260197380564  -0.0381828625992 -0.114748158295 -0.0813635442359  0.349083074357 0.137652169279 0.0
 -0.259601533162 0.249279651449 0.25800262045  -0.0526823509739 -0.125536560536 -0.0702918362769  0.351371774403 0.142991714256 0.0
 -0.2542816792 0.242467699712 0.255560671011  -0.0635159546318 -0.136342051164 -0.0590141678007  0.345950307686 0.15351159045 0.0
 -0.248869949828 0.235432040573 0.25287467209  -0.0725118367735 -0.147176864453 -0.0458844681924  0.347554778164 0.160122336166 0.0
 -0.243350287912 0.22817962332 0.249936036816  -0.0770249152367 -0.158144035788 -0.0360374355146  0.348998801594 0.165119626359 0.0
 -0.237726867306 0.220720178291 0.246757961051  -0.0791536354056 -0.168929158143 -0.0278821768116  0.350797175799 0.160093378009 0.0
 -0.231900818506 0.213070748254 0.243368870504  -0.08187099228 -0.180044022585 -0.0191283025648  0.359148879666 0.136522135446 0.0
 -0.225829282538 0.205246555569 0.239786126698  -0.0854953027644 -0.191500272864 -0.0160983005911  0.372401073993 0.104831826664 0.0
 -0.219604760559 0.197250909828 0.236021715299  -0.0899358714978 -0.203419933252 -0.0180177634613  0.379589894275 0.085834358283 0.0
 -0.213183289851 0.18908561952 0.232094315376  -0.0958654338058 -0.215444337027 -0.0187856840849  0.387306715321 0.0658794938832 0.0
 -0.20655957326 0.1807426697 0.227985387775  -0.102710762184 -0.226266300424 -0.0149818631511  0.384526168477 0.0545867825901 0.0
 -0.199650087642 0.172224814268 0.223672142002  -0.109861656734 -0.236006067481 -0.0079220606744  0.383270559111 0.0444233424264 0.0
 -0.192365331923 0.163520754783 0.219135586552  -0.117051822979 -0.244771857833 0.00227014539304  0.379397368536 0.0362286272314 0.0
 -0.184369781894 0.154596490746 0.214329030573  -0.123098644453 -0.25266106915 0.0114431308537  0.367183317468 0.011710526413 0.0
 -0.175231523402 0.145417003913 0.209116558319  -0.127786422629 -0.259761359334 0.0196988177684  0.341726831108 -0.0160700500378 0.0
 -0.164882465335 0.135966056613 0.203316132911  -0.13280693171 -0.266151620501 0.0271289359915  0.301858387399 -0.0353582831293 0.0
 -0.153922972669 0.126230977633 0.196809339281  -0.138456931608 -0.271902855551 0.0338160423924  0.256500478833 -0.0155748357687 0.0
 -0.143046802485 0.116203205072 0.189584783294  -0.141750323785 -0.277078967095 0.0398344381531  0.215927737683 0.0231826478081 0.0
 -0.13231975982 0.105897977425 0.181668128085  -0.142074112717 -0.281737467486 0.0452509943378  0.175671622269 0.0475881925511 0.0
 -0.121395365649 0.0953513315686 0.173071543718  -0.14123398103 -0.285930117837 0.050125894904  0.135949846576 0.0486008018674 0.0
 -0.10994084931 0.0846019125724 0.163822428185  -0.14142081395 -0.289703503153 0.0545133054136  0.098205235983 0.0323692931093 0.0
 -0.0978658094146 0.0736834843847 0.153964808948  -0.144512113036 -0.293099549938 0.0584619748723  0.065232592684 0.0149037923698 0.0
 -0.0853320541991 0.06261926511 0.143540770326  -0.14894444723 -0.296155992044 0.062015777385  0.036055966832 0.00870865122803 0.0
 -0.0725367918698 0.0514341338507 0.132577018465  -0.153923647014 -0.298906789939 0.0652141996465  0.00979700356529 0.00503778610523 0.0
 -0.0595935087998 0.0401458947294 0.121116139995  -0.159064992827 -0.301382508045 0.0680927796819  -0.0138360633748 0.0017340074947 0.0
 -0.0465684463737 0.0287718911862 0.10918124648  -0.16449371278 -0.304377525506 0.0706835017137  -0.0373502126483 -0.00504891706429 0.0
 -0.0335122376435 0.017322921848 0.0967857748082  -0.170275364605 -0.306604552654 0.0730151515423  -0.0592610766702 -0.00639164440548 0.0
 -0.0204738075329 0.00580254969264 0.0839442794827  -0.175903179394 -0.308070672961 0.0751136363881  -0.0797289839658 -0.00283819425065 0.0
 -0.00744428379975 -0.00578431013533 0.0706718323363  -0.181156802991 -0.308748798079 0.0770022727493  -0.100394489559 -0.00535437482558 0.0
 0.00560759258812 -0.0174347190709 0.0569935203467  -0.186875163239 -0.308731670642 0.0787020454744  -0.119741574269 -0.00761893734302 0.0
 0.0186374445334 -0.0291472901345 0.0429197129857  -0.193011786472 -0.307901978201 0.0802318409269  -0.139897092653 -0.00965704360872 0.0
 0.0315989153672 -0.0409192250265 0.0284628999059  -0.198911927957 -0.306463676644 0.0816086568342  -0.157288929522 -0.0114913392478 0.0
 0.0444433109787 -0.0527523551693 0.0136507013086  -0.205023564015 -0.30439396821 0.0828477911508  -0.172941582705 -0.0102850624659 0.0
 0.057090738515 -0.0646488218967 -0.00149775350438  -0.210288298609 -0.301792245678 0.0839630120357  -0.187028970569 -0.0101517943146 0.0
 0.0695868468759 -0.0766077810749 -0.0169646101088  -0.216535282043 -0.298477466174 0.0849667108322  -0.201952008674 -0.0147937577403 0.0
 0.0818988556468 -0.0886323317905 -0.032738155442  -0.222723337997 -0.294749602435 0.0858700397489  -0.215632119527 -0.0132572391091 0.0
 0.0940196572507 -0.100724609754 -0.048800798584  -0.228339735928 -0.290644385638 0.086683035774  -0.22894172553 -0.011874372341 0.0
 0.105998346666 -0.112884216505 -0.0651382565349  -0.233913117356 -0.286182819355 0.0874147321966  -0.242416630283 -0.0153916970117 0.0
 0.117892014679 -0.125110023834 -0.0817380373755  -0.239164898502 -0.281456310984 0.088073258977  -0.25479342112 -0.0214144320724 0.0
 0.129657936344 -0.137409363816 -0.0985641162822  -0.244504419967 -0.276312882897 0.0886659330793  -0.263688143846 -0.0239777507699 0.0
 0.141282954416 -0.149789185669 -0.115597642486  -0.249687169861 -0.270836056403 0.0891993397714  -0.272940277093 -0.024379975693 0.0
 0.152777480686 -0.162258548487 -0.132830710473  -0.253502988471 -0.264947626446 0.0896794057942  -0.281765950131 -0.0285515019332 0.0
 0.164267245732 -0.174820176946 -0.150255228233  -0.257502996083 -0.258719428219 0.0901114652148  -0.292202821452 -0.0389725422161 0.0
 0.175736869433 -0.187486028062 -0.167864845824  -0.260301494212 -0.251953982887 0.10014678334  -0.302593511876 -0.041684811804 0.0
 0.187313669657 -0.200256685191 -0.185655907738  -0.263150175531 -0.244548852306 0.104481599955  -0.317680794105 -0.0707925210998 0.0
 0.199097770866 -0.213140805289 -0.203611955157  -0.266185464437 -0.236657240918 0.102170813697  -0.327019946614 -0.0807989832755 0.0
 0.211019560457 -0.226165125269 -0.221724554819  -0.2651454187 -0.22856482971 0.0955456515193  -0.336173313549 -0.0802809897099 0.0
 0.223181922629 -0.239345514412 -0.23998968003  -0.261097637792 -0.220210828613 0.0859971469735  -0.346905109376 -0.0855290812151 0.0
 0.235730549849 -0.252699243903 -0.258407807801  -0.255238699096 -0.211554469678 0.0733125837913  -0.359057491207 -0.0969190302364 0.0
 0.248779496376 -0.266248155308 -0.276963719438  -0.249164145546 -0.202561850373 0.0579570829879  -0.370992141088 -0.113836651022 0.0
 0.262532450385 -0.280003592036 -0.29565035947  -0.244262818215 -0.193076970411 0.0376724858002  -0.384725844685 -0.148110128777 0.0
 0.27706854894 -0.293983162892 -0.314457013559  -0.237729982881 -0.183252234887 0.011588065503  -0.395340542012 -0.187527687328 0.0
 0.292383352118 -0.308213013826 -0.333370419486  -0.227465706893 -0.173336353283 -0.0190091248857  -0.401651874345 -0.219193966214 0.0
 0.308542069565 -0.322706323056 -0.352394135481  -0.211674346011 -0.163469505462 -0.0529607376496  -0.411072721823 -0.260074569593 0.0
 0.325420846101 -0.337484612267 -0.371512658224  -0.190720018435 -0.153563129372 -0.0898303204503  -0.417556472085 -0.273057588824 0.0
 0.342763494789 -0.352573162693 -0.390696918571  -0.16351600339 -0.143264234171 -0.127810924769  -0.42339184732 -0.271408972799 0.0
 0.360468884456 -0.367979937813 -0.409929187463  -0.130310089048 -0.132193778405 -0.164518721181  -0.426898049122 -0.266115694567 0.0
 0.378591543009 -0.383706203863 -0.429187607397  -0.0930225973521 -0.120841634251 -0.199474929871  -0.425814229247 -0.254685077491 0.0
 0.397113896791 -0.399758639187 -0.448463903208  -0.054136179201 -0.109670995645 -0.230682992439  -0.424090661684 -0.244397522123 0.0
 0.416159702855 -0.416141411987 -0.467770573398  -0.0102746593479 -0.0985549557571 -0.257507622488  -0.422290074318 -0.243710150863 0.0
 0.435779191414 -0.432869882544 -0.487116882794  0.02920070852 -0.0873625667068 -0.279074031957  -0.421667051924 -0.234520088157 0.0
 0.456069473845 -0.449955981626 -0.506514146751  0.064728539601 -0.0762018538175 -0.297322184317  -0.421854461445 -0.231010936485 0.0
 0.477157990181 -0.467409453931 -0.525978045178  0.096703587574 -0.0648019417207 -0.310260672956  -0.424267519041 -0.222138414265 0.0
 0.499084015708 -0.4852431824 -0.545514041873  0.12548113075 -0.05317838447 -0.319430565256  -0.428434283346 -0.210343620457 0.0
