 -0.302274562383 0.320967114231 0.283248102653  0.437420892935 0.163660380517 0.2182546706  0.196141414141 0.25186440678 0.0
 -0.302293601502 0.320962058698 0.283266208596  0.437030775899 0.163289348881 0.218008849558  0.196949494949 0.258644067797 0.0
 -0.302350818696 0.320943053082 0.283343881565  0.436116168184 0.162536963678 0.217295968535  0.202929292929 0.261355932203 0.0
 -0.302476054975 0.320902322844 0.283506098779  0.435119635891 0.16098384757 0.218227630285  0.211745454545 0.263796610169 0.0
 -0.302636704035 0.320834571172 0.28377233382  0.433832639792 0.15874912961 0.21877114061  0.220892121212 0.252433898305 0.0
 -0.302794092642 0.320730834754 0.284169400719  0.430940489814 0.155781012386 0.215720476893  0.232962505051 0.238817627119 0.0
 -0.302875839331 0.320584409847 0.284701875065  0.426473662332 0.151790173325 0.207271831367  0.246654133333 0.206224 0.0
 -0.302889019574 0.320385176734 0.285354356986  0.421456551842 0.146990473071 0.194702465339  0.257360437172 0.18366939661 0.0
 -0.302909364568 0.320115273131 0.286115486634  0.41555406961 0.14170829236 0.180686004449  0.271440555071 0.175234660339 0.0
 -0.302953263024 0.319760319898 0.286968233783  0.408334596762 0.135763122891 0.164924680307  0.283506600574 0.167643397695 0.0
 -0.30303452225 0.319302275002 0.287873859924  0.40010321771 0.129561608347 0.148920412867  0.291537758698 0.165896007078 0.0
 -0.303132552325 0.318726237858 0.288799350721  0.390614352376 0.123048481603 0.132402511206  0.297553679798 0.162628440268 0.0
 -0.303252469367 0.318018868363 0.289721079466  0.379690325028 0.1159703533 0.115569831374  0.304382150202 0.161382545394 0.0
 -0.303377388183 0.317168251811 0.290608917999  0.366911149482 0.108553895998 0.0979622091016  0.306891409929 0.15348157899 0.0
 -0.303484111062 0.316162786325 0.291428023856  0.3518121455 0.100629293655 0.0794113175917  0.309553784088 0.141285963464 0.0
 -0.303509632435 0.314996306041 0.292140016211  0.337746232207 0.092640710102 0.0612897531875  0.308717597598 0.116750587457 0.0
 -0.30342433632 0.313661488471 0.292727975867  0.322139359312 0.0845945434605 0.0420796569248  0.308369070162 0.108228071084 0.0
 -0.303254922546 0.312152062806 0.29318748295  0.304235349692 0.0762984825196 0.0227748377416  0.308055395469 0.102252721603 0.0
 -0.302952776286 0.310469352394 0.293500815729  0.286691311905 0.0680369598828 0.00397473843157  0.307571068043 0.0884003307983 0.0
 -0.30248102816 0.308613596669 0.293671890888  0.268864400047 0.0598204702774 -0.0145186056181  0.30713517336 0.0759331790744 0.0
 -0.301822267403 0.306582895846 0.293721036041  0.248615584663 0.0515691881885 -0.0328833625587  0.31118731259 0.0714924035399 0.0
 -0.300988751162 0.304374311028 0.293644322619  0.227184021862 0.0427816550752 -0.0500507785152  0.316854439917 0.0895296038639 0.0
 -0.299959192541 0.301985365726 0.293438620005  0.206248454526 0.0339048453675 -0.0648623181662  0.320944753501 0.104068168901 0.0
 -0.298638241949 0.299419048445 0.293107479621  0.182118190782 0.0248388879746 -0.0776027333505  0.323413914514 0.100203724892 0.0
 -0.296950669027 0.296680233698 0.292633967314  0.158276982887 0.0157589215116 -0.0895115848926  0.32604019983 0.0933358947761 0.0
 -0.294856895751 0.293769122433 0.292029266413  0.135172734967 0.00651849217358 -0.100672029157  0.329413957625 0.0820701019086 0.0
 -0.292275711346 0.290687952093 0.291316874603  0.10995758544 -0.00278545211715 -0.110962250036  0.335278622469 0.058371566294 0.0
 -0.289211229847 0.287434374194 0.29050012642  0.0842297072605 -0.0120768170767 -0.120665926704  0.342577022848 0.0506022062748 0.0
 -0.285736607916 0.284001838308 0.289575467081  0.0592974170719 -0.0217027848697 -0.129645056748  0.350559724604 0.0571691042914 0.0
 -0.281859563831 0.280386867822 0.288544436096  0.0338674586331 -0.0316605820397 -0.136792153826  0.356936075376 0.0478250752182 0.0
 -0.277605873706 0.276584013944 0.287397304379  0.00855310115294 -0.0417663812257 -0.143077048571  0.365301053697 0.051279855832 0.0
 -0.273180916744 0.272575173876 0.286106600212  -0.011065537961 -0.0522397179957 -0.149618409594  0.370203271559 0.105236616011 0.0
 -0.268705875009 0.2683531777 0.284637093023  -0.0236941380444 -0.0627369703216 -0.157718023895  0.37299910602 0.135153632376 0.0
 -0.264200641981 0.263923488619 0.282971269243  -0.0313754394546 -0.0732055318399 -0.168596663984  0.373697175216 0.134960303037 0.0
 -0.25974118866 0.259284608944 0.281104938262  -0.034474133047 -0.0837235938431 -0.183402189326  0.380184023351 0.143260882903 0.0
 -0.255353174854 0.254431280473 0.279031437097  -0.0339686356504 -0.094369897629 -0.201643582979  0.385618146268 0.138866998002 0.0
 -0.250955220107 0.249367840599 0.276740464694  -0.0339038050286 -0.105379903347 -0.221404003442  0.386266432651 0.0908447049818 0.0
 -0.246466046061 0.244097885285 0.274228662132  -0.037356510785 -0.116335050322 -0.238991725025  0.385637769184 0.0442348107548 0.0
 -0.241979895634 0.238613066768 0.271499558335  -0.0434981895721 -0.127265931832 -0.2516250009  0.386486113478 0.0514384483234 0.0
 -0.237626933649 0.232907387885 0.268528745759  -0.0493724711784 -0.138269824617 -0.260094260889  0.383815279908 0.0748708746775 0.0
 -0.233335397381 0.226988385135 0.265311406593  -0.0565232171251 -0.149188783125 -0.262751009825  0.377371125654 0.0620617533115 0.0
 -0.229016215526 0.220866370179 0.261867878365  -0.0657330540602 -0.15988065636 -0.258947393601  0.372783508039 0.0420589678108 0.0
 -0.224615370409 0.214547336997 0.258216346451  -0.0763626095124 -0.170409998524 -0.250263568695  0.370472834002 0.0189717150975 0.0
 -0.220068076486 0.208036062272 0.254378066217  -0.0887900676769 -0.180993921955 -0.237728362268  0.37041342939 -0.00350172759865 0.0
 -0.215348659272 0.201328710056 0.25036748347  -0.102142096887 -0.191652075929 -0.21892455259  0.369753904633 -0.022032910771 0.0
 -0.210340798942 0.194416680237 0.246158202571  -0.116326240037 -0.201244414506 -0.20200112388  0.364715887907 -0.0505753824058 0.0
 -0.20490174338 0.187274538354 0.241667326647  -0.130045588292 -0.209877519225 -0.186770038041  0.351090763763 -0.0677890306059 0.0
 -0.198822411858 0.179877321711 0.236742383372  -0.142306309047 -0.217647313472 -0.173062060785  0.323272596477 -0.0917558902571 0.0
 -0.191997218351 0.172221940071 0.231216423138  -0.154467962494 -0.224640128295 -0.160724881255  0.286923114607 -0.115020979198 0.0
 -0.18461499075 0.164311496089 0.2249918594  -0.1669305724 -0.230933661635 -0.149621419678  0.250168176884 -0.100366338905 0.0
 -0.176898825904 0.156141847772 0.218050914224  -0.178276960327 -0.236597841641 -0.139628304259  0.213250349095 -0.0702280100991 0.0
 -0.168858658997 0.147718742891 0.21036021148  -0.188271977775 -0.241695603647 -0.130634500382  0.174165718226 -0.0498831751909 0.0
 -0.160468083307 0.139049688533 0.201875067621  -0.19692072278 -0.246283589452 -0.122540076893  0.135555207009 -0.00614909495997 0.0
 -0.151658845336 0.13014314554 0.192611148906  -0.203707627528 -0.250323505907 -0.115255095752  0.0999976661061 0.0281268314852 0.0
 -0.142313635345 0.121022525738 0.182626983221  -0.209339032092 -0.253200629177 -0.108698612725  0.0659756772733 0.0335514364723 0.0
 -0.132390959666 0.111709956992 0.171991461164  -0.215230876608 -0.255059135695 -0.102797778002  0.0343457863136 0.0180945979098 0.0
 -0.121885890075 0.102223261741 0.160767979599  -0.222180697486 -0.255984148868 -0.0974870267501  0.00628292485399 -0.00259621781341 0.0
 -0.110873945689 0.0925735579519 0.149005359771  -0.230906277499 -0.255868158798 -0.0927073506237  -0.0191756706617 -0.0042687994219 0.0
 -0.0994838136341 0.0827646510133 0.136746839222  -0.240059689628 -0.254812476099 -0.08840564211  -0.0424924470299 -0.0125537838865 0.0
 -0.0877773157904 0.0728053206149 0.124023910887  -0.250031614033 -0.253003130515 -0.0845341044477  -0.0644876467713 -0.0284848461758 0.0
 -0.0758523730757 0.0626939971091 0.11085830383  -0.261043623848 -0.250585231122 -0.0810497205516  -0.0861015083568 -0.0428228022362 0.0
 -0.0637768743436 0.0524275558069 0.0972512882214  -0.272471554484 -0.24756383907 -0.0779137750451  -0.107372165602 -0.0506422169278 0.0
 -0.0515733316605 0.0420036011715 0.0832087225503  -0.282930077406 -0.24397140651 -0.0750914240893  -0.127727878335 -0.0610695206588 0.0
 -0.0392432739623 0.0314145695603 0.0687559169344  -0.293079635768 -0.239820402109 -0.072551308229  -0.147058120804 -0.0653693482539 0.0
 -0.0267800832357 0.0206533954691 0.0539198296023  -0.30260435533 -0.235175052184 -0.0702652039548  -0.165061399633 -0.079408684615 0.0
 -0.0141926882706 0.00971477548552 0.0387279157664  -0.311393334621 -0.229917408596 -0.068207710108  -0.182678491993 -0.0937390025941 0.0
 -0.0015069143708 -0.00141042564005 0.0232185281767  -0.319910264705 -0.224064065326 -0.0663559656459  -0.198533875117 -0.110026119284 0.0
 0.0112759182543 -0.0127281860824 0.0074261529967  -0.327488809106 -0.217830816189 -0.0646893956299  -0.212803719928 -0.129769270067 0.0
 0.0241933559343 -0.0242451655923 -0.00861588941387  -0.334829655113 -0.211236123791 -0.0631894826156  -0.226656681269 -0.157707597298 0.0
 0.0372455594766 -0.0359700064409 -0.0248801029403  -0.341999918904 -0.204332870727 -0.0618395609027  -0.236700104051 -0.174377515534 0.0
 0.050439040926 -0.0479066401079 -0.0413566248613  -0.34650257114 -0.197188179313 -0.0606246313611  -0.247355346171 -0.196160102964 0.0
 0.0637878017948 -0.0600619132385 -0.0580254875654  -0.347694099895 -0.189483058865 -0.053533161342  -0.257551124685 -0.210679685888 0.0
 0.0772295646219 -0.0724467130178 -0.0748582953906  -0.346122349204 -0.181572051422 -0.0513297960436  -0.265717224338 -0.208493073231 0.0
 0.0907378821357 -0.0850678632804 -0.0918198717467  -0.340373139858 -0.173509222222 -0.0536732176192  -0.270844491803 -0.199745460823 0.0
 0.104295961427 -0.0979300382833 -0.108872312991  -0.331774490805 -0.165340440266 -0.0587813137531  -0.275661052724 -0.185092948639 0.0
 0.117936674159 -0.111033330845 -0.126000467967  -0.321304887411 -0.157076300831 -0.0657384822794  -0.280804038361 -0.175295518182 0.0
 0.131712937699 -0.124374641947 -0.14320444056  -0.307677649645 -0.148684493992 -0.0750972790859  -0.286846866848 -0.174952407042 0.0
 0.145603391414 -0.137958544437 -0.160463528464  -0.290471653211 -0.140141520239 -0.0863717203022  -0.29066925087 -0.155999539219 0.0
 0.159473277429 -0.15179627354 -0.177737778345  -0.271605242116 -0.131537818474 -0.097502001566  -0.291281113662 -0.105043653094 0.0
 0.173293863178 -0.165891805574 -0.195015582859  -0.247820097185 -0.122885040923 -0.106880119993  -0.28940754775 -0.065963016598 0.0
 0.187116514032 -0.180241584467 -0.212307445802  -0.217484121277 -0.11410998324 -0.114681291868  -0.29176174247 -0.0274006132433 0.0
 0.200983842297 -0.194843582671 -0.229589753568  -0.187234192027 -0.105576377094 -0.12091571922  -0.291658295496 0.00730554977598 0.0
 0.215027942447 -0.209688195911 -0.24686326304  -0.155371197619 -0.0967077144445 -0.125740076502  -0.293181354835 0.00972753717127 0.0
 0.229365486307 -0.224770358615 -0.264140191789  -0.12357356637 -0.0875430803655 -0.131016118016  -0.296976350665 0.00512766481007 0.0
 0.244056621043 -0.240092729528 -0.281425316359  -0.0934385764431 -0.0782989826732 -0.136502018505  -0.30119992772 -0.00579188133195 0.0
 0.25922864741 -0.255653309995 -0.298718867085  -0.0628927248673 -0.0687434525362 -0.142963419408  -0.305203167271 -0.0325686254021 0.0
 0.274891166099 -0.271457887883 -0.316013778167  -0.0322371758309 -0.059164286661 -0.150007785432  -0.307795981857 -0.0464982035399 0.0
 0.290963465832 -0.287515646269 -0.333302002494  -0.00247986483648 -0.0498735066029 -0.15644604327  -0.308311333166 -0.0420856713215 0.0
 0.307421038354 -0.303833146303 -0.350597173708  0.0290698121543 -0.0401420561825 -0.160421399612  -0.317259997829 -0.0330296465622 0.0
 0.324272510844 -0.320416246907 -0.367916210884  0.0598485699939 -0.0303822443599 -0.162966771942  -0.326121876834 -0.0248792242789 0.0
 0.341537802919 -0.337272730432 -0.385244703764  0.0898901542603 -0.0206192249677 -0.164175994452  -0.331875345716 -0.0226285899866 0.0
 0.359287009555 -0.354404562229 -0.402577992438  0.118574740915 -0.010858898186 -0.165460951546  -0.340285790943 -0.0443318326829 0.0
 0.37753043452 -0.371816157935 -0.419922650268  0.146384800417 -0.000994985714909 -0.16789568235  -0.350481454273 -0.0723393273807 0.0
 0.396115473313 -0.389522994424 -0.437255037069  0.174578136587 0.00906816291517 -0.169644462198  -0.352182803795 -0.0704274285409 0.0
 0.414923939691 -0.407533069227 -0.454556797464  0.202379534025 0.019129292838 -0.169300959931  -0.349875634527 -0.0585372280597 0.0
 0.433982516451 -0.425842365726 -0.471851559955  0.231952157128 0.0294954741942 -0.163977058628  -0.35325372764 -0.058005539152 0.0
 0.453306504941 -0.44445601596 -0.48917388002  0.261601761528 0.0400692487633 -0.154514947652  -0.355889971037 -0.0287134598131 0.0
 0.47292745878 -0.463385843104 -0.506598556863  0.290670454036 0.0509972399166 -0.139017730173  -0.370989862822 -0.00743533417077 0.0
 0.492893534465 -0.482654083885 -0.524186846081  0.320083252586 0.0627182769583 -0.115630706418  -0.389832290682 0.0184946399243 0.0
 0.513154015266 -0.502291964073 -0.541888163816  0.347421698025 0.07510005078 -0.0945823850389  -0.406790475755 0.0604756844064 0.0
