 -0.295755179893 0.309326142303 0.0228395928785  0.158485649127 0.160215456937 0.120989103101  0.129367088608 -0.224867256637 0.0
 -0.295852624096 0.309315886428 0.0228479243164  0.158560740906 0.159661424814 0.12308466052  0.127538677918 -0.186814159292 0.0
 -0.296164146315 0.309285489284 0.0228639400508  0.158539325843 0.158924953831 0.125222129086  0.119563994374 -0.144601769912 0.0
 -0.296646944641 0.309238077682 0.0229433537916  0.158431054622 0.158074654429 0.12781642917  0.116606188467 -0.116345132743 0.0
 -0.297189684693 0.309177878488 0.023177272622  0.158325266993 0.156906452516 0.131911567477  0.117882278481 -0.0997637168142 0.0
 -0.297685868171 0.30910608128 0.0236231332232  0.158210589888 0.155471725334 0.134926613579  0.118468171589 -0.0910351327434 0.0
 -0.298040711664 0.309026519638 0.0243307538503  0.158121286378 0.153953821367 0.136215176027  0.120261298172 -0.092913920354 0.0
 -0.298213042315 0.308939456586 0.0253593575804  0.15813269206 0.151876979719 0.132429366723  0.126657109283 -0.0937198734513 0.0
 -0.298224813746 0.308838123514 0.0267622783318  0.158167987766 0.149221544325 0.126758936337  0.134523043924 -0.0855956737168 0.0
 -0.298117660138 0.308712596367 0.0285958535936  0.158166379779 0.145941843303 0.117883545637  0.145399853456 -0.0712042479381 0.0
 -0.29792163067 0.308550573768 0.0309095163961  0.15814546435 0.142223421467 0.111069206161  0.160252273173 -0.0538271859761 0.0
 -0.297630845837 0.308342323035 0.0337583273006  0.158185045182 0.137791162705 0.110217105327  0.176994978346 -0.0443825204758 0.0
 -0.297225973936 0.308076699355 0.0371873030882  0.158198418515 0.13286755038 0.109701681467  0.193047941833 -0.0323424985168 0.0
 -0.296740595444 0.307735932775 0.0412031248268  0.158199329806 0.127252685207 0.111501002004  0.208339490828 -0.0126569212314 0.0
 -0.296166404796 0.30730405701 0.0457935588179  0.158113933481 0.120811428102 0.115551237093  0.222805119805 -0.00113459194016 0.0
 -0.295431144511 0.306770328006 0.0509301804811  0.158148323869 0.113774719788 0.123722852696  0.237652596572 -0.00138396460455 0.0
 -0.294496223302 0.30612148885 0.0565700321155  0.158268272881 0.106591047126 0.133675797938  0.249749502879 -0.00514822301135 0.0
 -0.293348582061 0.305344347277 0.0626592216864  0.158529191727 0.098894559236 0.146070162821  0.261339953435 -0.0156157015952 0.0
 -0.292010625471 0.304424911563 0.0691472279592  0.159008762264 0.0905182825614 0.160745627679  0.271490064983 -0.0241514765684 0.0
 -0.290499128161 0.303348950551 0.0759855302773  0.159487655756 0.0821569797963 0.173534434568  0.279640636544 -0.0318336740443 0.0
 -0.288725707776 0.302107426825 0.0831092410338  0.159946471669 0.0733978266709 0.183284092536  0.287257444901 -0.0511370323036 0.0
 -0.286627480721 0.300694198712 0.0904385839887  0.160473434248 0.0644932670157 0.189963227289  0.292846749637 -0.0791295237635 0.0
 -0.284246115887 0.299099574678 0.0979145707562  0.161100665303 0.0553291269502 0.192286267511  0.296189360187 -0.10520772183 0.0
 -0.281665588924 0.297311781834 0.105523675069  0.161698547376 0.045727100147 0.188257976049  0.301307414323 -0.123368365576 0.0
 -0.278940785397 0.295320934699 0.113238787841  0.162153205933 0.0356246458825 0.178932597555  0.30717948583 -0.139712944947 0.0
 -0.276071323606 0.29312037838 0.121053971178  0.162515118625 0.0252145121465 0.165426596811  0.316824406445 -0.162387668152 0.0
 -0.273040317838 0.290702918272 0.128965764944  0.162724030613 0.0140070124681 0.144805144171  0.32114477874 -0.187219697797 0.0
 -0.269920564893 0.288060352278 0.136942217263  0.162736837253 0.00269747468871 0.121635610475  0.32489246683 -0.180364984654 0.0
 -0.266789627169 0.285182326347 0.144987930348  0.162648240857 -0.0090172892892 0.100615385554  0.331640913536 -0.164461229552 0.0
 -0.263633450319 0.282065911232 0.153088166019  0.162510099383 -0.0211583159706 0.0832059844676  0.337573868596 -0.147492982703 0.0
 -0.260343969903 0.278715035035 0.161213168308  0.162277306154 -0.0332100930813 0.0689625025338  0.340663176533 -0.145495896822 0.0
 -0.256836548 0.275131732801 0.169314079635  0.161981575761 -0.0451507660162 0.0560595464967  0.343584200651 -0.141043652272 0.0
 -0.253125168347 0.271314120448 0.177346139974  0.161890632558 -0.0572208928395 0.041429283381  0.348885414904 -0.132611853417 0.0
 -0.24917712605 0.267260091404 0.185327939688  0.161897781339 -0.0690045957095 0.0267532452357  0.352250037971 -0.132987836217 0.0
 -0.244845035945 0.26296877659 0.193279401613  0.16132294925 -0.0816189942728 0.0215079290943  0.353449788041 -0.15456515879 0.0
 -0.239983327008 0.258435818241 0.201122974413  0.160396767352 -0.0943122630138 0.0208106148102  0.352982446368 -0.173099793353 0.0
 -0.2345858674 0.253654209685 0.208767668653  0.159499236573 -0.107003763222 0.0172492515689  0.353968308623 -0.183586274195 0.0
 -0.228703670981 0.248615262858 0.216196147752  0.158630272978 -0.119965091528 0.0100205544087  0.355558819533 -0.194794018457 0.0
 -0.222306524055 0.243313037146 0.223366066787  0.157617368052 -0.132682388408 0.00737055261409  0.351083106356 -0.213730545815 0.0
 -0.215326347967 0.237746749256 0.230189597415  0.15637201238 -0.145040149903 0.0119428016276  0.343679437071 -0.238738022207 0.0
 -0.207784024961 0.231915552536 0.236591946405  0.154934138097 -0.157564004407 0.0189916061254  0.339407133307 -0.24531554742 0.0
 -0.199812149485 0.225815810353 0.242525083332  0.153564959463 -0.169909960002 0.022653216678  0.333874296207 -0.244155674094 0.0
 -0.191469120103 0.219452161887 0.247940631675  0.152235357499 -0.181967092045 0.0262001330655  0.324253392606 -0.249306478366 0.0
 -0.182787208735 0.212833248978 0.252818260519  0.150880188642 -0.193683136772 0.0319070267162  0.315313285413 -0.253057246458 0.0
 -0.173887807257 0.20596714183 0.257161021811  0.149577101361 -0.20508660663 0.0393064330136  0.30797042382 -0.244928512963 0.0
 -0.164901055295 0.198863340667 0.260973747003  0.148415447515 -0.216407427192 0.0428644737021  0.303330906051 -0.226993183791 0.0
 -0.155885356715 0.191533526211 0.264258419778  0.147386646117 -0.22735726033 0.042294706969  0.29803016425 -0.210851387535 0.0
 -0.146868795607 0.183986938399 0.267012569491  0.146488536628 -0.238090726753 0.0383452027432  0.293400143606 -0.194553859401 0.0
 -0.13778533175 0.176236020531 0.269226954193  0.145663551026 -0.247750846534 0.0290907327622  0.289655065954 -0.194045376116 0.0
 -0.128554303892 0.168296317297 0.270879836323  0.144615134515 -0.256444954337 0.0207617097794  0.281783792833 -0.205092165938 0.0
 -0.119156885346 0.160179959444 0.271954745984  0.143526938452 -0.26426965136 0.0132655890948  0.275121587952 -0.214149321026 0.0
 -0.10972728557 0.151884774964 0.272444653954  0.1424502208 -0.27131187868 0.00651908047872  0.265046841252 -0.205486601312 0.0
 -0.100343386516 0.143403498167 0.272310434881  0.141514549037 -0.277649883268 0.000447222724224  0.249650455299 -0.196805197818 0.0
 -0.0909353031094 0.134730350889 0.271432583677  0.140708599751 -0.283354087397 -0.00501744925482  0.227214242399 -0.1996114037 0.0
 -0.0814481858746 0.125850642873 0.269634616189  0.140008275987 -0.288487871114 -0.00993565403596  0.196754421534 -0.188862652711 0.0
 -0.071891096232 0.11674790901 0.266740553146  0.139411358723 -0.293108276459 -0.014362038339  0.163714703713 -0.172109130803 0.0
 -0.0622499669746 0.107416063826 0.262652850745  0.138896382602 -0.297266641269 -0.0183457842117  0.128212431654 -0.159685828342 0.0
 -0.0525096947487 0.097854327842 0.257350676774  0.138435685269 -0.301009169598 -0.0318221865114  0.0919003305419 -0.160894236658 0.0
 -0.0426785709083 0.0880585539527 0.250819320892  0.138018276493 -0.304377445095 -0.0439509485811  0.0516245028323 -0.173486228921 0.0
 -0.0327590874088 0.078026441669 0.243026118502  0.137578641524 -0.307408893041 -0.0548668344439  0.0129852593001 -0.191013712224 0.0
 -0.0228656475869 0.0677539743932 0.233987094745  0.137085628856 -0.310137196194 -0.0646911317204  -0.0191177673331 -0.186434464895 0.0
 -0.0131849312555 0.0572371487894 0.223773559543  0.136641917456 -0.31259266903 -0.0735329992692  -0.046463374566 -0.167268894512 0.0
 -0.0038588225544 0.0464802815073 0.212488752346  0.136323231328 -0.315115986491 -0.0814906800632  -0.0705118331713 -0.138515456388 0.0
 0.00505831107462 0.0354964632308 0.200254258823  0.136181035017 -0.316323678233 -0.0886525927777  -0.0899050942986 -0.110867450572 0.0
 0.0135328639115 0.0243000985125 0.187185148767  0.136125368939 -0.316850972394 -0.0950983142208  -0.106515147457 -0.0868692010904 0.0
 0.021556686501 0.0129024378307 0.173411787762  0.136142017716 -0.316667973762 -0.10089946352  -0.117666726944 -0.0599610420433 0.0
 0.0291526716467 0.00131566445878 0.158998949007  0.136323872236 -0.315526723422 -0.106120497889  -0.12601538477 -0.0419383891664 0.0
 0.0363894349359 -0.0104443908472 0.143945096354  0.136721160171 -0.313777677472 -0.110819428821  -0.136764057264 -0.0142135767985 0.0
 0.0434185586017 -0.0223700281635 0.128299828524  0.137315119357 -0.310966757338 -0.115048466659  -0.14995403691 -0.0122700952248 0.0
 0.0505377381623 -0.0344476056081 0.112060217454  0.137777372022 -0.307541523767 -0.118854600714  -0.164216017185 -0.0352997228705 0.0
 0.0577604610038 -0.0466838236469 0.0952137918552  0.138190618244 -0.303510243403 -0.122280121364  -0.179864738955 -0.0339024939463 0.0
 0.0651342493125 -0.0590879657409 0.0777652685339  0.138593132791 -0.298841182239 -0.125363089948  -0.194651823428 -0.0414945454366 0.0
 0.0728022250318 -0.0716634853554 0.0597203124949  0.138944271175 -0.293760410593 -0.128137761674  -0.208944728286 -0.0580619050522 0.0
 0.0806738808316 -0.0844276871398 0.0410910590296  0.139363199269 -0.288272723667 -0.124851227753  -0.221808342659 -0.0517335906532 0.0
 0.0886545314387 -0.0974015478447 0.02192012767  0.140076756971 -0.282222943045 -0.127760907996  -0.231697831881 -0.0274540368976 0.0
 0.096841262252 -0.110589284938 0.00226392375989  0.141116667212 -0.27590232203 -0.13918096137  -0.237082197779 -0.0135670402875 0.0
 0.105193491218 -0.123999977519 -0.0177962963753  0.142717287731 -0.269240009688 -0.149459009408  -0.238411952684 0.0201701947147 0.0
 0.113633208008 -0.137648504563 -0.0381669546614  0.144274655631 -0.263104021479 -0.158709252641  -0.240874554884 0.0682328212609 0.0
 0.122211839523 -0.151538953097 -0.0588172227513  0.146830475194 -0.25572366578 -0.167034471551  -0.245481895458 0.104409539135 0.0
 0.13112091492 -0.165666406682 -0.0796997585746  0.149903880006 -0.247808191026 -0.174527168571  -0.251878853591 0.129888939204 0.0
 0.140493208942 -0.180030056124 -0.100730403892  0.152920250265 -0.239716106603 -0.181270595888  -0.260308408457 0.15459031077 0.0
 0.150478091149 -0.194626192652 -0.121878430729  0.155826884711 -0.231325166378 -0.187339680474  -0.266488538076 0.155582607127 0.0
 0.161198236263 -0.209448721247 -0.143147876155  0.158695942819 -0.222849933304 -0.192801856601  -0.273316477517 0.151165939334 0.0
 0.172597615349 -0.2245066188 -0.164517751223  0.161556212816 -0.213839941373 -0.197717815115  -0.280868092775 0.164005097613 0.0
 0.18460137369 -0.239812916171 -0.185989053412  0.164130455813 -0.204776782201 -0.202142177778  -0.287383252555 0.179100163073 0.0
 0.197279475141 -0.255372503327 -0.207602177437  0.16644727451 -0.195654579945 -0.215847490595  -0.292543661477 0.179411385704 0.0
 0.210686679473 -0.271195307993 -0.229378509945  0.168532411338 -0.186412083504 -0.226422003899  -0.299157087172 0.186771132089 0.0
 0.224792594125 -0.287301670355 -0.251273378521  0.170409034483 -0.177237605245 -0.232502351707  -0.304827876345 0.207554195872 0.0
 0.23961828359 -0.303707532018 -0.273220541329  0.172097995313 -0.168177508048 -0.232777682337  -0.307821881959 0.233338599293 0.0
 0.255228494882 -0.320422453798 -0.295202382286  0.17361806006 -0.157611422137 -0.233025479904  -0.315439131175 0.259199429629 0.0
 0.271714204305 -0.33745655318 -0.317199536808  0.174986118333 -0.146557370416 -0.233248497714  -0.323982419183 0.282474176932 0.0
 0.289155583062 -0.354826923063 -0.339258257763  0.176217370778 -0.135469880058 -0.233449213743  -0.33743790441 0.307846228265 0.0
 0.307722508383 -0.372549400468 -0.361435272077  0.177325497979 -0.124181608265 -0.233629858169  -0.352360780635 0.314751870925 0.0
 0.327610429762 -0.390638637943 -0.383687688  0.178322812459 -0.112620294492 -0.233792438153  -0.365650722262 0.303267834275 0.0
 0.348755182975 -0.409113049488 -0.405920586563  0.179220395492 -0.100295586661 -0.233938760138  -0.376627140894 0.307091493326 0.0
 0.370973284398 -0.427977495752 -0.428110168287  0.180028220221 -0.0875076755411 -0.234070449925  -0.393397619491 0.310532786471 0.0
 0.39420895301 -0.447224244302 -0.450218724612  0.180755262478 -0.0746750343511 -0.234188970733  -0.413694988344 0.292391012249 0.0
 0.418368538354 -0.466855452469 -0.472067083045  0.181409600509 -0.0611781504246 -0.23429563946  -0.421273450128 0.277833326953 0.0
 0.443280023115 -0.486870062181 -0.493485030758  0.181998504736 -0.0475759210333 -0.234391641314  -0.416842307647 0.276235834966 0.0
 0.468736868855 -0.507250441733 -0.51446483567  0.182528518541 -0.0342734187503 -0.234478042984  -0.414823337079 0.28010782669 0.0
