 0.0210555481972 -0.382715155298 0.282621053531  0.416886295181 0.101349902262 0.0562830840046  0.159328621908 -0.0749473684211 0.0
 0.0208739905514 -0.382724761208 0.282619327582  0.416773343373 0.100891929629 0.0540966628308  0.157915194346 -0.0612631578947 0.0
 0.020423425082 -0.382744082332 0.282620653277  0.41561746988 0.0999519687238 0.0529344073648  0.153462897527 -0.0489473684211 0.0
 0.0196518633842 -0.382781266744 0.282609519063  0.41371121988 0.098636861212 0.0540747986191  0.153342756184 -0.0347052631579 0.0
 0.0186110462004 -0.382851662666 0.28258017996  0.410000112952 0.0968361184027 0.0529147295742  0.150054416961 -0.0313610526316 0.0
 0.0172612355639 -0.382955038217 0.282513507788  0.405229393825 0.0947379296286 0.0514487265056  0.147801625442 -0.0220354736842 0.0
 0.0156337612482 -0.383065708661 0.282408054303  0.399279120105 0.0923385292935 0.04905529229  0.145067399293 -0.0157477157895 0.0
 0.0137773899878 -0.383155868256 0.282259121746  0.392493150866 0.0896568684892 0.0455586621787  0.14295995265 -0.0100887336842 0.0
 0.0116175912223 -0.383225043873 0.282061390621  0.384879754454 0.0866290202329 0.0426034864097  0.141063250671 0.000267508105263 0.0
 0.0091932785099 -0.383256261038 0.281811337219  0.376069866358 0.0833622086871 0.0392533794258  0.139709575781 0.00958812571579 0.0
 0.00638321350451 -0.383260225923 0.281514384269  0.365693677915 0.0798021397313 0.0375808224575  0.139551339051 0.0263977341968 0.0
 0.00327859694947 -0.383215164981 0.281183207267  0.355074987834 0.0761093873611 0.0379550762302  0.142589138008 0.0288948028824 0.0
 -7.39592822543e-05 -0.383111458455 0.280839568172  0.341527202906 0.0719174377341 0.036143841718  0.14567651396 0.0321947962784 0.0
 -0.00360237452924 -0.382909081149 0.280472361284  0.328731786833 0.0675498771498 0.0348973133191  0.147748438536 0.0341121587558 0.0
 -0.00735457104523 -0.382619859302 0.280090400543  0.313977960559 0.0629935490271 0.0323945401767  0.155266880901 0.045311469196 0.0
 -0.0114475765885 -0.382268185393 0.279715695011  0.296934456672 0.0582170648309 0.0294515955568  0.164506977263 0.0659171643817 0.0
 -0.0159000263869 -0.381834888797 0.279356116937  0.278696206788 0.052971566111 0.0285674256444  0.175296562222 0.0749886058383 0.0
 -0.020683889853 -0.381301926271 0.279014879403  0.259834492735 0.0472229713541 0.0293443616377  0.186420616248 0.0905213242018 0.0
 -0.0261551251839 -0.380718486993 0.278670133677  0.240712865751 0.0410634779048 0.0355671943654  0.195018837308 0.122395507571 0.0
 -0.0319587453209 -0.380011849677 0.278307669398  0.220754907489 0.0343638321529 0.0446967043113  0.196043455344 0.10476648313 0.0
 -0.0375285812302 -0.379111632523 0.277926221182  0.201474973969 0.0273037125511 0.0503432594267  0.205446176948 0.0846898348168 0.0
 -0.0430344550989 -0.378098888559 0.277532728958  0.183144118139 0.0199470916451 0.0537757535838  0.212141841938 0.0834629565983 0.0
 -0.0487960620189 -0.377008940819 0.277118146779  0.165290926204 0.0121560686018 0.0583993289734  0.220994795554 0.0823587662016 0.0
 -0.0545339062381 -0.375807158457 0.276668332528  0.148884198042 0.00403551898816 0.0637112948102  0.228609096917 0.0750492053709 0.0
 -0.0599098726467 -0.374467310982 0.276171546138  0.133854588478 -0.00425035628401 0.068415347531  0.236168681925 0.0684706006233 0.0
 -0.0648658701417 -0.372998383424 0.275630245266  0.1176547471 -0.0131011095414 0.0730325776417  0.24862601868 0.0646551195083 0.0
 -0.0694441750153 -0.371407593888 0.275018725045  0.103150191065 -0.0221586612513 0.0782621161951  0.258070837306 0.0643790812417 0.0
 -0.073583641103 -0.369667496088 0.274306256991  0.0942753075008 -0.0313995390525 0.0828536260946  0.26657117407 0.0620253836439 0.0
 -0.0773907758145 -0.367828304276 0.273501474486  0.0889987556664 -0.0408752232371 0.0874462841986  0.27598826161 0.0493807400163 0.0
 -0.0807960532121 -0.365937200541 0.272583477904  0.0847769674491 -0.0506488011647 0.0907741529019  0.280223357711 0.0380005607515 0.0
 -0.0839456047817 -0.364026526434 0.271547481256  0.0819939243187 -0.0608412793281 0.0921581875542  0.290042011339 0.0288110309922 0.0
 -0.0867763197889 -0.362022088768 0.270402026181  0.0780584626097 -0.0714023901554 0.0931353108778  0.302412368509 0.0194878226298 0.0
 -0.0893789146321 -0.359819859512 0.269141754227  0.0726716675535 -0.0824041785065 0.0948202454593  0.313545689962 0.023728514051 0.0
 -0.0919233096127 -0.357344397046 0.267745341264  0.0673717447741 -0.0936406106978 0.0967202692448  0.320738824146 0.0233346100143 0.0
 -0.094572816139 -0.35461714026 0.266184778694  0.061811151622 -0.105356303887 0.100041337832  0.32615257424 0.0282432542761 0.0
 -0.0974527042828 -0.351672476179 0.264405573183  0.0588774009176 -0.117411178943 0.103337165691  0.323957811516 0.0284505077958 0.0
 -0.100447605253 -0.348511764239 0.262365054422  0.0555593144403 -0.12933289266 0.106648635159  0.323395952626 0.0244265096478 0.0
 -0.103526270927 -0.345089212699 0.260044075178  0.0522718317915 -0.14126321691 0.10974403248  0.317236569377 0.0186996481567 0.0
 -0.10655401303 -0.341236432584 0.257445235195  0.0473552660822 -0.152983474387 0.113181980593  0.313106552016 0.00512442018316 0.0
 -0.109690538268 -0.336830182074 0.254578926766  0.0421773448957 -0.164807885954 0.115317177241  0.319636886213 0.00553829395431 0.0
 -0.113143965677 -0.331867383063 0.251445505333  0.0372913122133 -0.1768126042 0.118466318742  0.32445411632 0.0143318329799 0.0
 -0.117041501018 -0.326390916487 0.248017262303  0.0372613526787 -0.189024278715 0.117618152537  0.323842626949 0.0306670707346 0.0
 -0.121461163897 -0.320373808138 0.244277759428  0.0411500517482 -0.20139428871 0.114706740045  0.325059070968 0.0443161531348 0.0
 -0.126364945692 -0.313807533255 0.24020679086  0.0473230736818 -0.213842572768 0.114157815177  0.311666238076 0.0513371694003 0.0
 -0.131416183526 -0.306573055378 0.235792070794  0.0517116247474 -0.225906123366 0.114085723725  0.30420632805 0.0387087156181 0.0
 -0.13622874775 -0.298571439602 0.231062024771  0.0505784893811 -0.23783564507 0.11935264042  0.295018910792 0.00418521247737 0.0
 -0.140773147728 -0.289848430614 0.225985237054  0.0468101735755 -0.249507707483 0.129041081787  0.284983450809 -0.00162278245457 0.0
 -0.145271304694 -0.280319268125 0.220545415161  0.0420632676637 -0.260012563655 0.135689332642  0.28089853329 -0.0110605042091 0.0
 -0.149400120937 -0.269858688848 0.214769454271  0.0342142451142 -0.269466934209 0.138987679776  0.285702672893 -0.0416597169461 0.0
 -0.152927679022 -0.258385962401 0.2086728438  0.018452835663 -0.277975867708 0.13727648372  0.297800250127 -0.0786726926199 0.0
 -0.156085445402 -0.246001402659 0.202307547942  -0.00213303525266 -0.285633907857 0.139265367761  0.322468988365 -0.129879107568 0.0
 -0.158106895472 -0.232909738601 0.19567895545  -0.02555489739 -0.292526143991 0.141055363398  0.336897001189 -0.174912249443 0.0
 -0.159168609102 -0.219421897875 0.188660305534  -0.0482911998197 -0.298729156512 0.142666359471  0.314546523685 -0.158599971867 0.0
 -0.160180952792 -0.205740059873 0.181131608297  -0.068076161163 -0.304311867781 0.144116255936  0.267929327147 -0.12286629047 0.0
 -0.160873230894 -0.191948737478 0.173022554593  -0.0887440721552 -0.309336307922 0.145421162755  0.215019786659 -0.106495450897 0.0
 -0.160987197866 -0.178041156365 0.164309159463  -0.110206637831 -0.31385830405 0.152541110155  0.168814627781 -0.0928143268597 0.0
 -0.16088413672 -0.163881273543 0.155047545207  -0.129409995132 -0.317928100565 0.157338015633  0.131116910586 -0.0752381573316 0.0
 -0.160820862246 -0.149375975211 0.145276193766  -0.144245727547 -0.321590917428 0.160734632175  0.0978956788911 -0.0552090784405 0.0
 -0.160116362385 -0.134326100029 0.13500802889  -0.158878007202 -0.324887452605 0.168126071144  0.0630495738995 -0.0750776442807 0.0
 -0.158711936605 -0.118641891984 0.124250017042  -0.174080191421 -0.327854334265 0.176082547267  0.0345149345308 -0.0961172482737 0.0
 -0.156457319067 -0.102233414019 0.113016824202  -0.194275711436 -0.330524527758 0.186120245743  0.0113072573321 -0.0971581550253 0.0
 -0.153714686969 -0.0851588417347 0.1013157025  -0.216442643304 -0.332927701902 0.192085513075  -0.0138199348322 -0.10020023426 0.0
 -0.150446446514 -0.067444512922 0.0891660692791  -0.23989438801 -0.335090558632 0.198183060732  -0.0367877646705 -0.100832842413 0.0
 -0.146673654213 -0.0491276581392 0.0765818634354  -0.264163608848 -0.337497894838 0.204246227616  -0.0627591648819 -0.116139031856 0.0
 -0.142746041239 -0.0302623236581 0.0635809427873  -0.288679100372 -0.338594963773 0.208859195956  -0.0850733544008 -0.107809339196 0.0
 -0.139026966283 -0.0108972321756 0.0501799754431  -0.310366536721 -0.338392713975 0.208906532977  -0.104449411187 -0.0950494579082 0.0
 -0.135367866733 0.0090029497934 0.0364026988022  -0.329734627025 -0.337185835764 0.204844801812  -0.119414364061 -0.0856708279069 0.0
 -0.131682345586 0.029494315055 0.0222802553304  -0.347956570949 -0.335035696756 0.197353417143  -0.130762680305 -0.0740721661688 0.0
 -0.127954226984 0.0505578247107 0.00783192098946  -0.364845778312 -0.332114813481 0.18758086791  -0.146276518282 -0.0836333706046 0.0
 -0.124133325275 0.0721357108465 -0.0069369348421  -0.380799076986 -0.328455580108 0.174681239117  -0.161299043132 -0.0848700335441 0.0
 -0.120150127753 0.0941626966351 -0.0220195387044  -0.395382949408 -0.323964280684 0.157049325409  -0.175172672388 -0.113351451242 0.0
 -0.115942986694 0.116578087665 -0.0374031848532  -0.408734338202 -0.319025713549 0.13542686314  -0.18907236628 -0.125300516644 0.0
 -0.111519790267 0.139317120426 -0.0530807385183  -0.420750588117 -0.313505884445 0.110174548901  -0.203348875235 -0.124475728138 0.0
 -0.106947867567 0.162304674255 -0.0690244022869  -0.428251960028 -0.307359596475 0.0799292459098  -0.217611160856 -0.127943944798 0.0
 -0.102119253049 0.185524490956 -0.0852067829519  -0.434024279086 -0.30066066559 0.0473383159487  -0.230447217915 -0.127907445055 0.0
 -0.0975716064903 0.208862815257 -0.101607212667  -0.434588342141 -0.293623529498 0.0134802035713  -0.234579174569 -0.092085121602 0.0
 -0.092928644868 0.232211334353 -0.118222264786  -0.429222504915 -0.28639370936 -0.0191785187421  -0.245011716476 -0.0966871357576 0.0
 -0.0872687550646 0.25550563393 -0.1350592642  -0.421192950206 -0.278761487265 -0.0519468962503  -0.256167788645 -0.0839868432344 0.0
 -0.0803085854215 0.278531577914 -0.152140207943  -0.407904603981 -0.270342640968 -0.0854660539594  -0.271861963844 -0.06624079049 0.0
 -0.0720488013626 0.301046800182 -0.169468768111  -0.387473706836 -0.260827673157 -0.118855390259  -0.290227004209 -0.0607956588094 0.0
 -0.0623356517184 0.322934642329 -0.187019560735  -0.364191321092 -0.250881906679 -0.150593556642  -0.304635399194 -0.0569476718758 0.0
 -0.0507094419911 0.344115402567 -0.204780486029  -0.333297414887 -0.23981957471 -0.183454032201  -0.318663025352 -0.0619055362672 0.0
 -0.0370284098079 0.364472314057 -0.222683377787  -0.299732357133 -0.228285704365 -0.216557420696  -0.325987535538 -0.0705781405352 0.0
 -0.0215570287354 0.383939488392 -0.240680847495  -0.264440973829 -0.216260429098 -0.248920474176  -0.331166167143 -0.0952255896396 0.0
 -0.00427420719222 0.402545074981 -0.258766273662  -0.232678728856 -0.203711906434 -0.281346033203  -0.33724036315 -0.0910925043598 0.0
 0.014485361169 0.420223161416 -0.276913232606  -0.20409270838 -0.190913069881 -0.307383658498  -0.335640001746 -0.0652674644502 0.0
 0.034843668725 0.436943443415 -0.295108470358  -0.178365289952 -0.178346923463 -0.327135127708  -0.33137282136 -0.0441301916894 0.0
 0.0565569458092 0.452651112346 -0.313338690174  -0.155210613366 -0.166143786548 -0.338237111676  -0.323645433217 -0.0114224356783 0.0
 0.0799612333647 0.46739592396 -0.331622976921  -0.134371404439 -0.153658589686 -0.342206649454  -0.320931066574 -0.00303808684732 0.0
 0.105151902059 0.481190077544 -0.349977246845  -0.115616116405 -0.141514344792 -0.342710572157  -0.318134779704 0.00766572183741 0.0
 0.132322853182 0.494034193911 -0.368397953528  -0.098736357174 -0.129718844409 -0.341476338877  -0.310671125055 -0.00375348192528 0.0
 0.161763763875 0.505968624067 -0.386910654626  -0.0835445738662 -0.118108758349 -0.341823143041  -0.309607546119 0.000706076793566 0.0
 0.193060182913 0.516906106249 -0.405534520814  -0.0698719688892 -0.106595732276 -0.339373471621  -0.307590254404 0.00471967964052 0.0
 0.226062941975 0.526809321359 -0.424289495259  -0.0575666244099 -0.0952035703864 -0.33356309032  -0.305774691861 0.0157003432554 0.0
 0.260677713674 0.5356753572 -0.443199375112  -0.0464918143786 -0.0839229787764 -0.322503290686  -0.312621250944 0.0297934668246 0.0
 0.296788174555 0.543469546853 -0.46227604975  -0.0365244853504 -0.0721731271428 -0.30905886879  -0.317723083447 0.0540562254053 0.0
 0.334236011209 0.55019434088 -0.481516356822  -0.027553889225 -0.0602410978689 -0.291588731815  -0.319841234466 0.0706295502332 0.0
 0.37277925979 0.555863169433 -0.500901876621  -0.0194803527121 -0.0486393840608 -0.272796947241  -0.316447217026 0.0960718583678 0.0
 0.41218146319 0.560470121308 -0.520436485318  -0.0122141698505 -0.0372651412705 -0.253007471159  -0.311625816879 0.110548883057 0.0
 0.452307370158 0.564016381484 -0.540129578332  -0.00567460527513 -0.0262073230384 -0.232243356188  -0.305166415403 0.122525573699 0.0
