 0.644671658215 0.32483376336 0.209258862454  0.552928039702 0.132679344336 -0.165506291192  0.116 -0.0597058823529 0.0
 0.644518916541 0.324828301648 0.209289569506  0.552729528536 0.132268855938 -0.169221090473  0.116860215054 -0.0494117647059 0.0
 0.643615816779 0.324806972025 0.209377472169  0.552451612903 0.131528022116 -0.171965248652  0.118279569892 -0.0269117647059 0.0
 0.641591693856 0.32475539993 0.209562880956  0.550216377171 0.130258105052 -0.173236668664  0.123212903226 0.00804411764706 0.0
 0.638734214361 0.324668221941 0.209872594089  0.54621955335 0.128545522326 -0.173901617735  0.129588387097 0.0321514705882 0.0
 0.635511793479 0.324545538906 0.210316692435  0.54133208933 0.126473634637 -0.175039316956  0.134466107527 0.0450245588235 0.0
 0.632081753104 0.324382650289 0.210893909088  0.535047515633 0.123991806903 -0.1782801426  0.139071109677 0.0580809264706 0.0
 0.628387296063 0.324165704798 0.211621903338  0.527852937767 0.121085184365 -0.182395208029  0.149237116989 0.0713022455882 0.0
 0.623961744943 0.323875745203 0.212500577943  0.51924382265 0.117606360715 -0.186458263619  0.15838652357 0.0964367269118 0.0
 0.618544357878 0.323499866782 0.213522572569  0.507326884554 0.113341689571 -0.191373252116  0.166836043256 0.119057760103 0.0
 0.612041590083 0.32303287456 0.214673056706  0.495063178729 0.10860432048 -0.194358754945  0.176806202371 0.139416689975 0.0
 0.604172260137 0.322467908144 0.215937986551  0.483082915446 0.103433145922 -0.193690404915  0.183628807941 0.162151491566 0.0
 0.594897497705 0.321796390585 0.217319643066  0.468925988666 0.0978771313217 -0.192849225418  0.19148958306 0.179671636527 0.0
 0.584344265643 0.32101198629 0.218800269519  0.454547037442 0.0920529489482 -0.190774009287  0.199639549486 0.189557414051 0.0
 0.572462394625 0.320107662825 0.220364580322  0.442102259256 0.0858170768564 -0.185071683254  0.208479895612 0.199925202057 0.0
 0.558970093947 0.319070503831 0.222011470269  0.429065730601 0.0793167966651 -0.17838177077  0.215791045836 0.218079740675 0.0
 0.543852427345 0.317887735967 0.223732692775  0.412419703447 0.0723579465761 -0.171701772243  0.223231296091 0.234418825431 0.0
 0.52716792825 0.316551932013 0.225503978605  0.395850189678 0.0649528743222 -0.162454303227  0.230787736374 0.247653413476 0.0
 0.508946793661 0.315054935805 0.22732203919  0.376421498253 0.0571769189388 -0.152993174882  0.235007887468 0.255152778011 0.0
 0.489544544547 0.313393039062 0.229176133905  0.351987785153 0.0490336594819 -0.145017404428  0.238375915926 0.25307867668 0.0
 0.469492739815 0.311564480203 0.231063926525  0.322056996712 0.0406882785104 -0.139516862307  0.24033187272 0.242388456071 0.0
 0.449320784393 0.309568934732 0.232975210202  0.287923257338 0.0322196293754 -0.136303941805  0.24424277147 0.226884904582 0.0
 0.429449576283 0.307412359676 0.234872805629  0.252488251704 0.0232965690097 -0.134071390644  0.244321720129 0.215872884712 0.0
 0.40981648554 0.305094948744 0.236747454346  0.218909401719 0.0147212892554 -0.13182243013  0.247403526611 0.207432655064 0.0
 0.39056447517 0.302620472647 0.238572584615  0.186504813905 0.0057469403416 -0.129199204492  0.247166399756 0.196895271911 0.0
 0.371647251179 0.299992086501 0.240346899501  0.158531751869 -0.00316770510414 -0.126239140244  0.252544383437 0.193293980014 0.0
 0.352874632308 0.297203046153 0.242085291216  0.134795201992 -0.0121738242086 -0.122496592307  0.258244783803 0.188582229071 0.0
 0.334086470631 0.294253690719 0.243795360187  0.112241240106 -0.0212622696061 -0.118349389638  0.264880520476 0.190224006164 0.0
 0.314665658178 0.291138106442 0.245469026415  0.0930344858223 -0.0305420910663 -0.112699591477  0.274293543697 0.199054546724 0.0
 0.294886559659 0.287862313515 0.247078910248  0.0776838908381 -0.0400751316874 -0.106596199135  0.275453436639 0.182002033228 0.0
 0.275281102901 0.284430600022 0.24863930592  0.0586078094466 -0.0494730526032 -0.100444068737  0.275852178997 0.160772418141 0.0
 0.255741651853 0.280832792913 0.250157394204  0.0398016190727 -0.0594530601797 -0.0934691645592  0.280727176151 0.15784223515 0.0
 0.236733373631 0.277065642779 0.251624563156  0.021635352947 -0.0696525700004 -0.0870719185646  0.287910372514 0.137558011635 0.0
 0.217974698601 0.273111808411 0.253058451946  -0.00146366621863 -0.0801389898595 -0.0773599334187  0.298246216983 0.129596328119 0.0
 0.199425652567 0.268947924934 0.254412136014  -0.0250319397953 -0.0910372128472 -0.0656832570331  0.303032347973 0.122430812954 0.0
 0.18135506308 0.264555775292 0.255667380492  -0.0481292420937 -0.10233677547 -0.0532569325281  0.307769973391 0.130687731658 0.0
 0.163992463968 0.259911015298 0.256810509692  -0.0654428687528 -0.11401709083 -0.0447694657583  0.317625234116 0.117530723199 0.0
 0.147564994878 0.255011370485 0.257840008371  -0.0791392766666 -0.125637972571 -0.0416843705905  0.327570237586 0.0924541214669 0.0
 0.131561168558 0.249844272192 0.258765140965  -0.0885876318783 -0.138447998999 -0.047655538085  0.347703536408 0.072826356379 0.0
 0.115439503645 0.244389829904 0.259565772117  -0.0960489679461 -0.151632938565 -0.0585418716342  0.364748236531 0.0595731325058 0.0
 0.0982667396898 0.238615046898 0.26018421136  -0.102119009117 -0.165091073878 -0.0702568875864  0.380518574168 0.0520569957258 0.0
 0.0806704921337 0.232503497725 0.260574841834  -0.109418274458 -0.179113423305 -0.0864325169824  0.399228007074 -0.0150016450232 0.0
 0.0626943542061 0.226010181174 0.260713624746  -0.12025560334 -0.193336397246 -0.0987137709762  0.399507356904 -0.00917795110913 0.0
 0.0437734587614 0.219084354722 0.260522906642  -0.129761060376 -0.207438349937 -0.109766899571  0.394167373902 0.0078280792959 0.0
 0.0250564971123 0.211736090356 0.259876420069  -0.137472299251 -0.220130107359 -0.119714715306  0.37688827092 0.0172511537192 0.0
 0.00739139097882 0.203993161864 0.25873228508  -0.14475980878 -0.231552689039 -0.128667749467  0.358971486839 0.00220250893556 0.0
 -0.00892827210335 0.195875589093 0.257087381083  -0.151864473063 -0.241833012551 -0.136725480212  0.343061434929 -0.00692950666388 0.0
 -0.0233945330603 0.187395327254 0.25488766564  -0.158357926502 -0.251085303712 -0.143977437883  0.322720882834 -0.018089497174 0.0
 -0.0348661542612 0.178570941296 0.252040332913  -0.166137518467 -0.259412365756 -0.150504199787  0.29452191283 -0.0634276062801 0.0
 -0.0429555827993 0.169415527091 0.24844236703  -0.177010118977 -0.266906721596 -0.1563782855  0.260110581762 -0.0895260221227 0.0
 -0.0489559657555 0.159924539053 0.243997145819  -0.188979082266 -0.273651641852 -0.161664962642  0.222903824661 -0.0909557728516 0.0
 -0.0541378924638 0.150109292882 0.238665456291  -0.200942216223 -0.279722070083 -0.16642297207  0.186837098109 -0.0819484308605 0.0
 -0.0593451061971 0.139974732149 0.232450589712  -0.211560153409 -0.28518545549 -0.170705180555  0.152226506578 -0.0620771171863 0.0
 -0.0646540331365 0.129542579299 0.225338989477  -0.22057039117 -0.290102502357 -0.174559168192  0.116345791404 -0.0412517584088 0.0
 -0.0703756404808 0.118846840641 0.217345284312  -0.227687049324 -0.294527844537 -0.178027757064  0.0846983090378 -0.0151559943326 0.0
 -0.0766152152405 0.107926492155 0.208543091148  -0.233000230247 -0.298510652499 -0.18114948705  0.0575058974889 0.00391842863005 0.0
 -0.0834233417316 0.0968210306863 0.199009696891  -0.23654139829 -0.302360461282 -0.183959044037  0.0338929421486 0.0269677622376 0.0
 -0.0905173153369 0.0855699934452 0.188801643643  -0.238735893696 -0.305291933514 -0.186487645325  0.0115660135251 0.0300651036609 0.0
 -0.0975221759324 0.0742109983122 0.177969269366  -0.24095907852 -0.307327091898 -0.188763386485  -0.00680779212846 0.0313821227066 0.0
 -0.104292357873 0.0627724581944 0.166548494597  -0.243555478361 -0.308552775381 -0.190811553528  -0.0250646473242 0.0252144986712 0.0
 -0.110901350132 0.0512754382457 0.154557900501  -0.247182560798 -0.308935441492 -0.192654903868  -0.0423560320542 0.0167224605688 0.0
 -0.117675583606 0.0397334851819 0.142023793332  -0.25168762978 -0.3085984861 -0.194313919173  -0.0585634396014 0.0149619792178 0.0
 -0.12481231216 0.0281552734129 0.128964344215  -0.257181397819 -0.30765296549 -0.195807032948  -0.0742253752112 0.00455401659015 0.0
 -0.132201725835 0.0165488982193 0.115385254601  -0.263614622802 -0.306109472297 -0.197150835345  -0.089826493604 -0.00481314977475 0.0
 -0.140001815949 0.00490901521759 0.101301868242  -0.270694847866 -0.303899351629 -0.198360257502  -0.105157822738 -0.00883183479727 0.0
 -0.148354435178 -0.00677575881239 0.0867243132211  -0.277017422633 -0.301083681357 -0.199448737444  -0.12089150283 -0.0168604160234 0.0
 -0.15685308889 -0.018498573854 0.0716713507731  -0.284494340419 -0.297485659204 -0.200428369392  -0.13677224502 -0.0358508450093 0.0
 -0.16584048881 -0.0302596320649 0.0561800982896  -0.292216122258 -0.293317557387 -0.201310038145  -0.149344482884 -0.0455892899202 0.0
 -0.175530201369 -0.0420560886931 0.0402876714736  -0.299860514995 -0.288759251147 -0.202103540022  -0.161089604488 -0.0558244785752 0.0
 -0.186188713549 -0.0538865691294 0.0240217642748  -0.307087862999 -0.283738063404 -0.202817691712  -0.171660213932 -0.056212618953 0.0
 -0.197840916226 -0.0657503746385 0.00741441283144  -0.313691731786 -0.278347753754 -0.203460428233  -0.180528601141 -0.0639148864694 0.0
 -0.210064566558 -0.0776449149132 -0.00952658266695  -0.319734469278 -0.272097463593 -0.204038891102  -0.190015525973 -0.0664351625284 0.0
 -0.222410385994 -0.0895771344398 -0.0267933880523  -0.324478143938 -0.26505922878 -0.204559507683  -0.20285483359 -0.0892916462755 0.0
 -0.234633480263 -0.101566491173 -0.0443717285636  -0.329591123589 -0.257510106885 -0.205028062607  -0.215055371737 -0.0922154228245 0.0
 -0.246702966415 -0.113650719616 -0.0622687852628  -0.330470720907 -0.249247074751 -0.205449762038  -0.229046608757 -0.0919056452479 0.0
 -0.257206264891 -0.125855877146 -0.0805210597037  -0.328532829958 -0.240922350521 -0.205829291527  -0.249380657558 -0.121038610135 0.0
 -0.265279239473 -0.138211493102 -0.0990975410873  -0.321428926615 -0.231788145125 -0.206170868066  -0.262520011157 -0.142846513827 0.0
 -0.27164129248 -0.150751678207 -0.117906977793  -0.313099929735 -0.222461554789 -0.206478286951  -0.272194891762 -0.15953245068 0.0
 -0.27625377448 -0.16348074638 -0.13691564048  -0.302675792841 -0.212484311097 -0.199145617034  -0.28240766065 -0.192196852671 0.0
 -0.279589090854 -0.176409322473 -0.156070681486  -0.294782903383 -0.202393401419 -0.19763908409  -0.288373346198 -0.217183049757 0.0
 -0.281855950107 -0.189532732739 -0.175370346623  -0.284701635377 -0.192211362107 -0.202095067832  -0.297183323406 -0.24408239184 0.0
 -0.283309525999 -0.202862146273 -0.194786372126  -0.275281099631 -0.181877495171 -0.211917316591  -0.303176819023 -0.268291799715 0.0
 -0.28414035584 -0.216417398173 -0.214302387874  -0.257869614978 -0.170066613097 -0.220757340474  -0.310721502712 -0.290080266802 0.0
 -0.28438645815 -0.230227090926 -0.233888015274  -0.240710445044 -0.158437126398 -0.228713361969  -0.314931072871 -0.305278122475 0.0
 -0.284018259481 -0.244318374751 -0.253555623422  -0.219411112698 -0.146814519005 -0.235873781315  -0.321085277412 -0.31601501611 0.0
 -0.282935734173 -0.258718314388 -0.273300990108  -0.200241713587 -0.133977807548 -0.242318158725  -0.323398255047 -0.312442926263 0.0
 -0.281187794075 -0.273444785141 -0.293099963659  -0.182989254387 -0.121324546633 -0.248118098395  -0.322899289757 -0.307757457166 0.0
 -0.279276722596 -0.288510324729 -0.312909193938  -0.167462041107 -0.109302728367 -0.253338044098  -0.317934091964 -0.280011123214 0.0
 -0.277576336661 -0.303914792314 -0.332713474807  -0.153487549155 -0.0962966129117 -0.25803599523  -0.315400897822 -0.253568834422 0.0
 -0.276246639594 -0.319656334746 -0.352529521894  -0.140910506399 -0.0837533775791 -0.262264151249  -0.314626399437 -0.220947245098 0.0
 -0.275076959845 -0.335734718801 -0.372363549047  -0.129591167918 -0.0714731502621 -0.275835818809  -0.315864834762 -0.191587814706 0.0
 -0.273562401614 -0.352150391094 -0.392219923374  -0.119403763285 -0.0582875229854 -0.281399630577  -0.316549319028 -0.176929033235 0.0
 -0.271275417673 -0.368914817106 -0.41214681438  -0.110235099115 -0.0447338258376 -0.277299811318  -0.325982559168 -0.168147894617 0.0
 -0.267919488061 -0.386056471301 -0.432185989329  -0.101983301362 -0.0311057701087 -0.273609973985  -0.331031615079 -0.15436251692 0.0
 -0.263409910662 -0.403607045662 -0.45232840995  -0.0945566833849 -0.0173549428954 -0.270289120385  -0.334070389055 -0.141955676993 0.0
 -0.25743464518 -0.421579058782 -0.472599944933  -0.0878727272052 -0.00362207349761 -0.267300352145  -0.343041844773 -0.136671874 0.0
 -0.250291002758 -0.439990787187 -0.49297201731  -0.0818571666435 0.00982376737258 -0.264610460729  -0.351546262447 -0.124563510129 0.0
 -0.242700374824 -0.458855099594 -0.513294611969  -0.076443162138 0.0228856228545 -0.262189558455  -0.331888410396 -0.0960189238221 0.0
 -0.234999740118 -0.478153322487 -0.53346076859  -0.071570558083 0.0349037819675 -0.260010746408  -0.310540429571 -0.0688582079105 0.0
 -0.227413236005 -0.497854613902 -0.553404142083  -0.0671852144335 0.0460077462912 -0.258049815566  -0.285090687689 -0.0355900341783 0.0
