 0.331835944667 0.331833470705 -0.00602898934704  0.645871604938 0.147703020134 0.135087014726  0.101112903226 -0.192090909091 0.0
 0.331313587094 0.33182880312 -0.0059663749093  0.646365432099 0.147459731544 0.131338688086  0.103370967742 -0.177545454545 0.0
 0.329430460424 0.331810819685 -0.00571531376662  0.646513580247 0.147031040268 0.124886211513  0.107822580645 -0.154454545455 0.0
 0.32565835605 0.33177250871 -0.00516485166309  0.645511111111 0.146315240492 0.114393574297  0.114409677419 -0.128218181818 0.0
 0.319676499706 0.33170662302 -0.00423184014982  0.643522469136 0.145388582215 0.101804283802  0.125176774194 -0.0991509090909 0.0
 0.31137215519 0.331606724261 -0.00286800712683  0.640152444444 0.144084791107 0.087394939759  0.137125225806 -0.0711721818182 0.0
 0.300781627553 0.331467292478 -0.00104505662823  0.635884854321 0.142531065912 0.0725523668005  0.148362703226 -0.0459913272727 0.0
 0.288069084408 0.331282642383 0.00125310618313  0.63016748 0.14062376469 0.0559811997323  0.158799013548 -0.0233285581818 0.0
 0.273485465926 0.331045933976 0.00403226153624  0.622602090025 0.13823325623 0.0376534947523  0.170449757355 -0.00202297509091 0.0
 0.257499348464 0.330751336943 0.00729229989407  0.614163609417 0.135329561479 0.0192174625462  0.183193491297 0.0080611406 0.0
 0.240804985124 0.330392948512 0.0110417162651  0.605038112673 0.131958406226 -0.000788621057831  0.196114464748 0.00804593563091 0.0
 0.223718931576 0.329960231228 0.0152796740977  0.594998005109 0.128102218847 -0.0232787013885  0.210485276337 0.010759523886 0.0
 0.20606729442 0.329438673486 0.019970064641  0.584381661389 0.12373679562 -0.0462640842617  0.22599965193 0.0250199351338 0.0
 0.187371861719 0.328813898913 0.0250557385121  0.574283742163 0.118873910242 -0.0661477159961  0.240285170608 0.0442179416204 0.0
 0.167225704147 0.328074014259 0.0305045285339  0.564010429675 0.113389930851 -0.0827712308758  0.252335685805 0.0651325110947 0.0
 0.14553007276 0.327207242904 0.0363088817889  0.551258275597 0.10754830913 -0.0989372135446  0.263181149482 0.0866828963489 0.0
 0.122468627899 0.32620476767 0.0424550075532  0.534694917173 0.101158299246 -0.115494630075  0.275361421631 0.104260061259 0.0
 0.0983399983822 0.32505761503 0.0489233644498  0.515787894591 0.0944033753619 -0.131801927442  0.287775279468 0.114624964224 0.0
 0.0733015084104 0.323758665249 0.0556801344484  0.495067870564 0.0870879259689 -0.147549445541  0.299431622489 0.119407922347 0.0
 0.0472785500628 0.322300652244 0.0626849744326  0.472321083508 0.079315542768 -0.162793162299  0.307019105401 0.128258039204 0.0
 0.020183993084 0.320673651077 0.0699295702968  0.446169962811 0.0711235298782 -0.177047982615  0.317880098087 0.144404962556 0.0
 -0.00774937495043 0.31886931059 0.0773993402915  0.418337657888 0.0627048569799 -0.189207976857  0.327493701181 0.156209920846 0.0
 -0.0355367271807 0.316887804174 0.0850556365921  0.388498460001 0.0538556800067 -0.200553578101  0.334533040741 0.127743474216 0.0
 -0.0616461212111 0.314735147716 0.0928422312135  0.357988860914 0.044901487845 -0.215516961924  0.337965220538 0.0675782177033 0.0
 -0.0862634945398 0.312403125443 0.10072110543  0.327073431613 0.0356849967786 -0.23547664458  0.341376763 0.0361567595693 0.0
 -0.110286018358 0.309877099785 0.108672382701  0.294706335365 0.0260870228278 -0.255180653482  0.344608441539 0.0442410836124 0.0
 -0.133956640454 0.307146114053 0.116727309856  0.263008047508 0.0168504122676 -0.272177983047  0.350581468353 0.0624260661602 0.0
 -0.157229731869 0.304202103024 0.124883599658  0.231220329177 0.00767616522431 -0.285534481931  0.356118482808 0.0842470959079 0.0
 -0.179961855641 0.301036860625 0.133142143636  0.196339777741 -0.00390560118626 -0.289121595987  0.36690824743 0.106613295408 0.0
 -0.201996160373 0.297639803098 0.141525596202  0.162971972806 -0.0155064840207 -0.28833393438  0.37661903559 0.132197420413 0.0
 -0.223095588078 0.294000691025 0.150052497671  0.130274281698 -0.0274237886387 -0.281266270527  0.388907132031 0.160677678371 0.0
 -0.243116420606 0.290110047562 0.158704909015  0.100648828837 -0.0392315775601 -0.270889308802  0.402547063989 0.192673546898 0.0
 -0.261985782707 0.28595965439 0.167427576175  0.0759118471879 -0.0514721222649 -0.256663831737  0.413371389849 0.216015283117 0.0
 -0.279241288599 0.281547711836 0.176180206166  0.054932514321 -0.063540066638 -0.241986739059  0.42359715409 0.217022845715 0.0
 -0.294530423352 0.276870390492 0.184934409505  0.0364461764691 -0.0754694492359 -0.227505601967  0.432316470939 0.203384197507 0.0
 -0.307670349275 0.271923406183 0.193641721272  0.0194627933901 -0.087777481941 -0.213669365733  0.437583210942 0.18110941412 0.0
 -0.319019620238 0.266698501061 0.202247682063  0.00388145232269 -0.0998726084672 -0.201216753122  0.440710373718 0.166516654526 0.0
 -0.329035019459 0.26118673832 0.210725205739  -0.00940101389723 -0.112223546726 -0.190411008198  0.44368611054 0.162474079982 0.0
 -0.337807990007 0.255383072777 0.21907249456  -0.0208614063347 -0.124569816214 -0.180217296937  0.446848144647 0.156108490166 0.0
 -0.345302773331 0.249286463009 0.227249571689  -0.0313732903926 -0.136872733922 -0.169235727885  0.445016555989 0.145834004786 0.0
 -0.351496734985 0.242900655814 0.235225270608  -0.0414759613533 -0.14906113167 -0.156608005164  0.442722964906 0.132950604307 0.0
 -0.356584476038 0.236226901005 0.242959763601  -0.0508646615143 -0.161124090092 -0.143368891394  0.439368410351 0.128628271149 0.0
 -0.360749117062 0.229266654043 0.250408921636  -0.0586725163505 -0.173046188913 -0.131252885789  0.435381569316 0.130192716762 0.0
 -0.363806682574 0.222026731787 0.257538702806  -0.0647119313821 -0.18502048501 -0.121620234426  0.429696638191 0.125237081449 0.0
 -0.365191181885 0.214517542875 0.264321642501  -0.0701967876266 -0.196787284384 -0.113419389029  0.42345116792 0.10895882785 0.0
 -0.364199189257 0.206748786538 0.270736268172  -0.0769109360245 -0.20737740382 -0.103562055213  0.415088309193 0.0743083996101 0.0
 -0.360080246231 0.198724517075 0.276733129552  -0.0862129288418 -0.216908511313 -0.0847172285403  0.402400446015 0.0203957414672 0.0
 -0.35215498449 0.19043696299 0.282193605159  -0.0983871915131 -0.225486508056 -0.067756884535  0.384529756253 -0.0335801963158 0.0
 -0.33974793106 0.181872765494 0.286845568962  -0.110874892115 -0.233206705125 -0.0524925749302  0.36054290966 -0.0767039948661 0.0
 -0.322780883633 0.173022925179 0.290352265964  -0.124582958459 -0.240154882488 -0.0387546962859  0.322664425145 -0.0936972317431 0.0
 -0.302021251017 0.163888670326 0.292430932342  -0.138944909527 -0.246408242114 -0.0263906055061  0.277606047147 -0.108082054023 0.0
 -0.278709203031 0.154474456396 0.292959405796  -0.15433980129 -0.252036265777 -0.0152629238042  0.229472861787 -0.121937484985 0.0
 -0.254611196657 0.144782053918 0.291939058219  -0.169479154494 -0.257101487074 -0.00524801027249  0.182604607866 -0.122589191032 0.0
 -0.231411434466 0.134815033559 0.289397828025  -0.183598399539 -0.261660186241 0.00376541190603  0.13993930837 -0.103175726474 0.0
 -0.20991517244 0.124582270044 0.285348022376  -0.19566374477 -0.265763015492 0.0118774918667  0.0994437646298 -0.0766126992811 0.0
 -0.189985274839 0.114097675598 0.279825812567  -0.205534901157 -0.269455561817 0.0191783638313  0.0605784204249 -0.0545241566257 0.0
 -0.170983736928 0.103376404726 0.272938175721  -0.213826349313 -0.273128406083 0.0257491485994  0.024631868705 -0.0410081045995 0.0
 -0.152163531089 0.0924365233094 0.264810236387  -0.221733097098 -0.275569871962 0.0316628548908  -0.00917164074618 -0.0415709305032 0.0
 -0.13303790956 0.0812973001254 0.255527983809  -0.229836824425 -0.277031732641 0.036985190553  -0.0394335089296 -0.047532019271 0.0
 -0.113659443091 0.0699728589868 0.245170037956  -0.237821537044 -0.27761754148 0.0417752926489  -0.066185319327 -0.0465333627985 0.0
 -0.0941421467157 0.0584745978713 0.233842752449  -0.245254691982 -0.277565910374 0.0460863845353  -0.0902619486846 -0.0483618447005 0.0
 -0.0745963407666 0.0468142846477 0.221650946613  -0.253179099327 -0.276632977055 0.0499663672331  -0.113543818332 -0.0545529329577 0.0
 -0.0552304364212 0.0350009355724 0.208672002088  -0.261496251123 -0.275186513801 0.053458351661  -0.134981371983 -0.0628521851165 0.0
 -0.0362146804823 0.0230444305649 0.194947768408  -0.270265638356 -0.272780110743 0.0566011376462  -0.156049363817 -0.0675942393321 0.0
 -0.018108573184 0.0109489576893 0.180546040703  -0.27786179057 -0.269825757387 0.0594296450328  -0.172268620984 -0.0573166335807 0.0
 -0.00156557228993 -0.00128307095003 0.165567088514  -0.282525488056 -0.266327913192 0.0619753016808  -0.184446597595 -0.0362486065863 0.0
 0.0136883491442 -0.0136427959858 0.150061978577  -0.284747507152 -0.262508712477 0.064266392664  -0.196213228158 -0.0254692004731 0.0
 0.0285192923011 -0.0261201859956 0.134049409583  -0.286451028041 -0.258120648835 0.0663283745489  -0.2127709376 -0.0412222804258 0.0
 0.0431439470066 -0.0387138419455 0.11758424857  -0.289860740052 -0.253010877017 0.0681841582453  -0.22525352126 -0.0499455069287 0.0
 0.0572739879599 -0.0514252833234 0.100709195066  -0.293423308022 -0.247503245691 0.069854363572  -0.234713653005 -0.0523418653267 0.0
 0.0707418584144 -0.0642533917527 0.0834415850289  -0.29544443401 -0.241489330518 0.0801259553273  -0.245163255446 -0.0599531333395 0.0
 0.0835563495058 -0.0771999459097 0.0658047528251  -0.296868385671 -0.235123227444 0.0857559300757  -0.255051768611 -0.0631669109146 0.0
 0.0954008691005 -0.0902715514143 0.047829190813  -0.297853645869 -0.228761743625 0.089350350455  -0.263306269169 -0.0578774925504 0.0
 0.106276249813 -0.10347221901 0.0295201415385  -0.297851491159 -0.222256206847 0.0910458374978  -0.272186932575 -0.0585715614772 0.0
 0.116505017079 -0.116803248898 0.0108609815175  -0.297059428463 -0.215909053724 0.090831481325  -0.281631142543 -0.0628325871477 0.0
 0.125811778078 -0.13027188794 -0.00813494897195  -0.29417373253 -0.209357689738 0.0873587749596  -0.289324479902 -0.055758419342 0.0
 0.133656366364 -0.14388841893 -0.027421977545  -0.289749445697 -0.202977681391 0.0827607823365  -0.294474289976 -0.0384825774078 0.0
 0.139792497859 -0.157661253726 -0.0469638061129  -0.281273760386 -0.196312855086 0.0768822944643  -0.299592990011 -0.0202070469397 0.0
 0.14425741092 -0.171595067302 -0.0667495375723  -0.270435767064 -0.189665741837 0.0703868361022  -0.305651432945 -0.00103179679122 0.0
 0.14660529783 -0.185699597162 -0.0867372459107  -0.256237128629 -0.182875174365 0.0640723827463  -0.30884596707 0.031680473797 0.0
 0.146995141213 -0.199981277802 -0.106892175639  -0.238520082433 -0.176022612186 0.0591925875774  -0.311398467137 0.0556669718718 0.0
 0.146496683265 -0.214438910022 -0.127218544877  -0.219019185301 -0.169035954994 0.0547338375212  -0.317727975262 0.0590730019574 0.0
 0.145515074058 -0.229076641149 -0.147700447685  -0.198456032203 -0.161881073141 0.0500516184277  -0.322940661607 0.0657747926707 0.0
 0.144085056562 -0.243901494421 -0.168312861583  -0.177084996884 -0.154569196252 0.0461053588607  -0.328761111575 0.07453367704 0.0
 0.142791766249 -0.258913659651 -0.189035201431  -0.155381929294 -0.14687273524 0.0428883972718  -0.337225322998 0.068780309336 0.0
 0.142038789004 -0.274113493186 -0.209810707205  -0.13614546476 -0.138972765966 0.0394576566075  -0.343875371344 0.0626931874933 0.0
 0.142175507156 -0.289502373594 -0.2306061903  -0.119277091123 -0.13090082494 0.0360353179883  -0.350989447113 0.0544875051076 0.0
 0.144050998697 -0.305076944084 -0.251418902926  -0.103502962258 -0.12215956795 0.031081049911  -0.362230824982 0.0298296636878 0.0
 0.148111613443 -0.320835360954 -0.272206842109  -0.0891087154147 -0.113397582072 0.0246141765129  -0.371864194097 0.00581942459173 0.0
 0.154588084316 -0.336776329307 -0.292909923732  -0.0769440167128 -0.104166716482 0.0149787294105  -0.382147129526 -0.0257897905947 0.0
 0.163621778802 -0.352896902782 -0.313467051112  -0.0672797384983 -0.094717997854 0.00121981229276  -0.389466287541 -0.0624199024443 0.0
 0.174896274938 -0.369197951986 -0.333832695201  -0.0594707769941 -0.08516269695 -0.0163171622431  -0.392827723303 -0.0926597303817 0.0
 0.188275813889 -0.385679593433 -0.354020422119  -0.0515044400355 -0.0755478254653 -0.0362503723909  -0.396659467102 -0.120784666434 0.0
 0.203821198126 -0.402343504334 -0.374065838138  -0.0430507861554 -0.0662848214423 -0.0563321624611  -0.401882230069 -0.152460745246 0.0
 0.22150776298 -0.419195234312 -0.393980779183  -0.0324301519843 -0.0568714958976 -0.0781541001641  -0.405614974804 -0.183696488903 0.0
 0.241032455245 -0.436245128307 -0.413772886206  -0.0197110874031 -0.0475633731535 -0.100069613842  -0.406716380549 -0.205445021831 0.0
 0.262041980712 -0.45350403449 -0.433470762627  -0.00342442310727 -0.0382101119008 -0.12006131377  -0.407223774753 -0.215018701466 0.0
 0.284524055051 -0.470981134105 -0.453106344373  0.0144928340183 -0.0291965391894 -0.137317565258  -0.408325590826 -0.22090774041 0.0
 0.308642969189 -0.488687396335 -0.472710992011  0.0357541679004 -0.0200720194987 -0.150840159468  -0.409639805937 -0.223480602733 0.0
 0.334324588108 -0.506635309631 -0.492306104248  0.0599757881474 -0.0108364618441 -0.159596839639  -0.409854857601 -0.215796178823 0.0
