 -0.162077685016 -0.378521537223 0.277104533208  -0.732689674367 0.116240656233 -0.0054041013269  0.0185590778098 0.138490566038 0.0
 -0.162115929801 -0.378526311145 0.277108357886  -0.732817701085 0.116137069907 -0.00739445114596  0.0217291066282 0.134716981132 0.0
 -0.162088698913 -0.378476511834 0.277130177423  -0.732980239354 0.115789075842 -0.0108142340169  0.0300576368876 0.127547169811 0.0
 -0.162023965372 -0.378406321859 0.277177465481  -0.73322671862 0.115055936616 -0.014253920386  0.0381296829971 0.115433962264 0.0
 -0.161861095712 -0.378306430395 0.277237158856  -0.733509780128 0.113992964529 -0.0186162243667  0.0451063400576 0.106418867925 0.0
 -0.16165224982 -0.378193428319 0.277301707946  -0.733820199276 0.112526756908 -0.0224819843185  0.0548435446686 0.103965660377 0.0
 -0.161502125301 -0.378075637046 0.277377581871  -0.734255435124 0.110431672415 -0.0267452454765  0.0636070288184 0.101757773585 0.0
 -0.161408709928 -0.377912398056 0.27747209596  -0.734697244798 0.108033764 -0.0335375484318  0.0732232711816 0.0997706754717 0.0
 -0.161508886413 -0.377739303814 0.277588765803  -0.735094873505 0.105116946574 -0.0429075571592  0.0838951803746 0.105529456981 0.0
 -0.161809090937 -0.377524214851 0.277720963306  -0.735452739341 0.10155113506 -0.0517024467992  0.09032986983 0.116372737698 0.0
 -0.16227534664 -0.377254084311 0.27785604125  -0.735774818594 0.0976643941287 -0.0606431792001  0.0966974592159 0.114810935626 0.0
 -0.162872983594 -0.37693144878 0.277977328898  -0.736064689921 0.0932872433297 -0.0683882702065  0.101275551911 0.124726068479 0.0
 -0.163693247674 -0.37660411977 0.278069212239  -0.736325574116 0.0887402878033 -0.0716194069976  0.105972204213 0.154404405027 0.0
 -0.164619284207 -0.376222418951 0.278129637388  -0.736560369891 0.0838725301951 -0.0709086122569  0.115098326731 0.152813021128 0.0
 -0.165570017559 -0.375752749172 0.278160295669  -0.736771686089 0.0785620710388 -0.06683102003  0.123888205873 0.157041152978 0.0
 -0.166386772472 -0.37515386287 0.278163826853  -0.736961870667 0.0727383956408 -0.0621358553008  0.131222728226 0.147638924472 0.0
 -0.166904703756 -0.374355636972 0.278138952359  -0.737133036787 0.0667215901482 -0.059176793293  0.138976536095 0.122195786742 0.0
 -0.167233114515 -0.373379699964 0.278084973267  -0.737287086295 0.0605729620273 -0.0566945783787  0.147972254243 0.118164887313 0.0
 -0.167653387753 -0.372243964886 0.278000219561  -0.737425730852 0.0542105061057 -0.0501783171633  0.158662060519 0.135291794808 0.0
 -0.168130837119 -0.370906655697 0.277897870202  -0.737550510954 0.0474344343579 -0.042504273143  0.170588361672 0.139385256837 0.0
 -0.168746171559 -0.369432744458 0.277784735843  -0.737662813045 0.0400145442131 -0.031375679363  0.183339323775 0.131748617946 0.0
 -0.169333503848 -0.367754429352 0.277654032663  -0.737763884927 0.0321943938596 -0.0232296675184  0.189339685346 0.104120925962 0.0
 -0.16989836137 -0.365789597476 0.277490489567  -0.737854849621 0.0239048237309 -0.01601888412  0.198198224016 0.0886899654416 0.0
 -0.170502490051 -0.363567575737 0.277303083894  -0.737936717846 0.0149296105423 -0.00892604275264  0.207900015447 0.0785756858786 0.0
 -0.171191513502 -0.361120001064 0.277083463516  -0.738010399248 0.00549129827442 -0.00127589927351  0.218072549926 0.0826803814417 0.0
 -0.171851693926 -0.358457459539 0.276831139434  -0.73807671251 -0.00467176251414 0.00627267979738  0.227227830956 0.0731670602787 0.0
 -0.1722526729 -0.355595039611 0.27654474108  -0.738136394446 -0.0154003084274 0.0119204419745  0.239790350454 0.0495107316093 0.0
 -0.172162051842 -0.352534919384 0.276196740538  -0.738190108188 -0.0264474160824 0.0152543326383  0.246485666994 0.0319936207125 0.0
 -0.171548501696 -0.349312726048 0.275749074736  -0.738238450556 -0.0377140381741 0.0181945206049  0.25395237407 0.0162282209054 0.0
 -0.170512432723 -0.345932431052 0.275171267246  -0.738281958687 -0.049147427324 0.0218057078689  0.257214197181 0.013360115796 0.0
 -0.169227645123 -0.342300319626 0.274456459771  -0.738321116005 -0.0609436787404 0.0280111443196  0.268219002247 0.050401462707 0.0
 -0.167871807375 -0.338463787199 0.273616706012  -0.738356357591 -0.0730889032402 0.0412558682471  0.277835142368 0.0516632032287 0.0
 -0.166232653821 -0.334336434655 0.27265325465  -0.738388075019 -0.0858925580602 0.0592677965008  0.285913299601 0.0282704678115 0.0
 -0.164321728921 -0.329882074607 0.271550197154  -0.738416620704 -0.0989108500579 0.0782529589496  0.293471825549 0.041179270087 0.0
 -0.162209839143 -0.325122814863 0.270283485191  -0.73844231182 -0.112133514037 0.101069400087  0.295663547893 0.0452500223235 0.0
 -0.159895097203 -0.320032451852 0.268807861425  -0.738465433825 -0.125411329799 0.122388274313  0.295618806937 0.0526872842421 0.0
 -0.157529970112 -0.31455227748 0.267064593143  -0.738486243629 -0.138498013948 0.132769471007  0.290103035753 0.0650411973274 0.0
 -0.155480706681 -0.308732373326 0.265063489042  -0.738504972453 -0.151482670404 0.138674671071  0.288308870506 0.098801228538 0.0
 -0.153624730809 -0.30249375967 0.262820565099  -0.738521828394 -0.164395099352 0.150925418681  0.287846859536 0.112204124552 0.0
 -0.151782406674 -0.295777483106 0.260321421623  -0.738536998742 -0.177516887326 0.171902840624  0.286566496349 0.122379938512 0.0
 -0.150093902726 -0.288618704191 0.257518365412  -0.738550652054 -0.190443549051 0.19186816573  0.281667771786 0.156066472963 0.0
 -0.148647157992 -0.280955464164 0.254377425269  -0.738562940036 -0.203172200109 0.211284485466  0.27725891968 0.163742844534 0.0
 -0.147217393954 -0.272559055164 0.250882958676  -0.738573999219 -0.215703044154 0.224295964543  0.270409108403 0.168764786496 0.0
 -0.145850385681 -0.263292431893 0.24704265168  -0.738583952484 -0.227983071494 0.229432109946  0.265973384883 0.154416609733 0.0
 -0.144485840327 -0.25310608163 0.242863286353  -0.738592910422 -0.239995369345 0.235260913427  0.259963942648 0.118861741213 0.0
 -0.142979921863 -0.242115111237 0.238300987103  -0.738600972567 -0.251455951675 0.240446522928  0.246486280372 0.0906359444499 0.0
 -0.141392946945 -0.230248339764 0.233299848612  -0.738608228497 -0.262092433273 0.236247467741  0.231762724381 0.0520251801936 0.0
 -0.139751773188 -0.217213119541 0.227895704706  -0.738614758834 -0.272583545499 0.225713191413  0.231191639263 0.00595473764596 0.0
 -0.137808285035 -0.202796292759 0.222118121572  -0.738620636137 -0.282025546502 0.218886142477  0.232406769285 -0.0279614908356 0.0
 -0.135652894167 -0.187127224877 0.21597039289  -0.73862592571 -0.290523347405 0.212741798434  0.255402403595 -0.0188634549596 0.0
 -0.133307537069 -0.170373830042 0.209516738609  -0.738630686326 -0.298171368218 0.206065929809  0.279844872169 -0.0540714490863 0.0
 -0.130620703257 -0.152788726276 0.202701251308  -0.73863497088 -0.305054586949 0.200057648046  0.266108223569 -0.0404756249324 0.0
 -0.127817554961 -0.13472282834 0.195379100176  -0.738638826979 -0.311249483807 0.19465019446  0.232419591414 -0.026352590741 0.0
 -0.125015648371 -0.116287347536 0.187482484019  -0.738642297468 -0.316824890979 0.198106767294  0.197777055904 -0.011755067516 0.0
 -0.121951590889 -0.097598768798 0.178971842416  -0.738645420908 -0.321842757435 0.196452906005  0.154206843109 -0.0231455985002 0.0
 -0.118811641616 -0.0787568062771 0.169849295079  -0.738648232004 -0.326358837244 0.191164672099  0.121621893668 0.000565187764888 0.0
 -0.115682402471 -0.0594554446366 0.160171283815  -0.73865076199 -0.330423309073 0.187611534202  0.0989236812466 -0.0290385008229 0.0
 -0.112326161487 -0.0393234389793 0.149973306198  -0.738653038978 -0.334081333719 0.188816605148  0.0813771344476 -0.0670025752689 0.0
 -0.10868409368 -0.0181760754305 0.139262381454  -0.738655088267 -0.3373735559 0.193761241376  0.0641443201383 -0.0917362800062 0.0
 -0.105013531073 0.00403800472666 0.128041927306  -0.738656932627 -0.340336555863 0.197789218566  0.0486347872599 -0.0913551048358 0.0
 -0.101376698121 0.0273218698091 0.116315251482  -0.738658592551 -0.34300325583 0.198700284646  0.0300652566607 -0.102332801899 0.0
 -0.0976279634977 0.0516193255247 0.104090584244  -0.738660086483 -0.3454032858 0.201570907569  0.00672443704653 -0.119759899068 0.0
 -0.093781104959 0.07675429019 0.0913814934247  -0.738661431021 -0.347563312773 0.203129136474  -0.0171641449867 -0.142991456331 0.0
 -0.089853482927 0.102684752465 0.0782238022329  -0.738662641106 -0.349092991742 0.209839142007  -0.0386638688165 -0.16578665032 0.0
 -0.086054796352 0.129311494894 0.0646502087294  -0.738663730182 -0.349302256918 0.211595879193  -0.0603190957677 -0.182528740005 0.0
 -0.0823096469103 0.156472111955 0.0506717467097  -0.73866471035 -0.348281155221 0.205999620586  -0.0821142755281 -0.188162658458 0.0
 -0.0782952448742 0.184017638843 0.0362996670539  -0.738665592502 -0.346292704863 0.197404483618  -0.106340888321 -0.221535071857 0.0
 -0.0739087763491 0.211729887295 0.0215516417839  -0.738666386439 -0.343153677665 0.18369781089  -0.128433024273 -0.225155149577 0.0
 -0.0695217194349 0.239440993778 0.00648593033992  -0.738667100982 -0.33904072318 0.165028874191  -0.143993180059 -0.192564162921 0.0
 -0.065046482407 0.267064556993 -0.00887177561776  -0.73866774407 -0.33419681492 0.142979545277  -0.162320086837 -0.197194539082 0.0
 -0.0601603873108 0.294471124095 -0.0245121430573  -0.73866832285 -0.328583063046 0.119094135984  -0.180255225127 -0.225890179513 0.0
 -0.0547438746751 0.321442477196 -0.0404354592318  -0.738668843752 -0.3222932497 0.0896961819756  -0.196108665151 -0.219640784204 0.0
 -0.0489004979307 0.347650593294 -0.0566275835291  -0.738669312563 -0.315285795443 0.0536481560579  -0.21354678999 -0.202695573708 0.0
 -0.0426658571443 0.372712574969 -0.0730702965894  -0.738669734494 -0.307187323125 0.0134244743483  -0.23298750004 -0.16669016728 0.0
 -0.035905484758 0.396434326387 -0.0897319701345  -0.738670114231 -0.297997748963 -0.0301351021577  -0.251636876837 -0.202209829798 0.0
 -0.0287956857984 0.41854447864 -0.106568212189  -0.738670455995 -0.288265725124 -0.0759732204099  -0.26323399607 -0.183234129837 0.0
 -0.0211189035906 0.438833103133 -0.123573522637  -0.738670763582 -0.278291864053 -0.12084634469  -0.278858723264 -0.175589962136 0.0
 -0.0125437141604 0.457051594411 -0.140751368618  -0.738671040411 -0.267697202691 -0.165273169811  -0.300701957566 -0.180030965922 0.0
 -0.00286004481207 0.472903127866 -0.158083593317  -0.738671289556 -0.256241460977 -0.207790484916  -0.320649052876 -0.168933529708 0.0
 0.00797184664753 0.48600066711 -0.175554674548  -0.738671513787 -0.243901561358 -0.247503595653  -0.338025069778 -0.164606214473 0.0
 0.0199839112297 0.495998253453 -0.193132990583  -0.738671715595 -0.231073878976 -0.284150099779  -0.343000660783 -0.13995691378 0.0
 0.0331262249489 0.502610784943 -0.210793415442  -0.738671897223 -0.217843587302 -0.315805053613  -0.342867741679 -0.127206505421 0.0
 0.0475390889637 0.505840945357 -0.228520206458  -0.738672060687 -0.204382529896 -0.344415139325  -0.341595376733 -0.145919817143 0.0
 0.0631871466138 0.505739654856 -0.246307852986  -0.738672207805 -0.190428221026 -0.36907857111  -0.337568403901 -0.126912741089 0.0
 0.0800212636771 0.50237008253 -0.264148042725  -0.738627809179 -0.176343544448 -0.384098337642  -0.333079575038 -0.115466749999 0.0
 0.098208982943 0.495917025954 -0.28204536689  -0.737608167699 -0.162323512912 -0.389413473721  -0.322411386987 -0.108938942924 0.0
 0.117768975548 0.486461422865 -0.299995819137  -0.735986343414 -0.14845684935 -0.394197096192  -0.318285522063 -0.12570542599 0.0
 0.138918508533 0.474087617649 -0.31800867693  -0.734323528722 -0.134554639877 -0.398502356416  -0.310249477062 -0.112493373957 0.0
 0.161574194058 0.458736181733 -0.336103569527  -0.732838128257 -0.120768819496 -0.402377090618  -0.30013519218 -0.0817346025989 0.0
 0.185703366924 0.440409415468 -0.354295838423  -0.731501267839 -0.107336916409 -0.405864351399  -0.292185073538 -0.0710328404522 0.0
 0.211254327939 0.419174955324 -0.372592324852  -0.730484567162 -0.0943159266916 -0.409002886102  -0.276960802496 -0.0463069148976 0.0
 0.238178663507 0.395218849778 -0.391008469146  -0.729600151637 -0.0817711449634 -0.411827567335  -0.26873446288 -0.0240535818984 0.0
 0.266557241895 0.368744635028 -0.40955564794  -0.728684500514 -0.0696997445128 -0.414369780445  -0.25931346616 -0.00591237465194 0.0
 0.296227851699 0.339786091417 -0.428239317849  -0.727849281746 -0.0578808101242 -0.416657772244  -0.249970015797 0.0349430137566 0.0
 0.327143024318 0.30845199098 -0.447059051198  -0.72718108054 -0.0464906685838 -0.418716964863  -0.239543619405 0.07548644823 0.0
 0.359143843436 0.274815206318 -0.466017267262  -0.72684966884 -0.0356964128903 -0.420570238219  -0.231312600404 0.115749124162 0.0
 0.392161599722 0.238981729071 -0.485144184862  -0.72679075261 -0.0252592781104 -0.422238184241  -0.21987010117 0.131230815519 0.0
 0.426441921595 0.201171787605 -0.504445004509  -0.726654232317 -0.0153563240669 -0.42373933566  -0.211877327365 0.0961077339672 0.0
 0.461612801295 0.161406973867 -0.523937094338  -0.726856997229 -0.00554498405358 -0.425090371937  -0.215923024023 0.106006394533 0.0
 0.497672189391 0.119807609478 -0.54363621063  -0.727237092107 0.00430988670263 -0.426306304586  -0.213800462255 0.126235943759 0.0
