 0.283207690319 0.272283452531 0.181666904497  -0.236696192307 0.0825693155616 0.0580207134638  0.151690909091 -0.0898717948718 0.0
 0.283005555523 0.272274797787 0.181649075814  -0.23670454862 0.0821587649738 0.0554890678941  0.146236363636 -0.0725641025641 0.0
 0.28203328809 0.272247550813 0.181558901597  -0.236826272249 0.0815727461898 0.0544380514001  0.144781818182 -0.0448076923077 0.0
 0.28078214556 0.272211943143 0.181530916058  -0.2369051837 0.0801426803892 0.0603582662064  0.160745454545 -0.0493141025641 0.0
 0.279827228671 0.272177050827 0.181629294727  -0.236881499123 0.0780682638772 0.0636151131569  0.164567272727 -0.0649083333333 0.0
 0.278896036703 0.272141454674 0.181828124964  -0.236751550932 0.0755826511445 0.0637461219793  0.166552363636 -0.0629175 0.0
 0.277533797046 0.272091047379 0.182135376883  -0.236737658756 0.0725835503065 0.0628283567319  0.166157127273 -0.0451001089744 0.0
 0.275713898946 0.272026761644 0.182594778395  -0.236817075243 0.0693500813902 0.0616187853471  0.173074141818 -0.0316285596154 0.0
 0.273388997802 0.271942273994 0.183263829239  -0.236983254964 0.0654417027996 0.061105545094  0.184208545818 -0.0118118575 0.0
 0.270392818863 0.271832364682 0.184137903913  -0.237313870166 0.0607459381211 0.0628684083061  0.189138600327 0.00986932825 0.0
 0.266756050141 0.271692637462 0.18523557776  -0.237917821998 0.0554765014993 0.0645317017294  0.200121103931 0.0332285492712 0.0
 0.262548971384 0.271522110825 0.186524426671  -0.238600650533 0.0496485802735 0.0693274767042  0.205096266265 0.049123643062 0.0
 0.257985714844 0.271323973999 0.187994681895  -0.239348897226 0.0433911346526 0.0752547213621  0.212846639639 0.0544548684994 0.0
 0.253389139664 0.271100603523 0.189657013722  -0.240111453257 0.0369130245055 0.0804358084894  0.221458339311 0.0464324585725 0.0
 0.248908698761 0.270854763721 0.191484326375  -0.24076711387 0.0300591608942 0.0847919207743  0.227027050835 0.0353661357922 0.0
 0.244356840861 0.270583933712 0.193448190575  -0.241217936535 0.0232242419365 0.0893645123563  0.230402527569 0.028611573495 0.0
 0.239306152037 0.270276059565 0.195585285861  -0.241423125417 0.0163276374381 0.0954361163566  0.239985911176 0.0359940058891 0.0
 0.233478785389 0.26991624846 0.197940051346  -0.241490807026 0.00925741235912 0.103777429922  0.249883683695 0.0445612719669 0.0
 0.227214163675 0.269510357057 0.200553064884  -0.241582360289 0.00203936472874 0.111744911326  0.258791678962 0.0362461704112 0.0
 0.220814871502 0.269057859528 0.20345938934  -0.241762248546 -0.0055394944144 0.117458030473  0.271536147429 0.0223523226009 0.0
 0.214508590267 0.268551776099 0.206657841767  -0.242060634426 -0.0135077596965 0.120259983467  0.282097078141 0.00471965444333 0.0
 0.208264675202 0.267975583589 0.210120236161  -0.242443384666 -0.0216577710842 0.12097890265  0.29251100669 -0.000252311001002 0.0
 0.202062048326 0.267311689495 0.213817995386  -0.242935488081 -0.0304971961579 0.120475181929  0.302247178749 -0.00857323374706 0.0
 0.196307835373 0.266558058383 0.217715876123  -0.243492584102 -0.0396365266517 0.117912128638  0.30991882451 -0.0404210385775 0.0
 0.191329502658 0.265706644801 0.221785849897  -0.244470280373 -0.0494450746502 0.109544774616  0.315550578423 -0.0665199603608 0.0
 0.187290128187 0.264742638067 0.225972524831  -0.245790306178 -0.0595634714088 0.0974878805836  0.31625552058 -0.103470528427 0.0
 0.184207213498 0.26365433339 0.230205479147  -0.247412857689 -0.0698313804965 0.0805760698939  0.311799059431 -0.130315783277 0.0
 0.181662195672 0.26241643349 0.234514807052  -0.249095989067 -0.080110123106 0.0625169285738  0.325424608034 -0.129476512641 0.0
 0.179279159085 0.26099989866 0.238910612875  -0.250596880119 -0.0909610139504 0.044997878601  0.337505783594 -0.122310912659 0.0
 0.176996443048 0.259395533312 0.243332056284  -0.251861333496 -0.102534925491 0.0273128203151  0.342924296144 -0.116502898316 0.0
 0.174732744791 0.257589551642 0.247779426109  -0.253127471671 -0.114197157591 0.0114729843902  0.351255502893 -0.106788505921 0.0
 0.17239022325 0.255567139474 0.252230333288  -0.25414165133 -0.126456284417 -0.00389525766214  0.361662679876 -0.0935583732774 0.0
 0.169814658756 0.253317298582 0.256642910441  -0.25465330999 -0.139064213143 -0.0212172777341  0.372301866434 -0.0816512538984 0.0
 0.16721571056 0.250840563524 0.261005110165  -0.25482411726 -0.152466913925 -0.0439800915794  0.383877134336 -0.10362715415 0.0
 0.164779336995 0.248135708287 0.265290781739  -0.254961131177 -0.16600001557 -0.0713711119573  0.391022148175 -0.129174695145 0.0
 0.162587807401 0.245194795726 0.269461782016  -0.255388056415 -0.180196004115 -0.103196026078  0.394907206085 -0.163705943579 0.0
 0.16083742108 0.242004406305 0.273445396978  -0.256048047464 -0.19395940241 -0.13402486996  0.394767394567 -0.19478406717 0.0
 0.159407658173 0.238550655914 0.277142762241  -0.257199126955 -0.208087082888 -0.164494266355  0.389368836929 -0.212497968145 0.0
 0.157978236278 0.234829537694 0.280511329984  -0.258588849089 -0.222106758829 -0.19364284509  0.384328316872 -0.223953299536 0.0
 0.155989345863 0.230833600014 0.283506055735  -0.260143211722 -0.235950494959 -0.219186117159  0.37761003064 -0.217596431121 0.0
 0.153154080882 0.226564594303 0.286071267699  -0.261728762419 -0.249692125065 -0.241139388834  0.370109027576 -0.206747044419 0.0
 0.14944682101 0.222035928159 0.288162021558  -0.263322884311 -0.263465587324 -0.262508380522  0.365903579364 -0.199546698951 0.0
 0.144776146522 0.217258698659 0.289763613994  -0.264960930968 -0.275861703357 -0.281318532113  0.359027766882 -0.196271516236 0.0
 0.139164419984 0.212252753371 0.290850074956  -0.26643517296 -0.287018207786 -0.29870796774  0.351930444739 -0.19845205692 0.0
 0.132820629739 0.207030207655 0.291422854191  -0.267761990752 -0.297059061773 -0.314320101537  0.345724672992 -0.216440184561 0.0
 0.125800995702 0.201581531954 0.291428128925  -0.268956126765 -0.306095830361 -0.318397872742  0.33213947842 -0.235834627644 0.0
 0.118181722845 0.195911334552 0.29079292204  -0.270030849176 -0.31422892209 -0.314012630922  0.316821894215 -0.252648600777 0.0
 0.109425111915 0.190023677321 0.289510893029  -0.270998099347 -0.321548704646 -0.303545008029  0.305945159339 -0.241499125314 0.0
 0.0992759407192 0.183932703552 0.287604235174  -0.2718686245 -0.328136508947 -0.287526525638  0.292701552496 -0.237233828168 0.0
 0.0879609984864 0.17765558545 0.285038848007  -0.272652097139 -0.334065532817 -0.266742419296  0.276964124519 -0.234677112017 0.0
 0.0755753175422 0.171190138015 0.281750558667  -0.273357222513 -0.339401654301 -0.239751338088  0.255527712067 -0.221478631585 0.0
 0.0623111855781 0.164537909051 0.277625358792  -0.27399183535 -0.344204163636 -0.210626223458  0.230598577224 -0.210882050478 0.0
 0.0486434358835 0.157704672938 0.272582042147  -0.274562986903 -0.348526422037 -0.1808846598  0.198707810411 -0.214806665943 0.0
 0.0350757971373 0.150682832135 0.266550513069  -0.275077023301 -0.352416454599 -0.144757835554  0.159824302097 -0.228595230118 0.0
 0.0216503571914 0.143454344955 0.259408081002  -0.275539656059 -0.355917483904 -0.111975185869  0.120647326433 -0.227543399414 0.0
 0.0078938730733 0.135993425746 0.251119383483  -0.275956025541 -0.359068410279 -0.0847722971249  0.0822971392439 -0.216340341524 0.0
 -0.00643978828361 0.12828650641 0.241668985242  -0.276330758075 -0.361904244016 -0.0607883547158  0.0412365162286 -0.21074476891 0.0
 -0.0214989721536 0.12032375298 0.231038902233  -0.276668017356 -0.36445649438 -0.0442660976869  0.00246377369667 -0.190324138173 0.0
 -0.0374886879152 0.112093964555 0.219286509449  -0.276971550708 -0.366753519707 -0.033883983507  -0.0320680582185 -0.16617633974 0.0
 -0.0544862966128 0.103597715155 0.206498110442  -0.277244730726 -0.368972689979 -0.0263429192568  -0.0638739796693 -0.141238192945 0.0
 -0.0727557283934 0.0948363509241 0.192748507502  -0.277490592741 -0.369895762919 -0.0216273078068  -0.0921356726115 -0.104691296728 0.0
 -0.092667556377 0.0858081721447 0.178143362086  -0.277711868555 -0.369680468164 -0.0175750488328  -0.112480287169 -0.0570555003883 0.0
 -0.113925872452 0.0765230149235 0.162749643113  -0.277911016788 -0.368755585399 -0.0148102558789  -0.12879044027 -0.0218755913751 0.0
 -0.135910633481 0.0669986900031 0.146530847487  -0.278090250197 -0.367093653764 -0.0157358279128  -0.149651396243 -0.00047008351968 0.0
 -0.158190039361 0.0572305974749 0.129523271385  -0.278251560266 -0.364529358969 -0.0189854135143  -0.172062620255 0.0155897453451 0.0
 -0.180436390644 0.0472041427324 0.111773464271  -0.278396739327 -0.360849242373 -0.0206825760371  -0.194778176411 0.0229923092721 0.0
 -0.202212229802 0.0369014379597 0.0932859405263  -0.278527400483 -0.356072090477 -0.0254321166689  -0.219767631497 0.0251674373193 0.0
 -0.223353396826 0.0262897283807 0.0741219419415  -0.278644995523 -0.350161383314 -0.0326219314692  -0.244439959257 0.0386635141002 0.0
 -0.244010945757 0.0153285954585 0.0543736228562  -0.278750831059 -0.343219228448 -0.0405120206391  -0.264463236058 0.0629894703825 0.0
 -0.264244567179 0.00399594356199 0.0341362253986  -0.278102371167 -0.335019767782 -0.0530599746933  -0.275211457907 0.104754625908 0.0
 -0.283853695244 -0.00772255092907 0.0135397375637  -0.276950527966 -0.326411413409 -0.0639311924139  -0.288339403025 0.127599676138 0.0
 -0.302271194487 -0.0198260255634 -0.00740007945353  -0.275696604943 -0.317111675814 -0.0730248395707  -0.304700008177 0.128929452114 0.0
 -0.319366297639 -0.0323334646821 -0.0286799518464  -0.274164185752 -0.307254369095 -0.0828968857248  -0.321424552814 0.133972404338 0.0
 -0.33517143045 -0.0452714292478 -0.0502279536415  -0.272417330698 -0.297092089489 -0.0918968020622  -0.335567552078 0.144921317751 0.0
 -0.3497244235 -0.0586667399842 -0.0719933579968  -0.27062511157 -0.286466930931 -0.0976568725273  -0.34975079687 0.161185596232 0.0
 -0.362567950536 -0.0725345463539 -0.0939772499495  -0.268789279335 -0.275591088746 -0.100846306103  -0.362515717183 0.162361908404 0.0
 -0.372983910951 -0.086889830527 -0.11617223943  -0.266538161212 -0.264337783819 -0.103256497127  -0.369640509101 0.162779563717 0.0
 -0.380473623412 -0.101746805257 -0.138505778502  -0.263473186627 -0.252460751402 -0.103200889608  -0.382052821828 0.168283658628 0.0
 -0.384417900704 -0.117098248665 -0.160824474572  -0.260483518169 -0.239870516766 -0.101386362596  -0.395042085099 0.152724523534 0.0
 -0.3846438616 -0.132931134123 -0.182980923262  -0.257742678678 -0.226911163194 -0.0997149300188  -0.403823331135 0.132952071181 0.0
 -0.381564724628 -0.149233206371 -0.204859613943  -0.255490401841 -0.213554926803 -0.0991312390883  -0.408635543476 0.124131223037 0.0
 -0.375804354451 -0.165988759376 -0.22641483161  -0.253636049827 -0.200176122723 -0.0978387519267  -0.40969380731 0.127730921246 0.0
 -0.367626543983 -0.183180887345 -0.247647435191  -0.252008914581 -0.186830435539 -0.0941438679116  -0.410100790216 0.135457829121 0.0
 -0.356847450798 -0.200791137275 -0.268550852189  -0.250580703549 -0.173160242781 -0.0870210039436  -0.409194347558 0.136001789799 0.0
 -0.343183234393 -0.218804441352 -0.289117356445  -0.249429014632 -0.159361090445 -0.0789610209255  -0.410924003711 0.128799046717 0.0
 -0.326507720387 -0.237210002983 -0.30936044789  -0.24837578198 -0.144956588171 -0.0701343472948  -0.415935239704 0.115906321532 0.0
 -0.306945390131 -0.25599098314 -0.329278882344  -0.247079692877 -0.129751379835 -0.055094061779  -0.421899897551 0.10045671502 0.0
 -0.284521333539 -0.275131717791 -0.348780703619  -0.245356125138 -0.114916588289 -0.0415578048147  -0.396904453251 0.103859761467 0.0
 -0.259528104895 -0.294621245053 -0.367813166292  -0.243498516023 -0.100744174722 -0.0293751735469  -0.386954007926 0.119101990448 0.0
 -0.232081286589 -0.314439746211 -0.386441239807  -0.242141422282 -0.0864761517156 -0.0184108054059  -0.38472587986 0.11935845807 0.0
 -0.202264645048 -0.334568066393 -0.404668897557  -0.240936750542 -0.0724257751695 -0.00854287407896  -0.36853874642 0.127922612263 0.0
 -0.170772536648 -0.355002284092 -0.422474495592  -0.240365066519 -0.0587596837895 0.000338264115283  -0.352879417232 0.158066248473 0.0
 -0.138064629523 -0.375729492332 -0.439948933078  -0.240307362686 -0.0455631766332 0.0083312884901  -0.343331475509 0.194810905677 0.0
 -0.104192841651 -0.396737205808 -0.45720826522  -0.240940646918 -0.0319147662866 0.0155250104274  -0.34092014614 0.205445199724 0.0
 -0.0687086776729 -0.417999606478 -0.474180421138  -0.241797502814 -0.0187060521573 0.021999360171  -0.312386313344 0.193862218213 0.0
 -0.0314346918252 -0.439491489625 -0.490747207817  -0.242674519753 -0.00677040560529 0.0278262749403  -0.278342227464 0.180232406649 0.0
 0.0073195779811 -0.461199663174 -0.506894587521  -0.243686670017 0.00393793240757 0.0330704982326  -0.2484298229 0.178863012138 0.0
 0.0474260124948 -0.483107502248 -0.52266814567  -0.244784229583 0.0135473167159 0.0377902991957  -0.22132684061 0.170579275026 0.0
 0.0889629928824 -0.505195620963 -0.538103495859  -0.245902948766 0.0221676426901 0.0420381200625  -0.198206883821 0.156713655216 0.0
 0.131996557499 -0.527447713613 -0.553210302306  -0.246968290222 0.0299259360669 0.0458611588426  -0.176308013621 0.141670494823 0.0
