 0.293374032891 -0.46203056134 0.27625610478  -0.704679689024 0.0761808736454 -0.0259912420382  0.099644012945 0.103986486486 0.0
 0.293338713745 -0.462022898706 0.276277368424  -0.704897037925 0.07578147693 -0.0268670382166  0.112265372168 0.100608108108 0.0
 0.293170504435 -0.462030429325 0.27636224132  -0.705374090896 0.0747740475924 -0.0297253184713  0.119093851133 0.0968918918919 0.0
 0.29288229596 -0.462012861516 0.276511251786  -0.706031933569 0.0730462238856 -0.0347261146497  0.128475728155 0.0915202702703 0.0
 0.292361091214 -0.462032215379 0.276721832341  -0.706623991975 0.0706113925818 -0.0430086783439  0.137566666667 0.0873614864865 0.0
 0.291628206261 -0.462109563117 0.27696121489  -0.70715684454 0.067559805329 -0.0524136226115  0.140894142395 0.0788888513514 0.0
 0.290781789594 -0.46223166656 0.277201094369  -0.707636411848 0.0641263027315 -0.0615946329618  0.144536119741 0.0739661824324 0.0
 0.289662059972 -0.462428509034 0.277440634592  -0.708068022426 0.0603267324517 -0.0701362046975  0.151697394498 0.0735898344595 0.0
 0.288210931557 -0.462671778288 0.277679827797  -0.708456471946 0.0562032872257 -0.0788188421895  0.156524418803 0.0732511212838 0.0
 0.286335966492 -0.462944287308 0.277925654681  -0.708806076514 0.0515816737305 -0.0873099675247  0.161192365272 0.070243576723 0.0
 0.284141423827 -0.46316983208 0.278163399782  -0.709120720625 0.046746319451 -0.0960268210907  0.166040766285 0.0614557055372 0.0
 0.28146299962 -0.463348910364 0.278385389782  -0.709403900325 0.0416934616093 -0.104110842803  0.167815330433 0.0521952701186 0.0
 0.278072857981 -0.463476841632 0.27858189048  -0.709658762055 0.036355475073 -0.107883277631  0.177503053053 0.0512933106743 0.0
 0.273829387969 -0.463540310086 0.278760066058  -0.709888137612 0.0305988796381 -0.107735475346  0.186545628007 0.0579139796069 0.0
 0.268716597642 -0.463453064221 0.278922493479  -0.710094575613 0.0245018449868 -0.10290500106  0.194683945465 0.0638725816462 0.0
 0.262847701228 -0.463146339937 0.279083411996  -0.710280369814 0.0179811097116 -0.0969652175142  0.204597427941 0.0624785667248 0.0
 0.256435801492 -0.462501525961 0.279216335841  -0.710447584595 0.0112186930763 -0.0902659091386  0.211577814597 0.0558185478902 0.0
 0.24956443673 -0.4614841592 0.279330853532  -0.710598077898 0.00416893861618 -0.085351181282  0.221743657733 0.053878584993 0.0
 0.242301692344 -0.460061830968 0.279412739538  -0.710733521871 -0.00320086553479 -0.0804502192048  0.228303919791 0.0467272129802 0.0
 0.234547843916 -0.458255306847 0.279472624123  -0.710855421446 -0.0109871916726 -0.0744071877302  0.237444401599 0.0429936808714 0.0
 0.226408122295 -0.456030702153 0.279512523155  -0.710965131064 -0.019075770014 -0.0685305613138  0.244699961439 0.0436875560275 0.0
 0.21797035803 -0.453384253794 0.279535258115  -0.71106386972 -0.0276570210765 -0.0624852281124  0.252200839081 0.0355282598842 0.0
 0.209116025411 -0.45037274819 0.279543670321  -0.711152734511 -0.0368632215496 -0.0537402881037  0.267042243846 0.0403470555174 0.0
 0.200021780929 -0.446985139684 0.279526416204  -0.711232712822 -0.0466207045561 -0.0432026446436  0.276192388394 0.0311704580738 0.0
 0.191100981137 -0.44310270648 0.279460448704  -0.711304693302 -0.0565894574722 -0.037420994829  0.281191272532 0.00466827713126 0.0
 0.182312981241 -0.438766625554 0.279346778518  -0.711369475735 -0.0668097989554 -0.035083752034  0.291191886379 -0.0103999019332 0.0
 0.173347221437 -0.434019888272 0.279174351148  -0.711427779924 -0.0775610054078 -0.0331394691873  0.305046807773 -0.0111234252534 0.0
 0.16396394744 -0.428902983418 0.278922652636  -0.711480253694 -0.0888039552524 -0.0288020350074  0.312338243501 -0.00907189353888 0.0
 0.154068547315 -0.423405267314 0.278575844043  -0.711527480087 -0.100467130278 -0.0220719111245  0.325373027565 -0.00384713661743 0.0
 0.143521459391 -0.417575442585 0.278112978667  -0.711569983841 -0.112704016848 -0.0100832709674  0.334838961054 0.000855144611885 0.0
 0.132368447471 -0.411448743373 0.277494987968  -0.711608237219 -0.125094155885 0.00683707842229  0.336885809286 0.00914125177232 0.0
 0.120773333995 -0.405016035985 0.276688590131  -0.71164266526 -0.137672495854 0.0270016986055  0.336786225121 0.0132203698383 0.0
 0.108962366596 -0.398190347154 0.27567617401  -0.711673650496 -0.150146504229 0.0478568631399  0.336372974777 0.0162159004221 0.0
 0.0970174139825 -0.390872803668 0.274446388511  -0.711701537209 -0.162308761414 0.0676217341507  0.339560920018 0.0128307968663 0.0
 0.084831588613 -0.382957237539 0.273001608873  -0.711726635251 -0.17457308134 0.0811505639204  0.350844310217 0.0145139333959 0.0
 0.072169398676 -0.374441633376 0.271340671996  -0.711749223488 -0.18721134912 0.0881115425602  0.353232371104 0.0119747022185 0.0
 0.059177887093 -0.365299631068 0.269439049155  -0.711769552902 -0.199797945187 0.0954512641004  0.353116253735 0.00631101578043 0.0
 0.0457812489932 -0.355545159608 0.267283392276  -0.711787849374 -0.212298934939 0.102017204569  0.355277120271 0.0086461304186 0.0
 0.0318670996412 -0.345200911669 0.264851591225  -0.711804316199 -0.224770359733 0.112186105131  0.353014780412 0.016828814674 0.0
 0.0171444123993 -0.334310183762 0.262107718921  -0.711819136342 -0.237326895428 0.120462319459  0.345800681012 0.0410851223958 0.0
 0.00111864498843 -0.322979615002 0.259036372102  -0.71183247447 -0.250077336262 0.12938384229  0.340602489933 0.0852130966427 0.0
 -0.0161707795531 -0.311200202501 0.25560861102  -0.711844478785 -0.262664340653 0.13625875424  0.328157127671 0.108036381573 0.0
 -0.0340730978642 -0.298776054593 0.25182116417  -0.711855282669 -0.274629444964 0.141570378816  0.32019254759 0.10357733801 0.0
 -0.0516940420246 -0.285437812258 0.247690232746  -0.711865006165 -0.285398038843 0.143325363227  0.319820542022 0.0813209555607 0.0
 -0.0685740215967 -0.271083516785 0.243242577401  -0.711873757311 -0.295089773334 0.151314084866  0.315602241865 0.0693983194641 0.0
 -0.084972772247 -0.255793536223 0.238459377782  -0.711881633342 -0.303812334376 0.16690361587  0.308893150365 0.0579922713014 0.0
 -0.101303927294 -0.239745251655 0.233307146668  -0.711888721771 -0.311662639314 0.185790881671  0.294440728532 0.070699800928 0.0
 -0.117674977312 -0.222946594507 0.227797453429  -0.711895101356 -0.318727913759 0.198410440001  0.292760409724 0.0740284694839 0.0
 -0.133490452921 -0.205255878633 0.221987300914  -0.711900842983 -0.325086660758 0.213868360969  0.30386948202 0.0486458928058 0.0
 -0.147929392529 -0.186695197282 0.215900564333  -0.711906010447 -0.330809533058 0.22778048984  0.314838520873 -0.00798220998832 0.0
 -0.160270051976 -0.167487743869 0.209407137878  -0.711910661165 -0.335960118128 0.240301405825  0.301409684967 -0.0271907457462 0.0
 -0.171756510629 -0.148158952381 0.202379396093  -0.711914846811 -0.340595644691 0.25157023021  0.269259007733 -0.0262351846851 0.0
 -0.182844436052 -0.128865011279 0.194762412667  -0.711918613892 -0.344767618597 0.264060898272  0.221553171684 -0.0253751797301 0.0
 -0.192825350223 -0.109760911428 0.186486642512  -0.711922004265 -0.348522395113 0.26972925112  0.166967433804 -0.0455471212166 0.0
 -0.201851648218 -0.0910021213423 0.177554695712  -0.711925055601 -0.351901693977 0.267426310084  0.120752891071 -0.0637018685544 0.0
 -0.210292183898 -0.0725787653607 0.1680155545  -0.711927801804 -0.354943062955 0.259461943407  0.0878976666886 -0.0645006006179 0.0
 -0.218198447483 -0.0543007871808 0.157940117511  -0.711930273386 -0.357680295035 0.249348153525  0.0583279647447 -0.0699491892047 0.0
 -0.225653247692 -0.0359278423838 0.147385208285  -0.71193249781 -0.360143803907 0.237100838173  0.0365696019272 -0.0701231892032 0.0
 -0.23257093975 -0.0172877371028 0.136393074523  -0.711934499791 -0.362360961892 0.225919018687  0.0163398262005 -0.0756851946072 0.0
 -0.238709494532 0.00180116451778 0.1249919215  -0.711936301575 -0.364356404079 0.216930221913  -0.000896098167139 -0.0887991075789 0.0
 -0.244067783434 0.0214630314611 0.11320034807  -0.71193792318 -0.366152302046 0.209397629658  -0.0170556792889 -0.0904664941183 0.0
 -0.24905756733 0.0416667693861 0.101021287735  -0.711939382624 -0.367768610217 0.200946322107  -0.0332174252759 -0.0784536284903 0.0
 -0.25374984139 0.0623405326971 0.0884436900916  -0.711940696124 -0.3698126072 0.188403839577  -0.0519701164053 -0.0642636710466 0.0
 -0.257778218409 0.0835248565596 0.0754835089927  -0.711941878274 -0.370833860166 0.173333758167  -0.0717601597809 -0.0818981147528 0.0
 -0.261371661869 0.10521533515 0.062154608588  -0.711942942209 -0.37076427149 0.158377372797  -0.089571198819 -0.0802015465207 0.0
 -0.264802257581 0.127297850709 0.0484573217147  -0.711943899751 -0.369592827025 0.14423987437  -0.109484629099 -0.0779989594362 0.0
 -0.268161228507 0.149632732933 0.0343863233739  -0.711944761538 -0.367510708885 0.13175497929  -0.133555583665 -0.0793950094386 0.0
 -0.271437506624 0.172106079581 0.0199348035151  -0.711945537147 -0.364095075378 0.117851376266  -0.157484814942 -0.0826784814677 0.0
 -0.274502332322 0.194642103149 0.00511999416391  -0.711946235195 -0.359398281503 0.103745776856  -0.181933744451 -0.0910390116993 0.0
 -0.277397241076 0.217143545751 -0.0100496294367  -0.711946863438 -0.353593131043 0.0855172978961  -0.203937781009 -0.0911310564753 0.0
 -0.280002502358 0.239500754095 -0.0255458138754  -0.711947428856 -0.347282024843 0.0650511572784  -0.224712287698 -0.0952679508278 0.0
 -0.282143145958 0.261579255433 -0.0413505549298  -0.711947937733 -0.340247432011 0.0392271721239  -0.245351091291 -0.096964128718 0.0
 -0.283727606447 0.283202661038 -0.0574358682451  -0.711948395722 -0.332673420572 0.0159855854847  -0.257453522615 -0.0910582563867 0.0
 -0.284375405617 0.304223499766 -0.0737559677831  -0.711948807913 -0.324337426967 -0.00493184249051  -0.269640209188 -0.0843916199372 0.0
 -0.283908872689 0.324509587131 -0.0902911395702  -0.711949178884 -0.315231859893 -0.0237575276682  -0.287727968205 -0.0804186741597 0.0
 -0.282316701455 0.343917875756 -0.10706635014  -0.711949512758 -0.305196273055 -0.0407006443281  -0.312421190802 -0.0585997797167 0.0
 -0.279472873706 0.362255193741 -0.124096347744  -0.711949813245 -0.294309703508 -0.0559494493221  -0.335939589521 -0.0450438557991 0.0
 -0.275141599031 0.37929039742 -0.14136025842  -0.711587835515 -0.282590217908 -0.0696733738166  -0.357106148368 -0.0260867675165 0.0
 -0.268957814344 0.394821670829 -0.158807924228  -0.710646233673 -0.270176967539 -0.0820249058617  -0.374537928353 -0.0218632259 0.0
 -0.260709529755 0.408714615292 -0.176412044993  -0.708968407753 -0.256619833851 -0.0931412847023  -0.386343035194 0.00693796155488 0.0
 -0.250215141388 0.420833945458 -0.194140788911  -0.706965149612 -0.242776138925 -0.103146025659  -0.400851126497 0.00515632756156 0.0
 -0.237034590216 0.431207104895 -0.211963215147  -0.705198442102 -0.228769500343 -0.11215029252  -0.396756305109 0.000850154264861 0.0
 -0.221594923001 0.43981831287 -0.229808950364  -0.703733798939 -0.214870374015 -0.120254132694  -0.389187470715 0.0199475712708 0.0
 -0.204195234342 0.446803631841 -0.247654890132  -0.702359889606 -0.201364065024 -0.13041383089  -0.375579403255 0.0411893006302 0.0
 -0.185024375119 0.452290850296 -0.265500154984  -0.701271056997 -0.188585551494 -0.134183355444  -0.358801398205 0.0603068570537 0.0
 -0.163815340274 0.456444147877 -0.283369106765  -0.700338478564 -0.176210685318 -0.131763825632  -0.3479083134 0.0579180632402 0.0
 -0.140379815453 0.459326701688 -0.301277778578  -0.699563248034 -0.164361094834 -0.127954083197  -0.340046284649 0.0557681488081 0.0
 -0.114727784418 0.460930921765 -0.319249610008  -0.698993720678 -0.152721711973 -0.123689327743  -0.334588581751 0.0484278204138 0.0
 -0.0869413959682 0.461235716607 -0.337296987475  -0.698606539654 -0.141159796613 -0.119134487325  -0.322233283446 0.0438485518859 0.0
 -0.0571405321945 0.460269968062 -0.355424246582  -0.698283155452 -0.129871489837 -0.113801054516  -0.312408013354 0.0363488318324 0.0
 -0.0254072158487 0.458090205536 -0.37363539062  -0.698237323815 -0.118513823593 -0.111071028683  -0.303565270271 0.0208153000005 0.0
 0.00820456168598 0.454737447384 -0.391950253348  -0.698157064 -0.107465200702 -0.10921113919  -0.297548549069 0.0102134997302 0.0
 0.0435293802847 0.450188574678 -0.41038578025  -0.698006807484 -0.0967701273975 -0.106542015717  -0.291486250797 0.00337458218963 0.0
 0.0804281817715 0.444395051406 -0.428962864326  -0.697885509242 -0.0860860204783 -0.10457770268  -0.289266428306 -0.00210476792122 0.0
 0.118764917247 0.437254597528 -0.447742081605  -0.697681598996 -0.0752833060408 -0.101575744514  -0.310893183534 -0.0151442911291 0.0
 0.15811181772 0.428653585097 -0.466670555728  -0.697509225871 -0.0642034728113 -0.097918568152  -0.297023929905 -0.00660959174592 0.0
 0.198236657986 0.418633000042 -0.485742516189  -0.69752685457 -0.0533630048733 -0.0951048164323  -0.301693705199 -0.00906349743619 0.0
 0.238962576896 0.407242087491 -0.504964408206  -0.697682046617 -0.0423385689821 -0.0912587456171  -0.299424011055 0.000214473929047 0.0
 0.280128383226 0.394537827191 -0.52433916292  -0.698072506653 -0.0311373899969 -0.082860976151  -0.292203292797 0.00788897248209 0.0
 0.321770402918 0.380604662611 -0.543852078763  -0.698657988732 -0.0201737459587 -0.0731931110199  -0.285704646365 0.0161473725312 0.0
